2500
64577 1 4313
64578 2 2156
64579 3 3226
64580 4 5013
64581 5 2003
64582 6 6014
64583 7 2359
64584 8 4619
64585 9 8280
64586 10 2003
64587 11 5610
64588 12 6080
64589 13 2330
64590 14 5341
64591 15 2734
64592 16 5427
64593 17 2003
64594 18 4442
64595 19 4295
64596 20 5490
64597 21 8102
64598 22 1956
64599 23 5772
64600 24 6261
64601 25 7290
64602 26 2222
64603 27 4184
64604 28 3749
64605 29 4840
64606 30 4726
64607 31 2851
64608 32 9680
64609 33 5196
64610 34 2540
64611 35 8655
64612 36 2003
