2500
64577 1 2144
64578 2 4104
64579 3 4857
64580 4 4714
64581 5 5210
64582 6 7383
64583 7 8489
64584 8 2169
64585 9 3771
64586 10 3411
64587 11 4960
64588 12 5271
64589 13 5399
64590 14 5100
64591 15 3807
64592 16 4375
64593 17 2803
64594 18 4621
64595 19 2291
64596 20 4714
64597 21 5389
64598 22 2449
64599 23 2895
64600 24 6360
64601 25 2227
64602 26 3204
64603 27 4735
64604 28 6755
64605 29 6136
64606 30 6904
64607 31 4865
64608 32 5260
64609 33 1840
64610 34 7211
64611 35 3882
64612 36 7874
64613 37 1049
64614 38 3450
64615 39 6961
64616 40 6713
64617 41 2196
64618 42 1840
64619 43 5203
64620 44 2369
64621 45 3281
64622 46 3649
64623 47 0
64624 48 4085
64625 49 4103
64626 50 2643
64627 51 4787
64628 52 6698
64629 53 4804
64630 54 2283
64631 55 6985
64632 56 2170
64633 57 3889
64634 58 4675
64635 59 4021
64636 60 6050
64637 61 4298
64638 62 1678
64639 63 5054
64640 64 4074
64641 65 2522
64642 66 3959
64643 67 4420
64644 68 6110
64645 69 2197
64646 70 6806
64647 71 5924
64648 72 2594
64649 73 2713
64650 74 4561
64651 75 2519
64652 76 4909
64653 77 6992
64654 78 8865
64655 79 2188
64656 80 2958
64657 81 2888
64658 82 4371
64659 83 5494
64660 84 2473
64661 85 2513
64662 86 8489
64663 87 1830
64664 88 5448
64665 89 4803
64666 90 0
64667 91 3266
64668 92 6576
64669 93 4771
64670 94 0
64671 95 2726
64672 96 3424
64673 97 4079
64674 98 2020
64675 99 5470
64676 100 2386
64677 101 7460
64678 102 2118
64679 103 3167
64680 104 2680
64681 105 2210
64682 106 4668
64683 107 3859
64684 108 2070
64685 109 1309
64686 110 2711
64687 111 0
64688 112 2259
64689 113 4126
64690 114 4081
64691 115 3482
64692 116 4501
64693 117 1702
64694 118 5422
64695 119 2361
64696 120 5092
64697 121 3885
64698 122 4593
64699 123 4558
64700 124 0
64701 125 5520
64702 126 1320
64703 127 6323
64704 128 2227
64705 129 3202
64706 130 2806
64707 131 2135
64708 132 3466
64709 133 3662
64710 134 2556
64711 135 1721
64712 136 4533
64713 137 0
64714 138 2933
64715 139 3179
64716 140 3875
64717 141 3688
64718 142 4419
64719 143 6058
64720 144 3424
64721 145 3955
64722 146 3806
64723 147 8072
64724 148 2003
