2500
64336 3 81
64577 4 1167
64578 5 3684
64579 6 3755
64580 7 4018
64581 8 3809
64582 9 4921
64583 10 6496
64584 11 5743
64585 12 2492
64586 13 2700
64587 14 2603
64588 15 6225
64589 16 1232
64590 17 5600
64591 18 7042
64592 19 0
64593 20 2318
64594 21 5647
64595 22 3890
64596 23 1364
64597 24 3230
64598 25 3473
64599 26 2880
64600 27 4370
64601 28 0
64602 29 2399
64603 30 5045
64604 31 5337
64605 32 4034
64606 33 5301
64607 34 0
64608 35 2758
64609 36 3393
64610 37 1545
64611 38 5627
64612 39 4108
64613 40 2886
64614 41 5121
64615 42 3034
64616 43 6282
64617 44 4363
64618 45 2076
64619 46 3958
64620 47 4067
64621 48 4991
64622 49 4522
64623 50 3536
64624 51 6742
64625 52 8192
64626 53 4018
64627 54 2775
64628 55 2420
64629 56 5779
64630 57 8475
64631 58 4155
64632 59 3435
64633 60 2609
64634 61 3076
64635 62 0
64636 63 3275
64637 64 5830
64638 65 3819
64639 66 8675
64640 67 5758
64641 68 6275
64642 69 3992
64643 70 4083
64644 71 2951
64645 72 3333
64646 73 4914
64647 74 4312
64648 75 1727
64649 76 2230
64650 77 4096
64651 78 4749
64652 79 1297
64653 80 5256
64654 81 2513
64655 82 4997
64656 83 2674
64657 84 4828
64658 85 2235
64659 86 5123
64660 87 6022
64661 88 1248
64662 89 3092
64663 90 2145
64664 91 3868
64665 92 2588
64666 93 2092
64667 94 6104
64668 95 4722
64669 96 2144
64670 97 2521
64671 98 7295
64672 99 2919
64673 100 3104
64674 101 5115
64675 102 4578
64676 103 1985
64677 104 4323
64678 105 6982
64679 106 8682
64680 107 4359
64681 108 2483
64682 109 3175
64683 110 7431
64684 111 0
64685 112 5675
64686 113 5830
64687 114 4238
64688 115 2507
64689 116 4293
64690 117 2546
64691 118 4464
64692 119 2157
64693 120 3025
64694 121 3119
64695 122 5113
64696 123 1514
64697 124 6788
64698 125 1425
64699 126 2447
64700 127 5237
64701 128 4522
64702 129 2446
64703 130 3205
64704 131 2440
64705 132 5758
64706 133 2235
64707 134 2319
64708 135 4952
64709 136 3884
64710 137 2839
64711 138 5510
64712 139 1454
64713 140 4999
64714 141 3991
64715 142 3897
64716 143 2106
64717 144 5548
64718 145 0
64719 146 2198
64720 147 2661
64721 148 3906
64722 149 7756
64723 150 8875
64724 151 1666
64725 152 4766
64726 153 5613
64727 154 2003
64858 155 1361
64859 156 1361
64860 157 1441
64861 158 1463
64862 159 1562
64863 160 1516
64864 161 1359
64865 162 1365
64866 163 979
64867 164 1029
64868 165 1196
64869 166 1194
64870 167 1329
64871 168 1381
64872 169 1292
64873 170 1306
64874 171 1535
64875 172 1541
64876 173 1355
64877 174 1355
64878 175 1530
64879 176 1537
64880 177 1348
64881 178 1382
64882 179 1368
64883 180 1362
64884 181 1139
64885 182 1153
64886 183 1638
64887 184 1665
64888 185 1665
64889 186 1672
