2500
64336 3 81
64577 4 4149
64578 5 8566
64579 6 3219
64580 7 2000
64581 8 3572
64582 9 5050
64583 10 2946
64584 11 2508
64585 12 2863
64586 13 4022
64587 14 2191
64588 15 3351
64589 16 4789
64590 17 3175
64591 18 5582
64592 19 9793
64593 20 5607
64594 21 4277
64595 22 2244
64596 23 6588
64597 24 4932
64598 25 6942
64599 26 2497
64600 27 7333
64601 28 0
64602 29 3419
64603 30 4684
64604 31 4528
64605 32 2677
64606 33 6419
64607 34 0
64608 35 2792
64609 36 4620
64610 37 2521
64611 38 6494
64612 39 2406
64613 40 6351
64614 41 4926
64615 42 1740
64616 43 2252
64617 44 7579
64618 45 8045
64619 46 2943
64620 47 2975
64621 48 6007
64622 49 2458
64623 50 3220
64624 51 2597
64625 52 6013
64626 53 3595
64627 54 7067
64628 55 5078
64629 56 4567
64630 57 1792
64631 58 4798
64632 59 2559
64633 60 2777
64634 61 4258
64635 62 2290
64636 63 6836
64637 64 2778
64638 65 4879
64639 66 1493
64640 67 2675
64641 68 4284
64642 69 1925
64643 70 2178
64644 71 4900
64645 72 0
64646 73 3375
64647 74 4638
64648 75 2979
64649 76 2708
64650 77 3522
64651 78 2449
64652 79 4695
64653 80 2096
64654 81 3717
64655 82 3802
64656 83 4718
64657 84 1696
64658 85 5667
64659 86 8587
64660 87 4734
64661 88 2532
64662 89 3270
64663 90 7785
64664 91 0
64665 92 8144
64666 93 1723
64667 94 4883
64668 95 2492
64669 96 7551
64670 97 5662
64671 98 4190
64672 99 1814
64673 100 2163
64674 101 7591
64675 102 1688
64676 103 4714
64677 104 6521
64678 105 2194
64679 106 3411
64680 107 2742
64681 108 2806
64682 109 2894
64683 110 4289
64684 111 1721
64685 112 2721
64686 113 5947
64687 114 3236
64688 115 7225
64689 116 8008
64690 117 3882
64691 118 6158
64692 119 5460
64693 120 2782
64694 121 6979
64695 122 2248
64696 123 9822
64697 124 0
64698 125 5375
64699 126 3881
64700 127 2705
64701 128 9099
64702 129 3668
64703 130 6053
64704 131 2151
64705 132 1444
64706 133 5022
64707 134 2421
64708 135 9222
64709 136 2492
64710 137 6863
64711 138 7225
64712 139 0
64713 140 6225
64714 141 2993
64715 142 7076
64716 143 4703
64717 144 2003
64858 145 1361
64859 146 1361
64860 147 1441
64861 148 1463
64862 149 1562
64863 150 1516
64864 151 1359
64865 152 1365
64866 153 979
64867 154 1029
64868 155 1196
64869 156 1194
64870 157 1329
64871 158 1381
64872 159 1292
64873 160 1306
64874 161 1535
64875 162 1541
64876 163 1355
64877 164 1355
64878 165 1530
64879 166 1537
64880 167 1348
64881 168 1382
64882 169 1368
64883 170 1362
64884 171 1139
64885 172 1153
64886 173 1638
64887 174 1665
64888 175 1665
64889 176 1672
