2500
64577 1 1123
64578 2 1584
64579 3 3847
64580 4 2688
64581 5 4980
64582 6 5368
64583 7 2314
64584 8 4410
64585 9 2850
64586 10 2351
64587 11 3338
64588 12 0
64589 13 3450
64590 14 2934
64591 15 5377
64592 16 5036
64593 17 1774
64594 18 2358
64595 19 3859
64596 20 3452
64597 21 1177
64598 22 4928
64599 23 1613
64600 24 3990
64601 25 2368
64602 26 3743
64603 27 2979
64604 28 3007
64605 29 5520
64606 30 4240
64607 31 4634
64608 32 1823
64609 33 2291
64610 34 5027
64611 35 5684
64612 36 3586
64613 37 6292
64614 38 6792
64615 39 1793
64616 40 4632
64617 41 2335
64618 42 2543
64619 43 5608
64620 44 5308
64621 45 3740
64622 46 5734
64623 47 7675
64624 48 5427
64625 49 8708
64626 50 1774
64627 51 5584
64628 52 2651
64629 53 4642
64630 54 5461
64631 55 2342
64632 56 5546
64633 57 1832
64634 58 6934
64635 59 3393
64636 60 0
64637 61 5875
64638 62 8638
64639 63 4385
64640 64 4357
64641 65 2141
64642 66 4792
64643 67 4348
64644 68 3530
64645 69 6475
64646 70 2525
64647 71 5158
64648 72 4515
64649 73 3696
64650 74 5006
64651 75 5790
64652 76 5745
64653 77 6399
64654 78 5908
64655 79 0
64656 80 3625
64657 81 2681
64658 82 4512
64659 83 4814
64660 84 1951
64661 85 5446
64662 86 3223
64663 87 6610
64664 88 1917
64665 89 3771
64666 90 4082
64667 91 3996
64668 92 2428
64669 93 5571
64670 94 0
64671 95 3290
64672 96 4193
64673 97 4305
64674 98 5472
64675 99 2654
64676 100 3626
64677 101 4801
64678 102 2542
64679 103 2766
64680 104 4801
64681 105 6748
64682 106 5912
64683 107 5427
64684 108 0
64685 109 2016
64686 110 5644
64687 111 4928
64688 112 2346
64689 113 3585
64690 114 1388
64691 115 6707
64692 116 6489
64693 117 5525
64694 118 2643
64695 119 3722
64696 120 0
64697 121 6008
64698 122 4691
64699 123 6262
64700 124 4293
64701 125 2110
64702 126 5075
64703 127 4523
64704 128 4748
64705 129 6998
64706 130 3992
64707 131 3257
64708 132 5334
64709 133 5013
64710 134 5531
64711 135 3925
64712 136 3257
64713 137 1677
64714 138 4690
64715 139 1918
64716 140 5854
64717 141 4842
64718 142 4205
64719 143 5016
64720 144 5316
64721 145 2003
