2500
64577 1 3277
64578 2 6123
64579 3 6255
64580 4 5667
64581 5 4785
64582 6 2564
64583 7 4958
64584 8 5369
64585 9 3006
64586 10 2954
64587 11 5592
64588 12 3985
64589 13 3862
64590 14 0
64591 15 1801
64592 16 3321
64593 17 2925
64594 18 4050
64595 19 7883
64596 20 2198
64597 21 5190
64598 22 2631
64599 23 4037
64600 24 2219
64601 25 6542
64602 26 5192
64603 27 2662
64604 28 3803
64605 29 4285
64606 30 5656
64607 31 2072
64608 32 5475
64609 33 2253
64610 34 3670
64611 35 6330
64612 36 4233
64613 37 2427
64614 38 3120
64615 39 3696
64616 40 2573
64617 41 2642
64618 42 3898
64619 43 2525
64620 44 5549
64621 45 6242
64622 46 4511
64623 47 3421
64624 48 0
64625 49 2908
64626 50 4387
64627 51 5550
64628 52 2920
64629 53 1811
64630 54 2961
64631 55 3219
64632 56 0
64633 57 1676
64634 58 2842
64635 59 2315
64636 60 2346
64637 61 2516
64638 62 2752
64639 63 3904
64640 64 3853
64641 65 0
64642 66 2692
64643 67 4126
64644 68 3787
64645 69 2130
64646 70 1903
64647 71 3733
64648 72 2178
64649 73 3529
64650 74 0
64651 75 3658
64652 76 2839
64653 77 4003
64654 78 4338
64655 79 2219
64656 80 2875
64657 81 2566
64658 82 3266
64659 83 6438
64660 84 3022
64661 85 5109
64662 86 3053
64663 87 2906
64664 88 4211
64665 89 0
64666 90 3108
64667 91 6096
64668 92 4470
64669 93 4939
64670 94 6052
64671 95 2143
64672 96 4234
64673 97 2615
64674 98 4157
64675 99 4109
64676 100 4918
64677 101 4634
64678 102 5666
64679 103 4691
64680 104 3311
64681 105 6858
64682 106 2551
64683 107 4014
64684 108 2345
64685 109 4443
64686 110 2265
64687 111 6675
64688 112 3918
64689 113 2842
64690 114 3275
64691 115 4017
64692 116 8242
64693 117 3619
64694 118 4695
64695 119 5645
64696 120 0
64697 121 5858
64698 122 7290
64699 123 3772
64700 124 3802
64701 125 3296
64702 126 1997
64703 127 2922
64704 128 7371
64705 129 1756
64706 130 3632
64707 131 4329
64708 132 7525
64709 133 5552
64710 134 2914
64711 135 2533
64712 136 3516
64713 137 2792
64714 138 2957
64715 139 2315
64716 140 3932
64717 141 0
64718 142 8408
64719 143 5895
64720 144 0
64721 145 6692
64722 146 6009
64723 147 7858
64724 148 3288
64725 149 4192
64726 150 4105
64727 151 4988
64728 152 6109
64729 153 2508
64730 154 4576
64731 155 2003
