2500
64577 1 962
64578 2 2452
64579 3 4664
64580 4 3854
64581 5 2989
64582 6 4458
64583 7 2853
64584 8 2756
64585 9 6267
64586 10 2421
64587 11 5091
64588 12 0
64589 13 5592
64590 14 2437
64591 15 6566
64592 16 9192
64593 17 7492
64594 18 7458
64595 19 9175
64596 20 5542
64597 21 5175
64598 22 5492
64599 23 6558
64600 24 6792
64601 25 0
64602 26 6092
64603 27 4061
64604 28 3834
64605 29 2238
64606 30 5675
64607 31 2215
64608 32 9012
64609 33 5667
64610 34 2558
64611 35 3177
64612 36 5908
64613 37 1654
64614 38 8013
64615 39 4607
64616 40 0
64617 41 5992
64618 42 2855
64619 43 3976
64620 44 8101
64621 45 2202
64622 46 4491
64623 47 6323
64624 48 9008
64625 49 3458
64626 50 5300
64627 51 4973
64628 52 2497
64629 53 2879
64630 54 4767
64631 55 3043
64632 56 4852
64633 57 0
64634 58 3442
64635 59 2896
64636 60 4140
64637 61 5505
64638 62 2136
64639 63 2852
64640 64 2497
64641 65 4249
64642 66 2929
64643 67 2732
64644 68 4293
64645 69 0
64646 70 3780
64647 71 6225
64648 72 0
64649 73 7642
64650 74 7028
64651 75 0
64652 76 6242
64653 77 3687
64654 78 5723
64655 79 1781
64656 80 2385
64657 81 5548
64658 82 6666
64659 83 5742
64660 84 2588
64661 85 4793
64662 86 2856
64663 87 2062
64664 88 4368
64665 89 5116
64666 90 4089
64667 91 1731
64668 92 2171
64669 93 3553
64670 94 6880
64671 95 5975
64672 96 1339
64673 97 3233
64674 98 2551
64675 99 5703
64676 100 3538
64677 101 2742
64678 102 6930
64679 103 4832
64680 104 1737
64681 105 2652
64682 106 4471
64683 107 5307
64684 108 6992
64685 109 3687
64686 110 3322
64687 111 0
64688 112 5708
64689 113 3187
64690 114 2392
64691 115 2658
64692 116 4446
64693 117 2041
64694 118 4154
64695 119 4684
64696 120 1777
64697 121 4606
64698 122 5187
64699 123 3958
64700 124 2604
64701 125 6377
64702 126 5081
64703 127 4148
64704 128 5797
64705 129 0
64706 130 3075
64707 131 7480
64708 132 2238
64709 133 2131
64710 134 1364
64711 135 1698
64712 136 7355
64713 137 6675
64714 138 0
64715 139 6025
64716 140 3171
64717 141 4764
64718 142 5984
64719 143 2003
