2500
64577 1 4756
64578 2 8232
64579 3 1546
64580 4 4169
64581 5 1667
64582 6 8047
64583 7 2783
64584 8 5307
64585 9 2356
64586 10 2479
64587 11 2822
64588 12 4251
64589 13 0
64590 14 3841
64591 15 6924
64592 16 4583
64593 17 2747
64594 18 4194
64595 19 4708
64596 20 2539
64597 21 9375
64598 22 4571
64599 23 2742
64600 24 4212
64601 25 4458
64602 26 3490
64603 27 0
64604 28 5819
64605 29 4128
64606 30 6108
64607 31 0
64608 32 2508
64609 33 4579
64610 34 4448
64611 35 0
64612 36 5090
64613 37 4952
64614 38 5226
64615 39 0
64616 40 3462
64617 41 2428
64618 42 3154
64619 43 4477
64620 44 0
64621 45 7571
64622 46 1918
64623 47 6292
64624 48 2030
64625 49 2840
64626 50 0
64627 51 1981
64628 52 1217
64629 53 1592
64630 54 6153
64631 55 2458
64632 56 1745
64633 57 5682
64634 58 0
64635 59 4058
64636 60 3600
64637 61 7139
64638 62 2263
64639 63 1751
64640 64 10065
64641 65 6516
64642 66 1922
64643 67 4422
64644 68 4115
64645 69 2510
64646 70 2692
64647 71 9781
64648 72 6859
64649 73 0
64650 74 3292
64651 75 7817
64652 76 2506
64653 77 6795
64654 78 9292
64655 79 9436
64656 80 3987
64657 81 5400
64658 82 2220
64659 83 3083
64660 84 6087
64661 85 4682
64662 86 5608
64663 87 7875
64664 88 6571
64665 89 7284
64666 90 8308
64667 91 2509
64668 92 5585
64669 93 0
64670 94 3192
64671 95 5092
64672 96 8057
64673 97 11358
64674 98 7564
64675 99 4857
64676 100 4130
64677 101 2608
64678 102 5768
64679 103 2921
64680 104 2526
64681 105 3698
64682 106 2740
64683 107 3591
64684 108 2708
64685 109 5165
64686 110 2093
64687 111 3629
64688 112 4249
64689 113 1949
64690 114 6857
64691 115 4769
64692 116 2598
64693 117 4182
64694 118 4475
64695 119 7145
64696 120 2553
64697 121 4238
64698 122 2167
64699 123 3049
64700 124 4262
64701 125 4609
64702 126 3559
64703 127 8542
64704 128 2538
64705 129 9044
64706 130 1466
64707 131 4672
64708 132 3563
64709 133 5708
64710 134 7592
64711 135 3540
64712 136 5115
64713 137 7095
64714 138 2003
