2500
64577 1 8281
64578 2 2100
64579 3 2555
64580 4 5863
64581 5 1812
64582 6 7407
64583 7 0
64584 8 2286
64585 9 3973
64586 10 4700
64587 11 3474
64588 12 2175
64589 13 2728
64590 14 3317
64591 15 4165
64592 16 2958
64593 17 5376
64594 18 1570
64595 19 3109
64596 20 0
64597 21 2842
64598 22 4919
64599 23 2094
64600 24 1371
64601 25 3399
64602 26 2242
64603 27 2948
64604 28 0
64605 29 2035
64606 30 4079
64607 31 5166
64608 32 4571
64609 33 5711
64610 34 3323
64611 35 3719
64612 36 0
64613 37 2508
64614 38 3427
64615 39 4250
64616 40 4486
64617 41 5008
64618 42 7627
64619 43 2713
64620 44 3206
64621 45 5434
64622 46 0
64623 47 3698
64624 48 2617
64625 49 5121
64626 50 1869
64627 51 3508
64628 52 1073
64629 53 3308
64630 54 5835
64631 55 5565
64632 56 4718
64633 57 2003
64634 58 4072
64635 59 3684
64636 60 4522
64637 61 2918
64638 62 5736
64639 63 0
64640 64 4760
64641 65 2746
64642 66 5370
64643 67 5226
64644 68 2406
64645 69 1334
64646 70 2843
64647 71 6821
64648 72 2783
64649 73 3863
64650 74 5503
64651 75 4508
64652 76 4297
64653 77 0
64654 78 2132
64655 79 2392
64656 80 3849
64657 81 1205
64658 82 3808
64659 83 2071
64660 84 4211
64661 85 4328
64662 86 5188
64663 87 1842
64664 88 4679
64665 89 4934
64666 90 2635
64667 91 2658
64668 92 4387
64669 93 4487
64670 94 2608
64671 95 5201
64672 96 2575
64673 97 5745
64674 98 2542
64675 99 4066
64676 100 4505
64677 101 4603
64678 102 5132
64679 103 4204
64680 104 2434
64681 105 3799
64682 106 5792
64683 107 0
64684 108 2408
64685 109 4333
64686 110 6665
64687 111 0
64688 112 2075
64689 113 6338
64690 114 5047
64691 115 2788
64692 116 1874
64693 117 5564
64694 118 2327
64695 119 6754
64696 120 4650
64697 121 1445
64698 122 5775
64699 123 0
64700 124 6292
64701 125 2490
64702 126 3070
64703 127 6292
64704 128 0
64705 129 2675
64706 130 5463
64707 131 2376
64708 132 4872
64709 133 7958
64710 134 0
64711 135 5425
64712 136 2389
64713 137 0
64714 138 4842
64715 139 3250
64716 140 6419
64717 141 6771
64718 142 2003
