2500
64577 1 4726
64578 2 4046
64579 3 4793
64580 4 3817
64581 5 3292
64582 6 5123
64583 7 2558
64584 8 2841
64585 9 2658
64586 10 2527
64587 11 2547
64588 12 8258
64589 13 7192
64590 14 7375
64591 15 8025
64592 16 2742
64593 17 5057
64594 18 4694
64595 19 2422
64596 20 1688
64597 21 6450
64598 22 2492
64599 23 3336
64600 24 2486
64601 25 5876
64602 26 2758
64603 27 7099
64604 28 5661
64605 29 0
64606 30 3483
64607 31 3585
64608 32 0
64609 33 3547
64610 34 3702
64611 35 3974
64612 36 6049
64613 37 2340
64614 38 4535
64615 39 2256
64616 40 6250
64617 41 6425
64618 42 0
64619 43 3775
64620 44 5489
64621 45 2622
64622 46 4371
64623 47 5842
64624 48 4252
64625 49 4513
64626 50 6525
64627 51 2614
64628 52 6045
64629 53 2830
64630 54 0
64631 55 2774
64632 56 5419
64633 57 1811
64634 58 6389
64635 59 2868
64636 60 6254
64637 61 4160
64638 62 2754
64639 63 2641
64640 64 4618
64641 65 4772
64642 66 2085
64643 67 6161
64644 68 2804
64645 69 2998
64646 70 2958
64647 71 0
64648 72 2159
64649 73 3195
64650 74 4975
64651 75 7060
64652 76 2408
64653 77 5580
64654 78 2191
64655 79 5156
64656 80 5860
64657 81 7583
64658 82 2744
64659 83 5177
64660 84 2604
64661 85 0
64662 86 3455
64663 87 3075
64664 88 4688
64665 89 3842
64666 90 4942
64667 91 2969
64668 92 2461
64669 93 3611
64670 94 0
64671 95 4275
64672 96 2303
64673 97 0
64674 98 2186
64675 99 2776
64676 100 5042
64677 101 6726
64678 102 2003
64679 103 3682
64680 104 3070
64681 105 2430
64682 106 6554
64683 107 0
64684 108 4758
64685 109 3881
64686 110 3029
64687 111 5481
64688 112 3024
64689 113 3070
64690 114 6558
64691 115 2671
64692 116 2850
64693 117 0
64694 118 9308
64695 119 2326
64696 120 6534
64697 121 8625
64698 122 2246
64699 123 3994
64700 124 3155
64701 125 5720
64702 126 2280
64703 127 4259
64704 128 2363
64705 129 8891
64706 130 5882
64707 131 6855
64708 132 2687
64709 133 7037
64710 134 2408
64711 135 6481
64712 136 4921
64713 137 0
64714 138 3458
64715 139 4952
64716 140 6114
64717 141 2854
64718 142 4493
64719 143 4864
64720 144 2958
64721 145 1548
64722 146 5006
64723 147 2221
64724 148 7204
64725 149 2003
