2500
64577 1 4434
64578 2 5838
64579 3 5347
64580 4 2448
64581 5 5280
64582 6 2557
64583 7 6634
64584 8 6260
64585 9 6883
64586 10 8717
64587 11 2404
64588 12 6157
64589 13 7358
64590 14 7404
64591 15 8792
64592 16 2651
64593 17 6851
64594 18 0
64595 19 3008
64596 20 6299
64597 21 4111
64598 22 7144
64599 23 0
64600 24 2958
64601 25 6062
64602 26 4778
64603 27 1257
64604 28 2663
64605 29 4156
64606 30 1256
64607 31 3840
64608 32 3795
64609 33 6139
64610 34 2031
64611 35 5927
64612 36 1449
64613 37 5615
64614 38 5192
64615 39 1913
64616 40 4125
64617 41 2598
64618 42 6433
64619 43 5563
64620 44 4221
64621 45 6194
64622 46 10155
64623 47 8442
64624 48 3406
64625 49 0
64626 50 1215
64627 51 3129
64628 52 2312
64629 53 5789
64630 54 7407
64631 55 2219
64632 56 4893
64633 57 7008
64634 58 4015
64635 59 7756
64636 60 4125
64637 61 6568
64638 62 7513
64639 63 7798
64640 64 11050
64641 65 2003
64642 66 7425
64643 67 4897
64644 68 2842
64645 69 7666
64646 70 6025
64647 71 4144
64648 72 5867
64649 73 2725
64650 74 2089
64651 75 4168
64652 76 6192
64653 77 5992
64654 78 0
64655 79 5142
64656 80 2442
64657 81 0
64658 82 2373
64659 83 2899
64660 84 4911
64661 85 4661
64662 86 7087
64663 87 2108
64664 88 4581
64665 89 4045
64666 90 4396
64667 91 5924
64668 92 6400
64669 93 2869
64670 94 5916
64671 95 7107
64672 96 0
64673 97 2708
64674 98 10057
64675 99 5051
64676 100 2602
64677 101 2566
64678 102 2150
64679 103 5462
64680 104 0
64681 105 4701
64682 106 2493
64683 107 4068
64684 108 8227
64685 109 0
64686 110 5158
64687 111 2122
64688 112 0
64689 113 4252
64690 114 2683
64691 115 5302
64692 116 3061
64693 117 8534
64694 118 2209
64695 119 4085
64696 120 2679
64697 121 6008
64698 122 4422
64699 123 6092
64700 124 8705
64701 125 3480
64702 126 6898
64703 127 5142
64704 128 6474
64705 129 2003
