2500
64577 1 5000
64578 2 6826
64579 3 7175
64580 4 6718
64581 5 5719
64582 6 7242
64583 7 7131
64584 8 2178
64585 9 4914
64586 10 6538
64587 11 4994
64588 12 7610
64589 13 5380
64590 14 2952
64591 15 7487
64592 16 2315
64593 17 3182
64594 18 2955
64595 19 1856
64596 20 5693
64597 21 6837
64598 22 5562
64599 23 4509
64600 24 5574
64601 25 4237
64602 26 0
64603 27 5508
64604 28 2812
64605 29 0
64606 30 3908
64607 31 2935
64608 32 9283
64609 33 9488
64610 34 2192
64611 35 1120
64612 36 4225
64613 37 4089
64614 38 2749
64615 39 4418
64616 40 3804
64617 41 7014
64618 42 5775
64619 43 4909
64620 44 5352
64621 45 5483
64622 46 5689
64623 47 0
64624 48 4892
64625 49 2598
64626 50 4156
64627 51 7093
64628 52 0
64629 53 4778
64630 54 5559
64631 55 6899
64632 56 7358
64633 57 6855
64634 58 6525
64635 59 4629
64636 60 11392
64637 61 9042
64638 62 2819
64639 63 4238
64640 64 5683
64641 65 8420
64642 66 4517
64643 67 10407
64644 68 9725
64645 69 5142
64646 70 4732
64647 71 2463
64648 72 4462
64649 73 6203
64650 74 0
64651 75 3624
64652 76 5618
64653 77 3202
64654 78 3314
64655 79 6997
64656 80 3389
64657 81 4212
64658 82 4117
64659 83 7193
64660 84 2275
64661 85 4401
64662 86 6370
64663 87 7359
64664 88 5438
64665 89 6458
64666 90 5899
64667 91 6208
64668 92 0
64669 93 7707
64670 94 6914
64671 95 2911
64672 96 8282
64673 97 4558
64674 98 4012
64675 99 3984
64676 100 7969
64677 101 3345
64678 102 0
64679 103 2675
64680 104 4537
64681 105 3880
64682 106 2755
64683 107 5350
64684 108 4836
64685 109 2747
64686 110 4230
64687 111 4427
64688 112 0
64689 113 4965
64690 114 5060
64691 115 6292
64692 116 0
64693 117 4337
64694 118 2633
64695 119 4086
64696 120 9618
64697 121 2003
