2500
64577 1 3071
64578 2 2629
64579 3 1928
64580 4 3319
64581 5 3582
64582 6 2020
64583 7 1497
64584 8 2234
64585 9 2246
64586 10 4436
64587 11 4317
64588 12 4605
64589 13 3208
64590 14 2321
64591 15 3178
64592 16 2619
64593 17 7515
64594 18 2111
64595 19 2388
64596 20 3611
64597 21 3962
64598 22 3337
64599 23 4171
64600 24 1281
64601 25 2994
64602 26 2894
64603 27 5546
64604 28 2508
64605 29 3892
64606 30 5641
64607 31 6033
64608 32 1583
64609 33 3978
64610 34 3476
64611 35 0
64612 36 3223
64613 37 3252
64614 38 3986
64615 39 4824
64616 40 0
64617 41 7083
64618 42 2458
64619 43 6201
64620 44 6235
64621 45 2291
64622 46 2475
64623 47 4808
64624 48 3856
64625 49 6958
64626 50 3454
64627 51 0
64628 52 3392
64629 53 4345
64630 54 690
64631 55 4490
64632 56 6893
64633 57 2211
64634 58 3696
64635 59 5109
64636 60 5927
64637 61 0
64638 62 6949
64639 63 2498
64640 64 2418
64641 65 4933
64642 66 5442
64643 67 5473
64644 68 6802
64645 69 5505
64646 70 2250
64647 71 1613
64648 72 4022
64649 73 4671
64650 74 2332
64651 75 3397
64652 76 2964
64653 77 3257
64654 78 10208
64655 79 1522
64656 80 3564
64657 81 4328
64658 82 0
64659 83 2725
64660 84 2032
64661 85 5495
64662 86 1574
64663 87 4454
64664 88 3174
64665 89 6309
64666 90 0
64667 91 3042
64668 92 3479
64669 93 2055
64670 94 4723
64671 95 5676
64672 96 3271
64673 97 4483
64674 98 0
64675 99 2642
64676 100 3337
64677 101 1864
64678 102 4494
64679 103 2126
64680 104 5306
64681 105 2597
64682 106 0
64683 107 2492
64684 108 2097
64685 109 4962
64686 110 3580
64687 111 6288
64688 112 2159
64689 113 1251
64690 114 7576
64691 115 1753
64692 116 4988
64693 117 4663
64694 118 2858
64695 119 5363
64696 120 4064
64697 121 4337
64698 122 6530
64699 123 5441
64700 124 2678
64701 125 2406
64702 126 7228
64703 127 2373
64704 128 3191
64705 129 1499
64706 130 5287
64707 131 2558
64708 132 7705
64709 133 2227
64710 134 3158
64711 135 2809
64712 136 5990
64713 137 5180
64714 138 4753
64715 139 4637
64716 140 2558
64717 141 3674
64718 142 6621
64719 143 3835
64720 144 4119
64721 145 4279
64722 146 8634
64723 147 2771
64724 148 2674
64725 149 2435
64726 150 6608
64727 151 7594
64728 152 2609
64729 153 3349
64730 154 6339
64731 155 0
64732 156 3318
64733 157 7262
64734 158 2003
