2500
64577 1 3417
64578 2 5528
64579 3 2930
64580 4 2399
64581 5 6319
64582 6 4457
64583 7 7533
64584 8 5873
64585 9 4490
64586 10 4132
64587 11 7178
64588 12 3066
64589 13 6496
64590 14 5894
64591 15 7614
64592 16 8542
64593 17 4048
64594 18 3099
64595 19 7031
64596 20 0
64597 21 7408
64598 22 6138
64599 23 2512
64600 24 3626
64601 25 6377
64602 26 9204
64603 27 2043
64604 28 5758
64605 29 8654
64606 30 2950
64607 31 8970
64608 32 6583
64609 33 6150
64610 34 6019
64611 35 7153
64612 36 3901
64613 37 6740
64614 38 5412
64615 39 4622
64616 40 8532
64617 41 5342
64618 42 2418
64619 43 5846
64620 44 0
64621 45 2492
64622 46 8661
64623 47 4493
64624 48 3217
64625 49 3038
64626 50 8725
64627 51 6429
64628 52 2003
64629 53 6161
64630 54 2556
64631 55 3040
64632 56 4132
64633 57 4129
64634 58 8246
64635 59 5169
64636 60 5474
64637 61 10742
64638 62 4528
64639 63 8332
64640 64 4349
64641 65 4439
64642 66 6201
64643 67 8425
64644 68 4710
64645 69 6424
64646 70 7763
64647 71 2475
64648 72 2822
64649 73 6120
64650 74 7006
64651 75 3878
64652 76 4817
64653 77 3184
64654 78 2440
64655 79 7697
64656 80 4569
64657 81 4986
64658 82 0
64659 83 2197
64660 84 4346
64661 85 7696
64662 86 2442
64663 87 3133
64664 88 4260
64665 89 2706
64666 90 3067
64667 91 1915
64668 92 6870
64669 93 7647
64670 94 4664
64671 95 5143
64672 96 5992
64673 97 3658
64674 98 3888
64675 99 7921
64676 100 6883
64677 101 0
64678 102 3725
64679 103 5367
64680 104 8427
64681 105 6992
64682 106 2642
64683 107 5030
64684 108 0
64685 109 4832
64686 110 1494
64687 111 5392
64688 112 0
64689 113 3692
64690 114 3644
64691 115 5806
64692 116 6108
64693 117 6029
64694 118 2003
