2500
64577 1 5133
64578 2 5617
64579 3 8425
64580 4 3565
64581 5 3928
64582 6 2993
64583 7 7275
64584 8 0
64585 9 1927
64586 10 2492
64587 11 6426
64588 12 6363
64589 13 0
64590 14 2030
64591 15 3211
64592 16 2981
64593 17 3768
64594 18 3561
64595 19 0
64596 20 4847
64597 21 2985
64598 22 4258
64599 23 6392
64600 24 2354
64601 25 4330
64602 26 0
64603 27 3392
64604 28 4628
64605 29 7625
64606 30 6058
64607 31 2458
64608 32 5275
64609 33 0
64610 34 4208
64611 35 6444
64612 36 2197
64613 37 5108
64614 38 6272
64615 39 1971
64616 40 4991
64617 41 5034
64618 42 4126
64619 43 2889
64620 44 2796
64621 45 3846
64622 46 2733
64623 47 5443
64624 48 2010
64625 49 4559
64626 50 1575
64627 51 3701
64628 52 2618
64629 53 4114
64630 54 2542
64631 55 3477
64632 56 0
64633 57 2990
64634 58 4556
64635 59 4353
64636 60 5625
64637 61 0
64638 62 3642
64639 63 2350
64640 64 2504
64641 65 4018
64642 66 4281
64643 67 2260
64644 68 2575
64645 69 2672
64646 70 4564
64647 71 5850
64648 72 5006
64649 73 7439
64650 74 4428
64651 75 2790
64652 76 4881
64653 77 1932
64654 78 4243
64655 79 3889
64656 80 4612
64657 81 8592
64658 82 3406
64659 83 6492
64660 84 1733
64661 85 1408
64662 86 3976
64663 87 3299
64664 88 2551
64665 89 7284
64666 90 2170
64667 91 4744
64668 92 5190
64669 93 5725
64670 94 8274
64671 95 2988
64672 96 6563
64673 97 2786
64674 98 5259
64675 99 2542
64676 100 4789
64677 101 2720
64678 102 8781
64679 103 6191
64680 104 6512
64681 105 2230
64682 106 2839
64683 107 5537
64684 108 4006
64685 109 3395
64686 110 2976
64687 111 7184
64688 112 3225
64689 113 2042
64690 114 5629
64691 115 3465
64692 116 5701
64693 117 3142
64694 118 2297
64695 119 4980
64696 120 3928
64697 121 2993
64698 122 5579
64699 123 2123
64700 124 2607
64701 125 5120
64702 126 2068
64703 127 3905
64704 128 5688
64705 129 3708
64706 130 2746
64707 131 5904
64708 132 4833
64709 133 5042
64710 134 4772
64711 135 2710
64712 136 5902
64713 137 3399
64714 138 7413
64715 139 0
64716 140 3608
64717 141 2775
64718 142 7705
64719 143 2554
64720 144 6555
64721 145 6280
64722 146 2003
