2500
64577 1 3057
64578 2 5893
64579 3 2506
64580 4 1947
64581 5 6213
64582 6 3943
64583 7 1667
64584 8 3640
64585 9 3748
64586 10 6020
64587 11 3209
64588 12 5308
64589 13 5634
64590 14 2696
64591 15 4593
64592 16 6745
64593 17 2149
64594 18 2815
64595 19 2717
64596 20 2733
64597 21 2102
64598 22 5315
64599 23 2918
64600 24 4622
64601 25 4425
64602 26 0
64603 27 5756
64604 28 4706
64605 29 4992
64606 30 3719
64607 31 8330
64608 32 2200
64609 33 2766
64610 34 4414
64611 35 6217
64612 36 5393
64613 37 0
64614 38 5525
64615 39 4034
64616 40 0
64617 41 6201
64618 42 3603
64619 43 6027
64620 44 0
64621 45 2632
64622 46 4312
64623 47 2677
64624 48 4455
64625 49 9048
64626 50 2108
64627 51 1074
64628 52 3475
64629 53 4890
64630 54 2732
64631 55 3322
64632 56 3431
64633 57 4863
64634 58 2147
64635 59 2686
64636 60 3680
64637 61 4540
64638 62 2735
64639 63 7929
64640 64 2958
64641 65 5555
64642 66 4050
64643 67 5116
64644 68 2766
64645 69 7989
64646 70 0
64647 71 2272
64648 72 3435
64649 73 4784
64650 74 2636
64651 75 2474
64652 76 6702
64653 77 2319
64654 78 2561
64655 79 5370
64656 80 2820
64657 81 3500
64658 82 5810
64659 83 1974
64660 84 1631
64661 85 6275
64662 86 3343
64663 87 4054
64664 88 5801
64665 89 0
64666 90 2789
64667 91 4875
64668 92 2509
64669 93 2852
64670 94 6508
64671 95 1766
64672 96 2750
64673 97 3457
64674 98 1962
64675 99 2654
64676 100 5138
64677 101 6225
64678 102 5710
64679 103 2456
64680 104 6252
64681 105 4055
64682 106 0
64683 107 4475
64684 108 5110
64685 109 7633
64686 110 2328
64687 111 6499
64688 112 2405
64689 113 5977
64690 114 3379
64691 115 4939
64692 116 5553
64693 117 5289
64694 118 2523
64695 119 6812
64696 120 2003
64697 121 4872
64698 122 2692
64699 123 4088
64700 124 5462
64701 125 1725
64702 126 5610
64703 127 4718
64704 128 4837
64705 129 4642
64706 130 4963
64707 131 4616
64708 132 0
64709 133 2691
64710 134 5631
64711 135 6313
64712 136 2043
64713 137 6068
64714 138 3718
64715 139 2831
64716 140 6057
64717 141 5358
64718 142 4725
64719 143 3142
64720 144 0
64721 145 5644
64722 146 2705
64723 147 9612
64724 148 2003
