2500
64577 1 2769
64578 2 3226
64579 3 3649
64580 4 6620
64581 5 2483
64582 6 2821
64583 7 8006
64584 8 3315
64585 9 2483
64586 10 3527
64587 11 3802
64588 12 4135
64589 13 4082
64590 14 1611
64591 15 4483
64592 16 1723
64593 17 6467
64594 18 8918
64595 19 3637
64596 20 5206
64597 21 5740
64598 22 3717
64599 23 6228
64600 24 8565
64601 25 4125
64602 26 5307
64603 27 4784
64604 28 0
64605 29 4258
64606 30 6628
64607 31 5005
64608 32 7151
64609 33 2293
64610 34 2299
64611 35 6193
64612 36 4971
64613 37 3974
64614 38 4896
64615 39 1903
64616 40 7957
64617 41 9775
64618 42 1670
64619 43 3878
64620 44 5178
64621 45 5575
64622 46 6412
64623 47 3019
64624 48 6858
64625 49 9892
64626 50 1630
64627 51 6393
64628 52 5219
64629 53 1863
64630 54 6183
64631 55 1452
64632 56 7101
64633 57 1404
64634 58 4527
64635 59 5130
64636 60 8092
64637 61 2376
64638 62 6080
64639 63 1743
64640 64 4736
64641 65 4194
64642 66 6044
64643 67 0
64644 68 5476
64645 69 3521
64646 70 5138
64647 71 3229
64648 72 4753
64649 73 0
64650 74 4258
64651 75 1695
64652 76 5969
64653 77 4713
64654 78 5569
64655 79 1934
64656 80 2956
64657 81 6309
64658 82 3268
64659 83 2813
64660 84 4183
64661 85 2158
64662 86 5073
64663 87 4845
64664 88 0
64665 89 5369
64666 90 3910
64667 91 2966
64668 92 5382
64669 93 6085
64670 94 2273
64671 95 5280
64672 96 3974
64673 97 4879
64674 98 3942
64675 99 3115
64676 100 6542
64677 101 3688
64678 102 7932
64679 103 7975
64680 104 3409
64681 105 6293
64682 106 7110
64683 107 8627
64684 108 1888
64685 109 2398
64686 110 4151
64687 111 7435
64688 112 1470
64689 113 2264
64690 114 3561
64691 115 1370
64692 116 1909
64693 117 6100
64694 118 4965
64695 119 6608
64696 120 4712
64697 121 7735
64698 122 2945
64699 123 2162
64700 124 4738
64701 125 3191
64702 126 6130
64703 127 1649
64704 128 4056
64705 129 4546
64706 130 0
64707 131 4308
64708 132 5101
64709 133 3473
64710 134 2003
