2500
64577 1 7522
64578 2 1914
64579 3 5630
64580 4 2688
64581 5 4076
64582 6 2667
64583 7 2611
64584 8 8989
64585 9 2981
64586 10 0
64587 11 4342
64588 12 5131
64589 13 4938
64590 14 2524
64591 15 7858
64592 16 8025
64593 17 6046
64594 18 6766
64595 19 4358
64596 20 2929
64597 21 7977
64598 22 4203
64599 23 2577
64600 24 2833
64601 25 0
64602 26 3225
64603 27 3820
64604 28 6963
64605 29 2204
64606 30 3565
64607 31 3613
64608 32 2724
64609 33 2887
64610 34 4837
64611 35 5942
64612 36 3654
64613 37 2616
64614 38 4456
64615 39 3845
64616 40 0
64617 41 4135
64618 42 2873
64619 43 5555
64620 44 5311
64621 45 2372
64622 46 2125
64623 47 4104
64624 48 1899
64625 49 2345
64626 50 2446
64627 51 4766
64628 52 8540
64629 53 6858
64630 54 5198
64631 55 2371
64632 56 3810
64633 57 4875
64634 58 3541
64635 59 4792
64636 60 0
64637 61 3608
64638 62 2596
64639 63 5274
64640 64 5760
64641 65 4621
64642 66 2195
64643 67 1527
64644 68 4923
64645 69 6156
64646 70 1786
64647 71 6258
64648 72 5883
64649 73 7249
64650 74 1880
64651 75 7047
64652 76 2368
64653 77 5970
64654 78 3628
64655 79 4334
64656 80 8106
64657 81 2592
64658 82 4172
64659 83 6100
64660 84 0
64661 85 4125
64662 86 5964
64663 87 4579
64664 88 0
64665 89 6783
64666 90 9414
64667 91 8643
64668 92 3902
64669 93 6436
64670 94 1412
64671 95 5011
64672 96 0
64673 97 7827
64674 98 6275
64675 99 2612
64676 100 3072
64677 101 6313
64678 102 0
64679 103 7703
64680 104 2720
64681 105 6382
64682 106 4411
64683 107 7083
64684 108 4858
64685 109 1335
64686 110 4157
64687 111 7530
64688 112 0
64689 113 3308
64690 114 3538
64691 115 2587
64692 116 5981
64693 117 2757
64694 118 4795
64695 119 2261
64696 120 3778
64697 121 2620
64698 122 4894
64699 123 0
64700 124 5462
64701 125 5892
64702 126 1423
64703 127 3587
64704 128 2901
64705 129 2106
64706 130 4291
64707 131 5025
64708 132 0
64709 133 3222
64710 134 1719
64711 135 4877
64712 136 4907
64713 137 0
64714 138 4508
64715 139 1920
64716 140 6707
64717 141 5782
64718 142 6325
64719 143 2003
