2500
64577 1 7989
64578 2 8378
64579 3 7845
64580 4 6626
64581 5 0
64582 6 2706
64583 7 5197
64584 8 7967
64585 9 5137
64586 10 1496
64587 11 5384
64588 12 5154
64589 13 0
64590 14 3092
64591 15 4498
64592 16 3904
64593 17 2234
64594 18 6305
64595 19 4232
64596 20 0
64597 21 2942
64598 22 6768
64599 23 8033
64600 24 4317
64601 25 6329
64602 26 0
64603 27 2304
64604 28 2662
64605 29 4228
64606 30 11378
64607 31 2223
64608 32 7525
64609 33 8690
64610 34 7258
64611 35 6240
64612 36 3383
64613 37 3909
64614 38 2984
64615 39 2251
64616 40 6388
64617 41 2647
64618 42 3437
64619 43 3761
64620 44 0
64621 45 3025
64622 46 5579
64623 47 10637
64624 48 1709
64625 49 2978
64626 50 4822
64627 51 6321
64628 52 3610
64629 53 5034
64630 54 3575
64631 55 0
64632 56 3979
64633 57 2980
64634 58 8105
64635 59 6824
64636 60 5172
64637 61 4500
64638 62 4952
64639 63 8042
64640 64 7558
64641 65 3006
64642 66 8735
64643 67 2135
64644 68 7151
64645 69 2958
64646 70 6525
64647 71 4214
64648 72 6281
64649 73 0
64650 74 2109
64651 75 4985
64652 76 4658
64653 77 7258
64654 78 2792
64655 79 5369
64656 80 5813
64657 81 4055
64658 82 4239
64659 83 0
64660 84 3675
64661 85 1371
64662 86 4511
64663 87 3368
64664 88 3555
64665 89 2868
64666 90 6849
64667 91 3137
64668 92 9747
64669 93 2195
64670 94 7242
64671 95 4950
64672 96 3891
64673 97 1930
64674 98 5751
64675 99 6591
64676 100 5892
64677 101 4729
64678 102 5192
64679 103 6533
64680 104 7542
64681 105 5804
64682 106 7142
64683 107 5396
64684 108 6458
64685 109 7282
64686 110 0
64687 111 3918
64688 112 8020
64689 113 2966
64690 114 3173
64691 115 7494
64692 116 2171
64693 117 0
64694 118 4008
64695 119 1421
64696 120 6554
64697 121 2915
64698 122 3121
64699 123 2941
64700 124 7967
64701 125 2716
64702 126 9187
64703 127 2003
