2500
64577 1 5667
64578 2 2721
64579 3 6052
64580 4 5522
64581 5 2438
64582 6 3215
64583 7 5281
64584 8 2306
64585 9 2448
64586 10 3365
64587 11 2405
64588 12 5737
64589 13 0
64590 14 6242
64591 15 6400
64592 16 3137
64593 17 5117
64594 18 4042
64595 19 5858
64596 20 2549
64597 21 2896
64598 22 4281
64599 23 2326
64600 24 6444
64601 25 6342
64602 26 6492
64603 27 6339
64604 28 2003
64605 29 6008
64606 30 3457
64607 31 6167
64608 32 3069
64609 33 3301
64610 34 2389
64611 35 3147
64612 36 0
64613 37 3575
64614 38 1240
64615 39 6670
64616 40 3289
64617 41 3281
64618 42 2848
64619 43 6443
64620 44 3060
64621 45 8457
64622 46 2161
64623 47 5208
64624 48 4347
64625 49 8141
64626 50 4395
64627 51 5287
64628 52 2578
64629 53 2889
64630 54 4863
64631 55 2471
64632 56 8038
64633 57 6825
64634 58 3756
64635 59 0
64636 60 4943
64637 61 4337
64638 62 2943
64639 63 3295
64640 64 2616
64641 65 0
64642 66 2425
64643 67 2807
64644 68 5042
64645 69 2622
64646 70 4658
64647 71 2330
64648 72 3423
64649 73 0
64650 74 5710
64651 75 5186
64652 76 4227
64653 77 4737
64654 78 5925
64655 79 0
64656 80 2425
64657 81 3580
64658 82 2929
64659 83 9079
64660 84 2868
64661 85 5386
64662 86 4158
64663 87 8473
64664 88 1733
64665 89 1614
64666 90 5313
64667 91 0
64668 92 7712
64669 93 5512
64670 94 0
64671 95 2843
64672 96 2842
64673 97 6806
64674 98 4550
64675 99 6939
64676 100 2238
64677 101 3620
64678 102 2875
64679 103 7192
64680 104 2387
64681 105 3092
64682 106 4727
64683 107 5702
64684 108 3043
64685 109 3236
64686 110 2891
64687 111 2658
64688 112 3749
64689 113 6484
64690 114 7975
64691 115 1829
64692 116 4840
64693 117 2195
64694 118 4117
64695 119 1762
64696 120 2941
64697 121 2229
64698 122 4283
64699 123 0
64700 124 2597
64701 125 3036
64702 126 3653
64703 127 2321
64704 128 3029
64705 129 2584
64706 130 1647
64707 131 4874
64708 132 5210
64709 133 5347
64710 134 0
64711 135 2592
64712 136 3587
64713 137 2484
64714 138 4891
64715 139 6567
64716 140 2261
64717 141 6602
64718 142 5895
64719 143 4630
64720 144 0
64721 145 3225
64722 146 5044
64723 147 2201
64724 148 2678
64725 149 4241
64726 150 3769
64727 151 5509
64728 152 2003
