2500
64577 1 1173
64578 2 3577
64579 3 3347
64580 4 4137
64581 5 1279
64582 6 4998
64583 7 4088
64584 8 6583
64585 9 4151
64586 10 0
64587 11 5502
64588 12 3811
64589 13 3651
64590 14 0
64591 15 2708
64592 16 4626
64593 17 3692
64594 18 3290
64595 19 3646
64596 20 0
64597 21 1866
64598 22 2241
64599 23 1213
64600 24 4390
64601 25 3641
64602 26 6057
64603 27 2246
64604 28 3485
64605 29 3578
64606 30 1766
64607 31 4317
64608 32 3656
64609 33 5909
64610 34 3633
64611 35 4604
64612 36 4084
64613 37 1822
64614 38 5363
64615 39 3685
64616 40 0
64617 41 3782
64618 42 2429
64619 43 1707
64620 44 2668
64621 45 4567
64622 46 1283
64623 47 1717
64624 48 2048
64625 49 4178
64626 50 5844
64627 51 2308
64628 52 1627
64629 53 3857
64630 54 1733
64631 55 5362
64632 56 4666
64633 57 2223
64634 58 4275
64635 59 3361
64636 60 3928
64637 61 5153
64638 62 3948
64639 63 4965
64640 64 3154
64641 65 3698
64642 66 4537
64643 67 3519
64644 68 4178
64645 69 0
64646 70 5519
64647 71 5686
64648 72 6241
64649 73 6022
64650 74 2176
64651 75 3511
64652 76 3775
64653 77 4368
64654 78 2191
64655 79 4840
64656 80 3650
64657 81 2674
64658 82 4345
64659 83 4662
64660 84 2968
64661 85 2419
64662 86 3709
64663 87 4993
64664 88 7042
64665 89 2549
64666 90 2410
64667 91 7103
64668 92 3551
64669 93 2296
64670 94 6280
64671 95 6552
64672 96 1949
64673 97 4105
64674 98 2462
64675 99 2308
64676 100 5062
64677 101 3214
64678 102 3360
64679 103 0
64680 104 3147
64681 105 3894
64682 106 2458
64683 107 4241
64684 108 2289
64685 109 4328
64686 110 0
64687 111 3408
64688 112 3710
64689 113 3883
64690 114 1771
64691 115 3176
64692 116 3982
64693 117 2444
64694 118 5558
64695 119 4392
64696 120 4464
64697 121 3679
64698 122 5638
64699 123 5321
64700 124 4825
64701 125 4324
64702 126 2558
64703 127 5158
64704 128 2311
64705 129 3058
64706 130 3460
64707 131 2468
64708 132 5408
64709 133 4675
64710 134 4296
64711 135 2358
64712 136 4294
64713 137 2678
64714 138 1898
64715 139 5944
64716 140 2149
64717 141 3528
64718 142 3422
64719 143 4248
64720 144 1727
64721 145 5832
64722 146 3949
64723 147 4767
64724 148 7142
64725 149 3254
64726 150 3342
64727 151 2408
64728 152 3647
64729 153 2852
64730 154 5392
64731 155 2260
64732 156 4242
64733 157 5375
64734 158 3852
64735 159 0
64736 160 4108
64737 161 1894
64738 162 1465
64739 163 3739
64740 164 5310
64741 165 2003
