2500
64577 1 2867
64578 2 4384
64579 3 2160
64580 4 5517
64581 5 6220
64582 6 3577
64583 7 4058
64584 8 0
64585 9 3215
64586 10 4653
64587 11 2535
64588 12 1343
64589 13 5790
64590 14 2221
64591 15 1779
64592 16 4330
64593 17 6203
64594 18 2362
64595 19 5305
64596 20 2058
64597 21 2725
64598 22 1701
64599 23 3468
64600 24 3249
64601 25 2608
64602 26 2568
64603 27 3645
64604 28 2625
64605 29 2783
64606 30 2241
64607 31 2625
64608 32 2675
64609 33 6398
64610 34 6036
64611 35 2003
64612 36 1768
64613 37 2394
64614 38 3815
64615 39 2622
64616 40 2250
64617 41 3146
64618 42 3650
64619 43 2955
64620 44 2431
64621 45 0
64622 46 2320
64623 47 3181
64624 48 2520
64625 49 5742
64626 50 3442
64627 51 4508
64628 52 3620
64629 53 4472
64630 54 5892
64631 55 4008
64632 56 6020
64633 57 0
64634 58 4364
64635 59 2680
64636 60 3793
64637 61 4325
64638 62 2506
64639 63 3630
64640 64 5701
64641 65 2143
64642 66 2458
64643 67 4783
64644 68 2868
64645 69 3710
64646 70 3042
64647 71 4296
64648 72 5326
64649 73 2908
64650 74 1588
64651 75 5091
64652 76 2603
64653 77 0
64654 78 3542
64655 79 2707
64656 80 1965
64657 81 3821
64658 82 4932
64659 83 2141
64660 84 3725
64661 85 3852
64662 86 4211
64663 87 6379
64664 88 1605
64665 89 4366
64666 90 6608
64667 91 6008
64668 92 6197
64669 93 0
64670 94 3931
64671 95 944
64672 96 3540
64673 97 5860
64674 98 2334
64675 99 2775
64676 100 6514
64677 101 6941
64678 102 6592
64679 103 2674
64680 104 4435
64681 105 3735
64682 106 6942
64683 107 5797
64684 108 0
64685 109 3839
64686 110 959
64687 111 3819
64688 112 6487
64689 113 2112
64690 114 4475
64691 115 4399
64692 116 1981
64693 117 2545
64694 118 4905
64695 119 0
64696 120 3804
64697 121 4333
64698 122 4158
64699 123 2522
64700 124 3045
64701 125 0
64702 126 1968
64703 127 3534
64704 128 7901
64705 129 3143
64706 130 4272
64707 131 3741
64708 132 0
64709 133 5808
64710 134 3656
64711 135 4301
64712 136 1717
64713 137 2555
64714 138 3902
64715 139 2380
64716 140 3244
64717 141 4298
64718 142 3792
64719 143 0
64720 144 4458
64721 145 3919
64722 146 4652
64723 147 6575
64724 148 2456
64725 149 2333
64726 150 5117
64727 151 0
64728 152 3766
64729 153 4903
64730 154 2647
64731 155 5875
64732 156 5370
64733 157 2723
64734 158 0
64735 159 6192
64736 160 1764
64737 161 5857
64738 162 4253
64739 163 0
64740 164 3508
64741 165 1370
64742 166 4149
64743 167 7237
64744 168 2003
