2500
64577 1 2383
64578 2 2004
64579 3 3449
64580 4 8307
64581 5 5322
64582 6 5558
64583 7 7186
64584 8 4656
64585 9 8279
64586 10 9442
64587 11 5378
64588 12 4840
64589 13 2156
64590 14 2125
64591 15 3292
64592 16 3651
64593 17 5890
64594 18 7425
64595 19 3108
64596 20 3271
64597 21 4964
64598 22 2723
64599 23 5114
64600 24 6436
64601 25 2633
64602 26 5251
64603 27 3375
64604 28 4383
64605 29 6357
64606 30 0
64607 31 5167
64608 32 3590
64609 33 8286
64610 34 0
64611 35 6792
64612 36 4978
64613 37 3703
64614 38 1474
64615 39 8496
64616 40 2169
64617 41 1078
64618 42 4857
64619 43 5400
64620 44 2809
64621 45 1881
64622 46 3130
64623 47 4607
64624 48 2570
64625 49 5173
64626 50 0
64627 51 3308
64628 52 1722
64629 53 5454
64630 54 3433
64631 55 4796
64632 56 6768
64633 57 0
64634 58 3575
64635 59 6823
64636 60 2373
64637 61 4441
64638 62 0
64639 63 2383
64640 64 2660
64641 65 1520
64642 66 4776
64643 67 3529
64644 68 9091
64645 69 2200
64646 70 1923
64647 71 4675
64648 72 8553
64649 73 3914
64650 74 2385
64651 75 3298
64652 76 2829
64653 77 5126
64654 78 5720
64655 79 7675
64656 80 2908
64657 81 3066
64658 82 4466
64659 83 2420
64660 84 7355
64661 85 0
64662 86 6458
64663 87 4068
64664 88 4536
64665 89 1754
64666 90 2483
64667 91 4135
64668 92 2440
64669 93 3674
64670 94 5526
64671 95 3975
64672 96 0
64673 97 2492
64674 98 3524
64675 99 2389
64676 100 4068
64677 101 8833
64678 102 1613
64679 103 2344
64680 104 3967
64681 105 4727
64682 106 4842
64683 107 4355
64684 108 8092
64685 109 7175
64686 110 2221
64687 111 4018
64688 112 3880
64689 113 4525
64690 114 4796
64691 115 4458
64692 116 4643
64693 117 1827
64694 118 4162
64695 119 4716
64696 120 2408
64697 121 1976
64698 122 5934
64699 123 2220
64700 124 2907
64701 125 3778
64702 126 3828
64703 127 2218
64704 128 6218
64705 129 5392
64706 130 4186
64707 131 4277
64708 132 0
64709 133 3209
64710 134 5134
64711 135 4503
64712 136 2832
64713 137 1783
64714 138 4471
64715 139 6060
64716 140 3899
64717 141 6831
64718 142 5242
64719 143 6175
64720 144 2003
