2500
64577 1 2919
64578 2 7191
64579 3 1892
64580 4 2628
64581 5 3630
64582 6 1410
64583 7 7066
64584 8 2575
64585 9 7777
64586 10 2003
64587 11 5475
64588 12 6076
64589 13 1366
64590 14 7276
64591 15 7327
64592 16 3016
64593 17 3686
64594 18 2825
64595 19 2031
64596 20 2431
64597 21 6638
64598 22 2209
64599 23 3564
64600 24 4434
64601 25 7423
64602 26 6993
64603 27 5688
64604 28 2164
64605 29 6958
64606 30 3088
64607 31 2415
64608 32 3401
64609 33 2498
64610 34 6712
64611 35 3369
64612 36 3865
64613 37 4113
64614 38 0
64615 39 3809
64616 40 3376
64617 41 3071
64618 42 6419
64619 43 5602
64620 44 4158
64621 45 3338
64622 46 2864
64623 47 5970
64624 48 2183
64625 49 5142
64626 50 1865
64627 51 6140
64628 52 4656
64629 53 3012
64630 54 5365
64631 55 8214
64632 56 0
64633 57 2393
64634 58 6643
64635 59 3521
64636 60 2516
64637 61 5018
64638 62 2786
64639 63 5645
64640 64 2836
64641 65 7491
64642 66 0
64643 67 2088
64644 68 6695
64645 69 2423
64646 70 2586
64647 71 1787
64648 72 1780
64649 73 7719
64650 74 2008
64651 75 2014
64652 76 0
64653 77 1635
64654 78 5686
64655 79 4620
64656 80 6725
64657 81 3136
64658 82 7755
64659 83 6495
64660 84 6714
64661 85 5058
64662 86 0
64663 87 2929
64664 88 3042
64665 89 8016
64666 90 2238
64667 91 6658
64668 92 4640
64669 93 5958
64670 94 8510
64671 95 5338
64672 96 6434
64673 97 5690
64674 98 0
64675 99 2891
64676 100 3481
64677 101 5720
64678 102 2183
64679 103 2725
64680 104 4399
64681 105 4487
64682 106 2782
64683 107 8262
64684 108 1572
64685 109 8492
64686 110 2712
64687 111 2703
64688 112 7808
64689 113 6416
64690 114 3525
64691 115 5875
64692 116 7375
64693 117 12108
64694 118 4159
64695 119 5746
64696 120 5359
64697 121 6442
64698 122 7403
64699 123 4775
64700 124 7216
64701 125 2278
64702 126 6144
64703 127 2812
64704 128 4948
64705 129 7568
64706 130 5458
64707 131 10172
64708 132 2003
