2500
64577 1 6008
64578 2 2257
64579 3 3859
64580 4 3837
64581 5 4074
64582 6 4958
64583 7 2140
64584 8 3158
64585 9 2649
64586 10 4662
64587 11 1528
64588 12 3651
64589 13 5308
64590 14 5757
64591 15 4395
64592 16 0
64593 17 3625
64594 18 4451
64595 19 2071
64596 20 8275
64597 21 2003
64598 22 1813
64599 23 3208
64600 24 3733
64601 25 2954
64602 26 2298
64603 27 2745
64604 28 2153
64605 29 5755
64606 30 2238
64607 31 3145
64608 32 0
64609 33 3425
64610 34 5244
64611 35 3664
64612 36 7081
64613 37 5798
64614 38 2825
64615 39 2749
64616 40 7258
64617 41 0
64618 42 3130
64619 43 2168
64620 44 4259
64621 45 3873
64622 46 3029
64623 47 4432
64624 48 2835
64625 49 4639
64626 50 6147
64627 51 5992
64628 52 5021
64629 53 0
64630 54 2775
64631 55 7293
64632 56 2429
64633 57 5290
64634 58 2342
64635 59 2656
64636 60 5438
64637 61 4393
64638 62 3165
64639 63 3717
64640 64 2445
64641 65 4340
64642 66 4628
64643 67 0
64644 68 2692
64645 69 2277
64646 70 3202
64647 71 2738
64648 72 3610
64649 73 5067
64650 74 0
64651 75 3258
64652 76 1789
64653 77 5332
64654 78 2780
64655 79 5766
64656 80 5891
64657 81 3781
64658 82 7083
64659 83 4340
64660 84 4798
64661 85 2669
64662 86 2003
64663 87 2831
64664 88 4648
64665 89 2681
64666 90 2836
64667 91 11608
64668 92 0
64669 93 3425
64670 94 4573
64671 95 4415
64672 96 2003
64673 97 1481
64674 98 6165
64675 99 2311
64676 100 3284
64677 101 2477
64678 102 4474
64679 103 1729
64680 104 3844
64681 105 2129
64682 106 2762
64683 107 4510
64684 108 3792
64685 109 5958
64686 110 0
64687 111 2424
64688 112 7085
64689 113 4983
64690 114 0
64691 115 2635
64692 116 4196
64693 117 3397
64694 118 2920
64695 119 5175
64696 120 1926
64697 121 3502
64698 122 1750
64699 123 6357
64700 124 2276
64701 125 2173
64702 126 7167
64703 127 2763
64704 128 5045
64705 129 2713
64706 130 1546
64707 131 1523
64708 132 4840
64709 133 2923
64710 134 3472
64711 135 2808
64712 136 3412
64713 137 0
64714 138 3325
64715 139 1962
64716 140 6317
64717 141 5719
64718 142 2277
64719 143 1864
64720 144 4886
64721 145 6323
64722 146 1622
64723 147 3424
64724 148 1673
64725 149 4123
64726 150 2314
64727 151 3514
64728 152 2692
64729 153 5091
64730 154 3372
64731 155 2536
64732 156 1946
64733 157 3772
64734 158 2403
64735 159 2736
64736 160 4425
64737 161 3675
64738 162 4558
64739 163 2384
64740 164 3368
64741 165 5732
64742 166 2003
