2500
64577 1 4088
64578 2 5059
64579 3 7550
64580 4 2548
64581 5 3310
64582 6 7916
64583 7 3315
64584 8 4781
64585 9 3994
64586 10 6008
64587 11 2663
64588 12 4654
64589 13 0
64590 14 5326
64591 15 2954
64592 16 5652
64593 17 7392
64594 18 9021
64595 19 1586
64596 20 4151
64597 21 1456
64598 22 9225
64599 23 2763
64600 24 6474
64601 25 4327
64602 26 0
64603 27 4737
64604 28 1727
64605 29 6492
64606 30 8170
64607 31 2214
64608 32 3975
64609 33 6789
64610 34 4639
64611 35 6756
64612 36 5554
64613 37 8615
64614 38 0
64615 39 5016
64616 40 1844
64617 41 6885
64618 42 4149
64619 43 6919
64620 44 2182
64621 45 5948
64622 46 2750
64623 47 5814
64624 48 4492
64625 49 7439
64626 50 3264
64627 51 9328
64628 52 2261
64629 53 2292
64630 54 6265
64631 55 7592
64632 56 3840
64633 57 4692
64634 58 2875
64635 59 3218
64636 60 4360
64637 61 1763
64638 62 9219
64639 63 6005
64640 64 7158
64641 65 6963
64642 66 5015
64643 67 9518
64644 68 2053
64645 69 1179
64646 70 6251
64647 71 4140
64648 72 5708
64649 73 5592
64650 74 6371
64651 75 4962
64652 76 6007
64653 77 7225
64654 78 7995
64655 79 0
64656 80 6375
64657 81 6498
64658 82 4029
64659 83 7034
64660 84 5196
64661 85 4158
64662 86 3522
64663 87 2398
64664 88 5776
64665 89 0
64666 90 4997
64667 91 4538
64668 92 4928
64669 93 10721
64670 94 7975
64671 95 5525
64672 96 1517
64673 97 15163
64674 98 2237
64675 99 3442
64676 100 6438
64677 101 2468
64678 102 3666
64679 103 4190
64680 104 5905
64681 105 3852
64682 106 6899
64683 107 5616
64684 108 4189
64685 109 4246
64686 110 3491
64687 111 4902
64688 112 2462
64689 113 4617
64690 114 0
64691 115 5751
64692 116 3201
64693 117 4521
64694 118 7442
64695 119 1997
64696 120 7252
64697 121 2003
