2500
64577 1 2683
64578 2 2225
64579 3 1736
64580 4 3701
64581 5 3962
64582 6 2475
64583 7 3797
64584 8 2426
64585 9 3375
64586 10 5375
64587 11 1826
64588 12 5266
64589 13 3288
64590 14 2192
64591 15 4177
64592 16 8179
64593 17 2210
64594 18 5167
64595 19 2485
64596 20 2914
64597 21 3175
64598 22 5215
64599 23 4970
64600 24 2449
64601 25 4489
64602 26 5958
64603 27 6134
64604 28 3749
64605 29 0
64606 30 6292
64607 31 4795
64608 32 9448
64609 33 2237
64610 34 4458
64611 35 4887
64612 36 7275
64613 37 5758
64614 38 4840
64615 39 7033
64616 40 6449
64617 41 2307
64618 42 4651
64619 43 5721
64620 44 5032
64621 45 1450
64622 46 5984
64623 47 5566
64624 48 1948
64625 49 3417
64626 50 2960
64627 51 5684
64628 52 2692
64629 53 4980
64630 54 0
64631 55 2344
64632 56 2818
64633 57 1619
64634 58 4426
64635 59 8131
64636 60 2219
64637 61 6375
64638 62 3520
64639 63 7441
64640 64 2583
64641 65 4541
64642 66 4071
64643 67 0
64644 68 4792
64645 69 2740
64646 70 4204
64647 71 3292
64648 72 3262
64649 73 5969
64650 74 2110
64651 75 1294
64652 76 8906
64653 77 2458
64654 78 4529
64655 79 1843
64656 80 6013
64657 81 4392
64658 82 8850
64659 83 2719
64660 84 5259
64661 85 5337
64662 86 0
64663 87 7238
64664 88 5285
64665 89 5451
64666 90 6667
64667 91 2357
64668 92 4760
64669 93 1397
64670 94 5621
64671 95 5459
64672 96 693
64673 97 6991
64674 98 1171
64675 99 4910
64676 100 4807
64677 101 0
64678 102 3398
64679 103 1280
64680 104 4245
64681 105 5543
64682 106 4238
64683 107 3822
64684 108 0
64685 109 3118
64686 110 5052
64687 111 8084
64688 112 2095
64689 113 5598
64690 114 0
64691 115 6942
64692 116 5350
64693 117 0
64694 118 4426
64695 119 3939
64696 120 2841
64697 121 2881
64698 122 5681
64699 123 4710
64700 124 7306
64701 125 2003
64702 126 4108
64703 127 3797
64704 128 4445
64705 129 3347
64706 130 3870
64707 131 6475
64708 132 7996
64709 133 5046
64710 134 4170
64711 135 2135
64712 136 4093
64713 137 6477
64714 138 7141
64715 139 6936
64716 140 6345
64717 141 2003
