2500
64577 1 3333
64578 2 3739
64579 3 6988
64580 4 1839
64581 5 3643
64582 6 7134
64583 7 6010
64584 8 6583
64585 9 1700
64586 10 4685
64587 11 6558
64588 12 10075
64589 13 2909
64590 14 5799
64591 15 3068
64592 16 3775
64593 17 6422
64594 18 0
64595 19 3814
64596 20 3501
64597 21 7189
64598 22 2115
64599 23 6975
64600 24 2812
64601 25 6175
64602 26 5747
64603 27 6592
64604 28 0
64605 29 2843
64606 30 4991
64607 31 5745
64608 32 3561
64609 33 2973
64610 34 6262
64611 35 3890
64612 36 5248
64613 37 2219
64614 38 2921
64615 39 2572
64616 40 4017
64617 41 4684
64618 42 5992
64619 43 7700
64620 44 4232
64621 45 3212
64622 46 4617
64623 47 2257
64624 48 1751
64625 49 3776
64626 50 5408
64627 51 5925
64628 52 7780
64629 53 2412
64630 54 4143
64631 55 5942
64632 56 2875
64633 57 4736
64634 58 8525
64635 59 0
64636 60 4025
64637 61 5908
64638 62 8543
64639 63 2151
64640 64 4147
64641 65 4071
64642 66 4846
64643 67 8286
64644 68 2429
64645 69 4339
64646 70 2543
64647 71 5635
64648 72 4769
64649 73 5524
64650 74 7142
64651 75 4041
64652 76 2714
64653 77 2053
64654 78 4509
64655 79 5572
64656 80 0
64657 81 3159
64658 82 5676
64659 83 3118
64660 84 3326
64661 85 2937
64662 86 5103
64663 87 3338
64664 88 2146
64665 89 4402
64666 90 4037
64667 91 4959
64668 92 1684
64669 93 4851
64670 94 5400
64671 95 4692
64672 96 4981
64673 97 0
64674 98 3458
64675 99 4487
64676 100 4235
64677 101 6177
64678 102 4725
64679 103 3633
64680 104 1656
64681 105 3221
64682 106 2260
64683 107 3945
64684 108 3879
64685 109 2689
64686 110 2378
64687 111 3726
64688 112 4257
64689 113 3817
64690 114 2665
64691 115 6337
64692 116 882
64693 117 4611
64694 118 4762
64695 119 7824
64696 120 1312
64697 121 4011
64698 122 3821
64699 123 5456
64700 124 6151
64701 125 3919
64702 126 4221
64703 127 0
64704 128 3514
64705 129 2626
64706 130 3679
64707 131 4793
64708 132 0
64709 133 3342
64710 134 2993
64711 135 6324
64712 136 2668
64713 137 3540
64714 138 0
64715 139 3392
64716 140 3717
64717 141 1805
64718 142 4518
64719 143 2003
