2500
64577 1 3215
64578 2 2940
64579 3 4108
64580 4 4256
64581 5 7433
64582 6 4210
64583 7 5487
64584 8 7225
64585 9 0
64586 10 4575
64587 11 4777
64588 12 4059
64589 13 2719
64590 14 1602
64591 15 4336
64592 16 4712
64593 17 0
64594 18 5025
64595 19 2824
64596 20 3968
64597 21 3295
64598 22 6803
64599 23 2114
64600 24 1096
64601 25 4279
64602 26 2831
64603 27 8568
64604 28 4998
64605 29 5295
64606 30 3198
64607 31 5275
64608 32 5442
64609 33 4372
64610 34 6075
64611 35 6242
64612 36 0
64613 37 3083
64614 38 5403
64615 39 1789
64616 40 2372
64617 41 3448
64618 42 1354
64619 43 1848
64620 44 7430
64621 45 2342
64622 46 1813
64623 47 5916
64624 48 4192
64625 49 2463
64626 50 3672
64627 51 3733
64628 52 4498
64629 53 2191
64630 54 5091
64631 55 1917
64632 56 2885
64633 57 5222
64634 58 7176
64635 59 3608
64636 60 2510
64637 61 4872
64638 62 5007
64639 63 2278
64640 64 1659
64641 65 2518
64642 66 5493
64643 67 2872
64644 68 4757
64645 69 0
64646 70 3875
64647 71 3940
64648 72 1403
64649 73 5187
64650 74 2758
64651 75 6683
64652 76 2222
64653 77 2020
64654 78 1498
64655 79 5675
64656 80 6748
64657 81 6042
64658 82 2458
64659 83 6085
64660 84 6198
64661 85 6003
64662 86 0
64663 87 5030
64664 88 2813
64665 89 4333
64666 90 5765
64667 91 7167
64668 92 6569
64669 93 2170
64670 94 4762
64671 95 4426
64672 96 4857
64673 97 1720
64674 98 4675
64675 99 2404
64676 100 4410
64677 101 2618
64678 102 3179
64679 103 3188
64680 104 4877
64681 105 3358
64682 106 4745
64683 107 3729
64684 108 4139
64685 109 4214
64686 110 6445
64687 111 2886
64688 112 4946
64689 113 3116
64690 114 2593
64691 115 3772
64692 116 0
64693 117 3842
64694 118 4450
64695 119 4949
64696 120 2003
64697 121 1913
64698 122 4360
64699 123 2465
64700 124 2559
64701 125 4713
64702 126 2392
64703 127 5634
64704 128 1798
64705 129 5607
64706 130 2170
64707 131 1372
64708 132 4130
64709 133 2760
64710 134 2233
64711 135 4707
64712 136 2675
64713 137 5310
64714 138 2575
64715 139 5451
64716 140 2258
64717 141 3120
64718 142 3992
64719 143 3794
64720 144 4444
64721 145 5674
64722 146 2617
64723 147 2665
64724 148 6553
64725 149 0
64726 150 8408
64727 151 1344
64728 152 5837
64729 153 2003
