2500
64577 1 2617
64578 2 3443
64579 3 2876
64580 4 3853
64581 5 2354
64582 6 1747
64583 7 2863
64584 8 2549
64585 9 2892
64586 10 5303
64587 11 2787
64588 12 5749
64589 13 1638
64590 14 4576
64591 15 3934
64592 16 5805
64593 17 0
64594 18 2590
64595 19 5721
64596 20 7322
64597 21 1428
64598 22 5793
64599 23 4076
64600 24 2575
64601 25 7043
64602 26 1978
64603 27 4049
64604 28 3872
64605 29 4906
64606 30 4989
64607 31 5647
64608 32 0
64609 33 1355
64610 34 5132
64611 35 2453
64612 36 3475
64613 37 2521
64614 38 6828
64615 39 0
64616 40 2540
64617 41 2836
64618 42 6558
64619 43 5081
64620 44 6364
64621 45 1681
64622 46 4706
64623 47 6132
64624 48 2070
64625 49 3958
64626 50 3811
64627 51 4707
64628 52 5544
64629 53 4686
64630 54 2263
64631 55 4296
64632 56 4351
64633 57 5091
64634 58 4242
64635 59 6576
64636 60 5022
64637 61 2212
64638 62 3534
64639 63 4184
64640 64 1248
64641 65 5272
64642 66 2121
64643 67 3604
64644 68 2372
64645 69 2913
64646 70 6188
64647 71 1609
64648 72 5756
64649 73 7343
64650 74 5911
64651 75 5188
64652 76 0
64653 77 8924
64654 78 2578
64655 79 3607
64656 80 5318
64657 81 7522
64658 82 3204
64659 83 2586
64660 84 5342
64661 85 1704
64662 86 5197
64663 87 3084
64664 88 3419
64665 89 1808
64666 90 3521
64667 91 1336
64668 92 2966
64669 93 2525
64670 94 3793
64671 95 4833
64672 96 2334
64673 97 1915
64674 98 2648
64675 99 2724
64676 100 6965
64677 101 2276
64678 102 2678
64679 103 3322
64680 104 2505
64681 105 3784
64682 106 5573
64683 107 3267
64684 108 5917
64685 109 5408
64686 110 6629
64687 111 2392
64688 112 3476
64689 113 5654
64690 114 4377
64691 115 5968
64692 116 6895
64693 117 3537
64694 118 7768
64695 119 2828
64696 120 1978
64697 121 7865
64698 122 2758
64699 123 5386
64700 124 1986
64701 125 2566
64702 126 2760
64703 127 6779
64704 128 2233
64705 129 3616
64706 130 3079
64707 131 1837
64708 132 3182
64709 133 7247
64710 134 2570
64711 135 5908
64712 136 1292
64713 137 4970
64714 138 2026
64715 139 3070
64716 140 3672
64717 141 2828
64718 142 5479
64719 143 0
64720 144 4592
64721 145 2486
64722 146 6158
64723 147 0
64724 148 3308
64725 149 1373
64726 150 4668
64727 151 3299
64728 152 6192
64729 153 2003
