2500
64577 1 1049
64578 2 2417
64579 3 4253
64580 4 2745
64581 5 5780
64582 6 5186
64583 7 3399
64584 8 5259
64585 9 0
64586 10 3289
64587 11 1160
64588 12 2472
64589 13 1938
64590 14 0
64591 15 3703
64592 16 3075
64593 17 3559
64594 18 6972
64595 19 1754
64596 20 2034
64597 21 2694
64598 22 2606
64599 23 6002
64600 24 2528
64601 25 4291
64602 26 5756
64603 27 5516
64604 28 6216
64605 29 3475
64606 30 5382
64607 31 2127
64608 32 5776
64609 33 4423
64610 34 5964
64611 35 6266
64612 36 4957
64613 37 1733
64614 38 5020
64615 39 7092
64616 40 0
64617 41 2592
64618 42 5310
64619 43 8304
64620 44 9325
64621 45 7208
64622 46 6975
64623 47 0
64624 48 2492
64625 49 4465
64626 50 2495
64627 51 4696
64628 52 5431
64629 53 4842
64630 54 4950
64631 55 6066
64632 56 3940
64633 57 6195
64634 58 3337
64635 59 4844
64636 60 0
64637 61 5075
64638 62 7889
64639 63 6775
64640 64 4093
64641 65 0
64642 66 2342
64643 67 4281
64644 68 6253
64645 69 4898
64646 70 0
64647 71 2642
64648 72 8026
64649 73 2602
64650 74 7489
64651 75 5098
64652 76 1715
64653 77 7085
64654 78 7434
64655 79 3680
64656 80 4295
64657 81 6748
64658 82 4268
64659 83 2261
64660 84 3485
64661 85 2657
64662 86 4070
64663 87 4450
64664 88 2225
64665 89 2742
64666 90 5529
64667 91 2770
64668 92 7755
64669 93 2038
64670 94 4903
64671 95 2084
64672 96 6992
64673 97 3439
64674 98 4975
64675 99 6225
64676 100 4696
64677 101 9074
64678 102 2003
64679 103 1976
64680 104 2727
64681 105 8436
64682 106 5977
64683 107 2581
64684 108 4594
64685 109 3021
64686 110 6654
64687 111 3074
64688 112 1892
64689 113 4260
64690 114 4610
64691 115 5182
64692 116 2666
64693 117 5354
64694 118 0
64695 119 2430
64696 120 3645
64697 121 2315
64698 122 2147
64699 123 4279
64700 124 7655
64701 125 2195
64702 126 3050
64703 127 3491
64704 128 2083
64705 129 5926
64706 130 3521
64707 131 6308
64708 132 4301
64709 133 4975
64710 134 2080
64711 135 2003
64712 136 7309
64713 137 5525
64714 138 4447
64715 139 2667
64716 140 7903
64717 141 2003
