2500
64577 1 2545
64578 2 4584
64579 3 2444
64580 4 4115
64581 5 4408
64582 6 3372
64583 7 2764
64584 8 3697
64585 9 4519
64586 10 2463
64587 11 4310
64588 12 4145
64589 13 1842
64590 14 3994
64591 15 4756
64592 16 5867
64593 17 4508
64594 18 4231
64595 19 0
64596 20 6008
64597 21 3458
64598 22 3222
64599 23 6194
64600 24 2155
64601 25 2628
64602 26 2394
64603 27 2709
64604 28 5010
64605 29 4867
64606 30 0
64607 31 3153
64608 32 3665
64609 33 2804
64610 34 3667
64611 35 3092
64612 36 5329
64613 37 4422
64614 38 2176
64615 39 5755
64616 40 3234
64617 41 2619
64618 42 6722
64619 43 2003
64620 44 2492
64621 45 2510
64622 46 2542
64623 47 5335
64624 48 2500
64625 49 3545
64626 50 4018
64627 51 3157
64628 52 5457
64629 53 7098
64630 54 3608
64631 55 5428
64632 56 2466
64633 57 3350
64634 58 2741
64635 59 0
64636 60 2624
64637 61 6439
64638 62 1258
64639 63 3787
64640 64 1913
64641 65 2004
64642 66 3088
64643 67 1655
64644 68 3337
64645 69 1549
64646 70 3608
64647 71 0
64648 72 1764
64649 73 3987
64650 74 4241
64651 75 2855
64652 76 5316
64653 77 0
64654 78 3190
64655 79 1354
64656 80 1758
64657 81 3972
64658 82 2842
64659 83 3039
64660 84 1421
64661 85 2031
64662 86 4913
64663 87 0
64664 88 3473
64665 89 2728
64666 90 2827
64667 91 6380
64668 92 2213
64669 93 1506
64670 94 3046
64671 95 2486
64672 96 2600
64673 97 1798
64674 98 4215
64675 99 3001
64676 100 1789
64677 101 5429
64678 102 2818
64679 103 2656
64680 104 4992
64681 105 0
64682 106 4758
64683 107 5018
64684 108 5441
64685 109 1627
64686 110 3743
64687 111 4220
64688 112 0
64689 113 3114
64690 114 4171
64691 115 4252
64692 116 2769
64693 117 4931
64694 118 4466
64695 119 0
64696 120 3492
64697 121 1960
64698 122 2358
64699 123 3539
64700 124 4816
64701 125 1639
64702 126 2532
64703 127 6174
64704 128 4077
64705 129 6018
64706 130 0
64707 131 2542
64708 132 3455
64709 133 2866
64710 134 3654
64711 135 2642
64712 136 4176
64713 137 5643
64714 138 2209
64715 139 2458
64716 140 2824
64717 141 3176
64718 142 2492
64719 143 3629
64720 144 7485
64721 145 6219
64722 146 0
64723 147 2456
64724 148 4480
64725 149 3832
64726 150 2240
64727 151 3569
64728 152 4254
64729 153 4563
64730 154 3274
64731 155 2559
64732 156 0
64733 157 3486
64734 158 2408
64735 159 4133
64736 160 4708
64737 161 3234
64738 162 0
64739 163 2988
64740 164 3266
64741 165 4605
64742 166 1941
64743 167 2449
64744 168 3236
64745 169 6842
64746 170 5875
64747 171 2242
64748 172 4286
64749 173 0
64750 174 2692
64751 175 2079
64752 176 2349
64753 177 3649
64754 178 3985
64755 179 2003
