2500
64577 1 3965
64578 2 2432
64579 3 3829
64580 4 3334
64581 5 6706
64582 6 6292
64583 7 4975
64584 8 7220
64585 9 4675
64586 10 0
64587 11 2303
64588 12 4000
64589 13 6612
64590 14 4760
64591 15 7507
64592 16 2299
64593 17 2163
64594 18 4380
64595 19 5340
64596 20 2386
64597 21 3859
64598 22 1450
64599 23 3722
64600 24 3563
64601 25 0
64602 26 3858
64603 27 4990
64604 28 4985
64605 29 0
64606 30 1682
64607 31 3294
64608 32 5906
64609 33 2125
64610 34 2708
64611 35 2521
64612 36 1692
64613 37 6965
64614 38 2625
64615 39 5378
64616 40 4319
64617 41 4851
64618 42 6342
64619 43 4542
64620 44 1774
64621 45 6728
64622 46 2224
64623 47 2675
64624 48 5227
64625 49 2476
64626 50 4761
64627 51 2240
64628 52 4437
64629 53 4299
64630 54 2509
64631 55 3433
64632 56 3800
64633 57 7025
64634 58 2195
64635 59 2174
64636 60 4635
64637 61 4382
64638 62 2087
64639 63 5134
64640 64 4719
64641 65 5498
64642 66 3677
64643 67 1057
64644 68 3546
64645 69 2512
64646 70 8780
64647 71 2003
64648 72 1795
64649 73 2845
64650 74 2304
64651 75 5709
64652 76 2814
64653 77 4763
64654 78 2589
64655 79 2970
64656 80 5266
64657 81 2376
64658 82 5348
64659 83 1709
64660 84 1349
64661 85 3945
64662 86 2603
64663 87 5442
64664 88 5159
64665 89 4550
64666 90 4453
64667 91 4642
64668 92 5171
64669 93 4044
64670 94 2249
64671 95 4797
64672 96 7440
64673 97 6044
64674 98 5025
64675 99 2386
64676 100 4582
64677 101 2488
64678 102 5532
64679 103 2109
64680 104 2092
64681 105 3308
64682 106 3760
64683 107 3532
64684 108 1623
64685 109 5629
64686 110 5278
64687 111 6212
64688 112 3286
64689 113 3493
64690 114 4375
64691 115 2399
64692 116 2815
64693 117 2630
64694 118 3615
64695 119 4003
64696 120 2113
64697 121 3958
64698 122 3091
64699 123 3255
64700 124 3640
64701 125 3598
64702 126 0
64703 127 2308
64704 128 3766
64705 129 3963
64706 130 4407
64707 131 4180
64708 132 2456
64709 133 1544
64710 134 7479
64711 135 2003
