2500
64577 1 2183
64578 2 6034
64579 3 6195
64580 4 6592
64581 5 4845
64582 6 6425
64583 7 5099
64584 8 1580
64585 9 5938
64586 10 2147
64587 11 3475
64588 12 6228
64589 13 4316
64590 14 2354
64591 15 4141
64592 16 5302
64593 17 4980
64594 18 5438
64595 19 4719
64596 20 1713
64597 21 5639
64598 22 2570
64599 23 10524
64600 24 2158
64601 25 1976
64602 26 4224
64603 27 1436
64604 28 5889
64605 29 2419
64606 30 5301
64607 31 6051
64608 32 3575
64609 33 5369
64610 34 8820
64611 35 2227
64612 36 1957
64613 37 3529
64614 38 1596
64615 39 1937
64616 40 8037
64617 41 6958
64618 42 0
64619 43 2093
64620 44 2469
64621 45 0
64622 46 4225
64623 47 3668
64624 48 4565
64625 49 6370
64626 50 0
64627 51 11483
64628 52 2560
64629 53 2948
64630 54 6347
64631 55 1444
64632 56 3091
64633 57 2928
64634 58 0
64635 59 3927
64636 60 6283
64637 61 6509
64638 62 3764
64639 63 1446
64640 64 8145
64641 65 2203
64642 66 1148
64643 67 3025
64644 68 1557
64645 69 6854
64646 70 1763
64647 71 3881
64648 72 6075
64649 73 0
64650 74 2958
64651 75 6476
64652 76 5096
64653 77 2275
64654 78 1904
64655 79 3780
64656 80 2837
64657 81 4463
64658 82 4230
64659 83 4449
64660 84 8711
64661 85 6958
64662 86 3475
64663 87 4786
64664 88 2575
64665 89 5219
64666 90 0
64667 91 1829
64668 92 2931
64669 93 4393
64670 94 2181
64671 95 5915
64672 96 2726
64673 97 2622
64674 98 3917
64675 99 0
64676 100 2658
64677 101 5010
64678 102 2589
64679 103 7359
64680 104 2240
64681 105 1900
64682 106 2756
64683 107 4244
64684 108 2472
64685 109 7415
64686 110 2684
64687 111 4917
64688 112 2780
64689 113 4625
64690 114 2299
64691 115 2255
64692 116 5171
64693 117 2978
64694 118 4972
64695 119 2827
64696 120 3647
64697 121 0
64698 122 4342
64699 123 4088
64700 124 5677
64701 125 2240
64702 126 2792
64703 127 7270
64704 128 2277
64705 129 3486
64706 130 2124
64707 131 4891
64708 132 1891
64709 133 2565
64710 134 2634
64711 135 0
64712 136 2858
64713 137 7556
64714 138 4184
64715 139 2664
64716 140 2323
64717 141 5032
64718 142 3905
64719 143 3372
64720 144 2248
64721 145 3108
64722 146 6744
64723 147 3037
64724 148 6437
64725 149 0
64726 150 3175
64727 151 7167
64728 152 5139
64729 153 2003
