2500
64577 1 2742
64578 2 3896
64579 3 6610
64580 4 1493
64581 5 6599
64582 6 8252
64583 7 2725
64584 8 6836
64585 9 6108
64586 10 2472
64587 11 7280
64588 12 2161
64589 13 6432
64590 14 5075
64591 15 7389
64592 16 2003
64593 17 2106
64594 18 3491
64595 19 5170
64596 20 7147
64597 21 8579
64598 22 8542
64599 23 3691
64600 24 4261
64601 25 2638
64602 26 5759
64603 27 7179
64604 28 4886
64605 29 5784
64606 30 8458
64607 31 3325
64608 32 7759
64609 33 4960
64610 34 7470
64611 35 3375
64612 36 5205
64613 37 6672
64614 38 7742
64615 39 0
64616 40 7260
64617 41 5334
64618 42 7483
64619 43 6342
64620 44 4934
64621 45 0
64622 46 2546
64623 47 4351
64624 48 2355
64625 49 5021
64626 50 3482
64627 51 6806
64628 52 2028
64629 53 4083
64630 54 1889
64631 55 6079
64632 56 4873
64633 57 0
64634 58 3658
64635 59 6188
64636 60 6620
64637 61 2751
64638 62 3621
64639 63 6579
64640 64 0
64641 65 2342
64642 66 2434
64643 67 4718
64644 68 3454
64645 69 7702
64646 70 2281
64647 71 5316
64648 72 5336
64649 73 5621
64650 74 4803
64651 75 4184
64652 76 6817
64653 77 0
64654 78 2834
64655 79 5428
64656 80 4134
64657 81 5815
64658 82 2342
64659 83 1804
64660 84 5488
64661 85 2281
64662 86 4342
64663 87 5234
64664 88 5679
64665 89 7775
64666 90 6275
64667 91 2609
64668 92 4750
64669 93 6277
64670 94 0
64671 95 5908
64672 96 5679
64673 97 2622
64674 98 3992
64675 99 6268
64676 100 4892
64677 101 3488
64678 102 5473
64679 103 0
64680 104 6776
64681 105 6979
64682 106 4081
64683 107 2843
64684 108 1651
64685 109 4408
64686 110 7008
64687 111 8124
64688 112 4915
64689 113 6752
64690 114 4408
64691 115 4897
64692 116 2328
64693 117 4042
64694 118 3931
64695 119 3617
64696 120 0
64697 121 2066
64698 122 4513
64699 123 2565
64700 124 8774
64701 125 5639
64702 126 2148
64703 127 7680
64704 128 2003
