2500
64577 1 1889
64578 2 2028
64579 3 3361
64580 4 2722
64581 5 4704
64582 6 0
64583 7 1900
64584 8 2572
64585 9 0
64586 10 4127
64587 11 2605
64588 12 4533
64589 13 0
64590 14 3758
64591 15 2392
64592 16 2402
64593 17 4875
64594 18 5290
64595 19 2486
64596 20 2925
64597 21 2246
64598 22 0
64599 23 3895
64600 24 6624
64601 25 1547
64602 26 2062
64603 27 2523
64604 28 4541
64605 29 3918
64606 30 0
64607 31 1819
64608 32 1878
64609 33 4074
64610 34 0
64611 35 1744
64612 36 3079
64613 37 1754
64614 38 2595
64615 39 3519
64616 40 3425
64617 41 3954
64618 42 2699
64619 43 4353
64620 44 2007
64621 45 3877
64622 46 5374
64623 47 5350
64624 48 5381
64625 49 2580
64626 50 5106
64627 51 5275
64628 52 0
64629 53 3904
64630 54 5609
64631 55 5270
64632 56 3079
64633 57 1438
64634 58 5417
64635 59 2225
64636 60 3042
64637 61 3362
64638 62 3192
64639 63 3959
64640 64 2359
64641 65 1901
64642 66 3650
64643 67 632
64644 68 3779
64645 69 5213
64646 70 0
64647 71 3021
64648 72 1157
64649 73 3482
64650 74 5926
64651 75 2118
64652 76 2958
64653 77 5409
64654 78 4281
64655 79 1631
64656 80 3330
64657 81 4073
64658 82 4864
64659 83 2180
64660 84 5246
64661 85 3158
64662 86 3533
64663 87 5033
64664 88 2003
64665 89 1714
64666 90 1266
64667 91 3173
64668 92 5029
64669 93 3109
64670 94 1842
64671 95 2977
64672 96 3542
64673 97 3003
64674 98 945
64675 99 3212
64676 100 7349
64677 101 2003
64678 102 2711
64679 103 3755
64680 104 4284
64681 105 2591
64682 106 5547
64683 107 0
64684 108 3925
64685 109 4280
64686 110 1114
64687 111 3513
64688 112 5468
64689 113 2003
64690 114 4675
64691 115 2198
64692 116 4864
64693 117 4248
64694 118 0
64695 119 5558
64696 120 2506
64697 121 4680
64698 122 3243
64699 123 1768
64700 124 4963
64701 125 2725
64702 126 5803
64703 127 3392
64704 128 0
64705 129 2742
64706 130 2772
64707 131 4804
64708 132 3879
64709 133 1378
64710 134 4219
64711 135 2151
64712 136 0
64713 137 2904
64714 138 1896
64715 139 5158
64716 140 7034
64717 141 3676
64718 142 3881
64719 143 6393
64720 144 2303
64721 145 2905
64722 146 2790
64723 147 4703
64724 148 5714
64725 149 2265
64726 150 2992
64727 151 4812
64728 152 3501
64729 153 5458
64730 154 3455
64731 155 0
64732 156 2775
64733 157 5582
64734 158 2772
64735 159 5688
64736 160 2492
64737 161 6868
64738 162 2231
64739 163 2108
64740 164 2923
64741 165 2006
64742 166 4214
64743 167 2491
64744 168 4313
64745 169 4050
64746 170 4660
64747 171 2555
64748 172 2408
64749 173 5203
64750 174 5259
64751 175 3083
64752 176 5158
64753 177 2444
64754 178 6393
64755 179 2003
