2500
64577 1 1792
64578 2 2429
64579 3 2672
64580 4 966
64581 5 3404
64582 6 4760
64583 7 2307
64584 8 2759
64585 9 0
64586 10 2333
64587 11 3619
64588 12 3947
64589 13 2536
64590 14 2640
64591 15 2886
64592 16 4342
64593 17 5976
64594 18 2188
64595 19 3842
64596 20 2313
64597 21 2139
64598 22 2418
64599 23 5856
64600 24 4460
64601 25 2325
64602 26 3208
64603 27 7749
64604 28 2141
64605 29 2192
64606 30 3055
64607 31 2011
64608 32 4203
64609 33 2666
64610 34 4420
64611 35 0
64612 36 3358
64613 37 3778
64614 38 3391
64615 39 4370
64616 40 0
64617 41 2903
64618 42 2195
64619 43 3992
64620 44 0
64621 45 2738
64622 46 5102
64623 47 5909
64624 48 2339
64625 49 3782
64626 50 5660
64627 51 2265
64628 52 1695
64629 53 3894
64630 54 3615
64631 55 4070
64632 56 4207
64633 57 2679
64634 58 0
64635 59 3306
64636 60 2445
64637 61 5943
64638 62 5094
64639 63 3718
64640 64 2850
64641 65 6778
64642 66 2650
64643 67 1663
64644 68 4246
64645 69 3296
64646 70 2842
64647 71 5996
64648 72 5149
64649 73 2201
64650 74 6792
64651 75 0
64652 76 2239
64653 77 3419
64654 78 1368
64655 79 5125
64656 80 2329
64657 81 2892
64658 82 6970
64659 83 5571
64660 84 2677
64661 85 3125
64662 86 3692
64663 87 0
64664 88 4208
64665 89 5170
64666 90 3284
64667 91 4163
64668 92 4961
64669 93 0
64670 94 2911
64671 95 4893
64672 96 2199
64673 97 1946
64674 98 3471
64675 99 3653
64676 100 6385
64677 101 3710
64678 102 5628
64679 103 0
64680 104 3880
64681 105 1053
64682 106 6736
64683 107 4575
64684 108 6719
64685 109 5273
64686 110 2433
64687 111 7720
64688 112 2149
64689 113 3558
64690 114 6842
64691 115 3712
64692 116 2401
64693 117 4041
64694 118 5477
64695 119 2642
64696 120 1045
64697 121 4655
64698 122 4742
64699 123 5151
64700 124 4903
64701 125 4478
64702 126 0
64703 127 2475
64704 128 4305
64705 129 5446
64706 130 2539
64707 131 0
64708 132 3342
64709 133 4055
64710 134 2360
64711 135 3339
64712 136 6385
64713 137 2297
64714 138 2742
64715 139 3044
64716 140 2869
64717 141 4459
64718 142 7942
64719 143 2494
64720 144 7256
64721 145 1814
64722 146 4067
64723 147 3016
64724 148 2058
64725 149 5874
64726 150 1508
64727 151 3983
64728 152 1877
64729 153 5192
64730 154 5307
64731 155 4152
64732 156 0
64733 157 2425
64734 158 3394
64735 159 2909
64736 160 6895
64737 161 2608
64738 162 5911
64739 163 0
64740 164 2617
64741 165 4973
64742 166 2632
64743 167 8831
64744 168 2003
