2500
64577 1 996
64578 2 3019
64579 3 7339
64580 4 3746
64581 5 6657
64582 6 0
64583 7 5117
64584 8 4904
64585 9 2703
64586 10 1195
64587 11 3105
64588 12 6291
64589 13 2160
64590 14 4442
64591 15 3040
64592 16 2727
64593 17 3810
64594 18 3626
64595 19 2674
64596 20 3660
64597 21 0
64598 22 1831
64599 23 2470
64600 24 2531
64601 25 3117
64602 26 2749
64603 27 1930
64604 28 3922
64605 29 4162
64606 30 4642
64607 31 7289
64608 32 1302
64609 33 5459
64610 34 2229
64611 35 2358
64612 36 2518
64613 37 3558
64614 38 1731
64615 39 5538
64616 40 2325
64617 41 3209
64618 42 3680
64619 43 6226
64620 44 2746
64621 45 2566
64622 46 5183
64623 47 0
64624 48 1595
64625 49 4004
64626 50 1800
64627 51 7812
64628 52 2369
64629 53 3689
64630 54 0
64631 55 1905
64632 56 2606
64633 57 4291
64634 58 6744
64635 59 2003
64636 60 4825
64637 61 6036
64638 62 5444
64639 63 3505
64640 64 3775
64641 65 1933
64642 66 7445
64643 67 0
64644 68 2361
64645 69 3384
64646 70 2875
64647 71 5563
64648 72 3392
64649 73 2856
64650 74 5700
64651 75 2583
64652 76 4969
64653 77 6395
64654 78 2386
64655 79 2028
64656 80 5988
64657 81 2551
64658 82 4195
64659 83 4965
64660 84 2898
64661 85 1414
64662 86 3878
64663 87 6595
64664 88 3454
64665 89 2742
64666 90 4897
64667 91 2019
64668 92 4350
64669 93 7174
64670 94 2265
64671 95 1791
64672 96 3686
64673 97 4990
64674 98 7832
64675 99 1511
64676 100 4507
64677 101 3230
64678 102 2455
64679 103 2997
64680 104 6142
64681 105 1585
64682 106 5601
64683 107 2196
64684 108 3708
64685 109 5088
64686 110 2731
64687 111 2897
64688 112 2623
64689 113 4216
64690 114 7656
64691 115 7334
64692 116 6358
64693 117 5330
64694 118 7679
64695 119 2221
64696 120 3550
64697 121 1972
64698 122 4963
64699 123 4390
64700 124 5328
64701 125 4242
64702 126 4814
64703 127 5679
64704 128 4508
64705 129 3394
64706 130 7205
64707 131 1680
64708 132 5712
64709 133 5579
64710 134 2208
64711 135 3344
64712 136 3462
64713 137 1792
64714 138 6584
64715 139 2997
64716 140 4622
64717 141 4980
64718 142 3730
64719 143 2469
64720 144 3482
64721 145 4824
64722 146 2523
64723 147 3878
64724 148 3018
64725 149 3559
64726 150 6734
64727 151 4059
64728 152 2903
64729 153 2301
64730 154 8604
64731 155 2003
