2500
64577 1 4405
64578 2 2624
64579 3 4106
64580 4 4173
64581 5 4596
64582 6 0
64583 7 5283
64584 8 2615
64585 9 3388
64586 10 6084
64587 11 2003
64588 12 2115
64589 13 5049
64590 14 2301
64591 15 3012
64592 16 2703
64593 17 5648
64594 18 6342
64595 19 4558
64596 20 2743
64597 21 4567
64598 22 2210
64599 23 3325
64600 24 2646
64601 25 2762
64602 26 5194
64603 27 2214
64604 28 0
64605 29 3942
64606 30 7093
64607 31 4748
64608 32 4785
64609 33 2271
64610 34 2394
64611 35 9120
64612 36 2271
64613 37 2191
64614 38 6069
64615 39 2596
64616 40 4407
64617 41 5118
64618 42 2670
64619 43 3873
64620 44 1311
64621 45 5554
64622 46 2636
64623 47 4650
64624 48 3009
64625 49 4456
64626 50 9230
64627 51 2309
64628 52 2225
64629 53 4481
64630 54 7200
64631 55 2669
64632 56 5744
64633 57 7142
64634 58 0
64635 59 2874
64636 60 3939
64637 61 4908
64638 62 1775
64639 63 4424
64640 64 4818
64641 65 2492
64642 66 2507
64643 67 5574
64644 68 2244
64645 69 4425
64646 70 4212
64647 71 6302
64648 72 5361
64649 73 5549
64650 74 2477
64651 75 3779
64652 76 6736
64653 77 2314
64654 78 1982
64655 79 2043
64656 80 3392
64657 81 5469
64658 82 4263
64659 83 4711
64660 84 2446
64661 85 2858
64662 86 2965
64663 87 5150
64664 88 2925
64665 89 3050
64666 90 4794
64667 91 2535
64668 92 3238
64669 93 0
64670 94 2312
64671 95 2978
64672 96 2506
64673 97 1244
64674 98 3638
64675 99 2706
64676 100 0
64677 101 1890
64678 102 2766
64679 103 5523
64680 104 6935
64681 105 6492
64682 106 0
64683 107 2742
64684 108 6852
64685 109 2258
64686 110 4208
64687 111 1956
64688 112 3673
64689 113 5230
64690 114 1899
64691 115 6800
64692 116 3435
64693 117 4409
64694 118 3089
64695 119 3117
64696 120 2668
64697 121 4710
64698 122 2920
64699 123 2758
64700 124 5098
64701 125 3996
64702 126 6354
64703 127 2097
64704 128 2508
64705 129 3930
64706 130 3801
64707 131 5301
64708 132 3984
64709 133 6241
64710 134 5758
64711 135 5376
64712 136 5576
64713 137 0
64714 138 1557
64715 139 4493
64716 140 2609
64717 141 7609
64718 142 2722
64719 143 3977
64720 144 2542
64721 145 2398
64722 146 5491
64723 147 4548
64724 148 2741
64725 149 3851
64726 150 8079
64727 151 7051
64728 152 2476
64729 153 8615
64730 154 2003
