2500
64577 1 8108
64578 2 2970
64579 3 5731
64580 4 5175
64581 5 5146
64582 6 5569
64583 7 3824
64584 8 2518
64585 9 4679
64586 10 2395
64587 11 4628
64588 12 0
64589 13 3698
64590 14 2416
64591 15 4287
64592 16 12257
64593 17 2264
64594 18 2658
64595 19 4347
64596 20 3711
64597 21 7264
64598 22 5777
64599 23 3530
64600 24 4039
64601 25 4342
64602 26 0
64603 27 5835
64604 28 6319
64605 29 2802
64606 30 4475
64607 31 5891
64608 32 3228
64609 33 2258
64610 34 4106
64611 35 6532
64612 36 3145
64613 37 5775
64614 38 2064
64615 39 3354
64616 40 2487
64617 41 4682
64618 42 5742
64619 43 4066
64620 44 4336
64621 45 4823
64622 46 2003
64623 47 7708
64624 48 5018
64625 49 5678
64626 50 7225
64627 51 5024
64628 52 8079
64629 53 2269
64630 54 1824
64631 55 2700
64632 56 5065
64633 57 2110
64634 58 3751
64635 59 4292
64636 60 5067
64637 61 2745
64638 62 3693
64639 63 2895
64640 64 0
64641 65 2349
64642 66 1937
64643 67 3160
64644 68 7833
64645 69 1786
64646 70 4892
64647 71 2516
64648 72 3142
64649 73 2039
64650 74 2589
64651 75 8955
64652 76 2238
64653 77 1740
64654 78 2460
64655 79 2796
64656 80 4011
64657 81 2571
64658 82 2908
64659 83 8458
64660 84 2940
64661 85 0
64662 86 1532
64663 87 5758
64664 88 1452
64665 89 8495
64666 90 2770
64667 91 0
64668 92 2392
64669 93 6891
64670 94 2261
64671 95 2449
64672 96 0
64673 97 4507
64674 98 5628
64675 99 0
64676 100 3492
64677 101 3019
64678 102 7302
64679 103 2194
64680 104 2131
64681 105 1417
64682 106 1859
64683 107 5431
64684 108 1580
64685 109 7372
64686 110 2666
64687 111 4038
64688 112 4143
64689 113 3662
64690 114 7875
64691 115 0
64692 116 3358
64693 117 2885
64694 118 7256
64695 119 2259
64696 120 1346
64697 121 6392
64698 122 5555
64699 123 5979
64700 124 1487
64701 125 6248
64702 126 2599
64703 127 2616
64704 128 0
64705 129 5625
64706 130 1574
64707 131 3169
64708 132 3879
64709 133 5125
64710 134 0
64711 135 2592
64712 136 4951
64713 137 2284
64714 138 4818
64715 139 2322
64716 140 4955
64717 141 2092
64718 142 3459
64719 143 1563
64720 144 4852
64721 145 6048
64722 146 2692
64723 147 4439
64724 148 2825
64725 149 4867
64726 150 2498
64727 151 1757
64728 152 7153
64729 153 5342
64730 154 2003
