2500
64577 1 2700
64578 2 3729
64579 3 8507
64580 4 4001
64581 5 4742
64582 6 1503
64583 7 5671
64584 8 5385
64585 9 2556
64586 10 8791
64587 11 2525
64588 12 5802
64589 13 3146
64590 14 4787
64591 15 0
64592 16 1962
64593 17 3478
64594 18 6443
64595 19 2192
64596 20 5528
64597 21 2260
64598 22 4656
64599 23 5622
64600 24 2255
64601 25 3042
64602 26 6400
64603 27 3028
64604 28 6157
64605 29 0
64606 30 5592
64607 31 4402
64608 32 5590
64609 33 3097
64610 34 2192
64611 35 2902
64612 36 4551
64613 37 5686
64614 38 4842
64615 39 4748
64616 40 3525
64617 41 1307
64618 42 6592
64619 43 2220
64620 44 2086
64621 45 3094
64622 46 2542
64623 47 2608
64624 48 6317
64625 49 3850
64626 50 0
64627 51 2357
64628 52 1622
64629 53 4502
64630 54 3158
64631 55 4054
64632 56 7393
64633 57 2298
64634 58 1936
64635 59 2294
64636 60 7372
64637 61 1816
64638 62 5392
64639 63 2750
64640 64 5192
64641 65 5800
64642 66 4594
64643 67 6075
64644 68 2617
64645 69 4156
64646 70 2098
64647 71 3945
64648 72 4437
64649 73 2084
64650 74 6632
64651 75 2311
64652 76 1662
64653 77 2213
64654 78 5201
64655 79 3241
64656 80 2442
64657 81 1992
64658 82 3087
64659 83 1843
64660 84 2891
64661 85 5240
64662 86 2282
64663 87 1780
64664 88 1880
64665 89 4420
64666 90 2548
64667 91 1756
64668 92 4552
64669 93 4014
64670 94 3604
64671 95 2194
64672 96 4134
64673 97 1080
64674 98 2300
64675 99 3984
64676 100 5068
64677 101 1347
64678 102 5579
64679 103 3793
64680 104 4542
64681 105 7280
64682 106 2767
64683 107 3481
64684 108 0
64685 109 2702
64686 110 4158
64687 111 4592
64688 112 5221
64689 113 4058
64690 114 5904
64691 115 2229
64692 116 4192
64693 117 2741
64694 118 4210
64695 119 2925
64696 120 3416
64697 121 0
64698 122 2128
64699 123 4342
64700 124 4624
64701 125 7136
64702 126 2087
64703 127 3486
64704 128 2239
64705 129 5179
64706 130 0
64707 131 5208
64708 132 5613
64709 133 2189
64710 134 2858
64711 135 3453
64712 136 3370
64713 137 6021
64714 138 1708
64715 139 3724
64716 140 5114
64717 141 3739
64718 142 2985
64719 143 5480
64720 144 1562
64721 145 5145
64722 146 4275
64723 147 0
64724 148 3342
64725 149 7464
64726 150 6932
64727 151 2480
64728 152 4011
64729 153 3167
64730 154 7824
64731 155 2034
64732 156 4255
64733 157 6548
64734 158 2003
