2500
64577 1 2350
64578 2 2368
64579 3 4910
64580 4 6582
64581 5 2064
64582 6 7100
64583 7 2344
64584 8 5234
64585 9 5725
64586 10 5845
64587 11 4547
64588 12 6309
64589 13 2302
64590 14 2792
64591 15 5091
64592 16 5758
64593 17 6285
64594 18 3445
64595 19 4292
64596 20 6858
64597 21 6550
64598 22 5341
64599 23 0
64600 24 6858
64601 25 2697
64602 26 2795
64603 27 4578
64604 28 3749
64605 29 2941
64606 30 8786
64607 31 3199
64608 32 3416
64609 33 2606
64610 34 4422
64611 35 2538
64612 36 2579
64613 37 2325
64614 38 4332
64615 39 2908
64616 40 4188
64617 41 4632
64618 42 4209
64619 43 1367
64620 44 5021
64621 45 3965
64622 46 0
64623 47 5911
64624 48 5406
64625 49 4718
64626 50 2804
64627 51 7828
64628 52 0
64629 53 3762
64630 54 5900
64631 55 2542
64632 56 5744
64633 57 5858
64634 58 3559
64635 59 3194
64636 60 5963
64637 61 5902
64638 62 2204
64639 63 2128
64640 64 4071
64641 65 2740
64642 66 3516
64643 67 2990
64644 68 1864
64645 69 1540
64646 70 5533
64647 71 2692
64648 72 5519
64649 73 4392
64650 74 2792
64651 75 5966
64652 76 3685
64653 77 1750
64654 78 5376
64655 79 2820
64656 80 7323
64657 81 7450
64658 82 7982
64659 83 2675
64660 84 5158
64661 85 5216
64662 86 2551
64663 87 7002
64664 88 6559
64665 89 2699
64666 90 5931
64667 91 4883
64668 92 0
64669 93 1959
64670 94 1972
64671 95 4119
64672 96 2849
64673 97 1931
64674 98 5750
64675 99 0
64676 100 4425
64677 101 4620
64678 102 3698
64679 103 7248
64680 104 2218
64681 105 2325
64682 106 4589
64683 107 5677
64684 108 5308
64685 109 0
64686 110 3075
64687 111 3640
64688 112 3681
64689 113 7918
64690 114 2179
64691 115 3225
64692 116 3734
64693 117 4262
64694 118 7771
64695 119 6425
64696 120 4895
64697 121 0
64698 122 3192
64699 123 3824
64700 124 4558
64701 125 6815
64702 126 0
64703 127 2846
64704 128 4164
64705 129 0
64706 130 2408
64707 131 6594
64708 132 2693
64709 133 4003
64710 134 3642
64711 135 5748
64712 136 0
64713 137 3422
64714 138 6011
64715 139 8175
64716 140 0
64717 141 3392
64718 142 8486
64719 143 7552
64720 144 2003
