2500
64577 1 1303
64578 2 2483
64579 3 2349
64580 4 5953
64581 5 4317
64582 6 3836
64583 7 5365
64584 8 6043
64585 9 4902
64586 10 2340
64587 11 3811
64588 12 6192
64589 13 1732
64590 14 4524
64591 15 4016
64592 16 2190
64593 17 7425
64594 18 2418
64595 19 6695
64596 20 5791
64597 21 7674
64598 22 6325
64599 23 7808
64600 24 3767
64601 25 7254
64602 26 2236
64603 27 2660
64604 28 2874
64605 29 3584
64606 30 3719
64607 31 1911
64608 32 6413
64609 33 0
64610 34 2886
64611 35 3550
64612 36 2600
64613 37 0
64614 38 3599
64615 39 2823
64616 40 2639
64617 41 2096
64618 42 3893
64619 43 7863
64620 44 2156
64621 45 3170
64622 46 2185
64623 47 5278
64624 48 3851
64625 49 2642
64626 50 2980
64627 51 2700
64628 52 0
64629 53 3474
64630 54 2591
64631 55 2917
64632 56 2607
64633 57 1276
64634 58 5431
64635 59 2879
64636 60 7241
64637 61 3411
64638 62 4300
64639 63 6936
64640 64 2321
64641 65 3097
64642 66 2444
64643 67 6034
64644 68 5466
64645 69 2628
64646 70 3959
64647 71 2741
64648 72 3477
64649 73 5729
64650 74 0
64651 75 3480
64652 76 3778
64653 77 2558
64654 78 4240
64655 79 2511
64656 80 4819
64657 81 3335
64658 82 8258
64659 83 1799
64660 84 2830
64661 85 6096
64662 86 4934
64663 87 5496
64664 88 3545
64665 89 8168
64666 90 5825
64667 91 5293
64668 92 0
64669 93 2825
64670 94 1715
64671 95 4042
64672 96 9533
64673 97 2265
64674 98 6592
64675 99 4109
64676 100 0
64677 101 2405
64678 102 6786
64679 103 1793
64680 104 2637
64681 105 3042
64682 106 5088
64683 107 0
64684 108 3125
64685 109 4892
64686 110 1629
64687 111 7315
64688 112 2530
64689 113 3012
64690 114 1813
64691 115 4966
64692 116 2841
64693 117 4310
64694 118 0
64695 119 4145
64696 120 2597
64697 121 5186
64698 122 3785
64699 123 4000
64700 124 0
64701 125 2524
64702 126 9432
64703 127 2295
64704 128 4708
64705 129 5126
64706 130 1754
64707 131 7600
64708 132 2475
64709 133 5385
64710 134 6239
64711 135 8270
64712 136 3659
64713 137 1772
64714 138 1672
64715 139 3479
64716 140 2787
64717 141 6602
64718 142 4306
64719 143 0
64720 144 4730
64721 145 8655
64722 146 3459
64723 147 5876
64724 148 0
64725 149 2406
64726 150 6241
64727 151 6077
64728 152 2003
