2500
64577 1 3885
64578 2 4506
64579 3 2400
64580 4 4709
64581 5 6007
64582 6 3662
64583 7 5354
64584 8 3130
64585 9 4992
64586 10 3042
64587 11 7286
64588 12 2111
64589 13 4575
64590 14 6118
64591 15 6084
64592 16 7030
64593 17 2645
64594 18 4262
64595 19 0
64596 20 3950
64597 21 5845
64598 22 2526
64599 23 4047
64600 24 0
64601 25 2499
64602 26 3660
64603 27 6773
64604 28 3630
64605 29 2003
64606 30 5858
64607 31 1803
64608 32 6013
64609 33 6892
64610 34 0
64611 35 3026
64612 36 5604
64613 37 0
64614 38 5042
64615 39 4610
64616 40 2238
64617 41 3476
64618 42 0
64619 43 3425
64620 44 6010
64621 45 3876
64622 46 7658
64623 47 5892
64624 48 6075
64625 49 5375
64626 50 8925
64627 51 0
64628 52 7842
64629 53 4909
64630 54 10110
64631 55 2003
64632 56 7608
64633 57 5475
64634 58 5342
64635 59 6025
64636 60 0
64637 61 4854
64638 62 2090
64639 63 7159
64640 64 2262
64641 65 8242
64642 66 5375
64643 67 5125
64644 68 4625
64645 69 0
64646 70 6242
64647 71 5030
64648 72 2053
64649 73 5698
64650 74 2219
64651 75 3092
64652 76 5819
64653 77 6642
64654 78 7925
64655 79 0
64656 80 8092
64657 81 7408
64658 82 2596
64659 83 4555
64660 84 6652
64661 85 2382
64662 86 3396
64663 87 4193
64664 88 2534
64665 89 4870
64666 90 2666
64667 91 2272
64668 92 3881
64669 93 2251
64670 94 5706
64671 95 0
64672 96 2408
64673 97 5033
64674 98 4454
64675 99 4388
64676 100 1369
64677 101 4733
64678 102 6201
64679 103 2323
64680 104 5330
64681 105 4047
64682 106 7194
64683 107 7816
64684 108 6358
64685 109 5958
64686 110 0
64687 111 2648
64688 112 4044
64689 113 2792
64690 114 5035
64691 115 2881
64692 116 5522
64693 117 2657
64694 118 3126
64695 119 3902
64696 120 2258
64697 121 6323
64698 122 2333
64699 123 5176
64700 124 4150
64701 125 4755
64702 126 2796
64703 127 0
64704 128 6991
64705 129 4144
64706 130 0
64707 131 1990
64708 132 2192
64709 133 5276
64710 134 3729
64711 135 3288
64712 136 0
64713 137 2425
64714 138 2242
64715 139 2700
64716 140 6283
64717 141 6780
64718 142 2003
