2500
64577 1 2317
64578 2 3886
64579 3 2521
64580 4 3029
64581 5 3946
64582 6 1833
64583 7 2920
64584 8 1811
64585 9 3530
64586 10 2441
64587 11 2371
64588 12 2567
64589 13 2520
64590 14 3132
64591 15 0
64592 16 2065
64593 17 2332
64594 18 3646
64595 19 7906
64596 20 4054
64597 21 3268
64598 22 3089
64599 23 4414
64600 24 2927
64601 25 5125
64602 26 4942
64603 27 0
64604 28 6705
64605 29 5855
64606 30 5779
64607 31 5608
64608 32 5307
64609 33 0
64610 34 5042
64611 35 1604
64612 36 1272
64613 37 4224
64614 38 2935
64615 39 2475
64616 40 8265
64617 41 0
64618 42 1846
64619 43 2753
64620 44 0
64621 45 1533
64622 46 4137
64623 47 1599
64624 48 6257
64625 49 5759
64626 50 2118
64627 51 3892
64628 52 6273
64629 53 4686
64630 54 4846
64631 55 5035
64632 56 3692
64633 57 2507
64634 58 3724
64635 59 5392
64636 60 1358
64637 61 5021
64638 62 3075
64639 63 4655
64640 64 0
64641 65 4325
64642 66 6307
64643 67 5160
64644 68 4791
64645 69 2558
64646 70 0
64647 71 2925
64648 72 2309
64649 73 6782
64650 74 8496
64651 75 2159
64652 76 3192
64653 77 3158
64654 78 2771
64655 79 4093
64656 80 2527
64657 81 2561
64658 82 5834
64659 83 1259
64660 84 2839
64661 85 3528
64662 86 2758
64663 87 2375
64664 88 2880
64665 89 3593
64666 90 4815
64667 91 3292
64668 92 2829
64669 93 4913
64670 94 3872
64671 95 1728
64672 96 3473
64673 97 2665
64674 98 0
64675 99 2075
64676 100 3320
64677 101 1894
64678 102 6950
64679 103 1629
64680 104 5489
64681 105 4857
64682 106 9108
64683 107 5233
64684 108 4632
64685 109 4769
64686 110 4988
64687 111 0
64688 112 3501
64689 113 5384
64690 114 4587
64691 115 4702
64692 116 2729
64693 117 5220
64694 118 5016
64695 119 2262
64696 120 2539
64697 121 2938
64698 122 3676
64699 123 6308
64700 124 2522
64701 125 5871
64702 126 8596
64703 127 2123
64704 128 3942
64705 129 5895
64706 130 3542
64707 131 2625
64708 132 7655
64709 133 2482
64710 134 3040
64711 135 7925
64712 136 1454
64713 137 7568
64714 138 2635
64715 139 5667
64716 140 0
64717 141 2425
64718 142 3131
64719 143 4304
64720 144 6670
64721 145 3936
64722 146 5863
64723 147 3517
64724 148 3608
64725 149 4852
64726 150 0
64727 151 2542
64728 152 3954
64729 153 4357
64730 154 4492
64731 155 6566
64732 156 876
64733 157 3879
64734 158 5621
64735 159 2003
