2500
64577 1 3208
64578 2 5968
64579 3 6171
64580 4 2506
64581 5 3669
64582 6 2801
64583 7 5902
64584 8 3111
64585 9 5574
64586 10 6275
64587 11 2599
64588 12 3145
64589 13 10351
64590 14 2244
64591 15 5034
64592 16 6625
64593 17 2529
64594 18 6457
64595 19 1351
64596 20 4100
64597 21 6332
64598 22 2891
64599 23 0
64600 24 4884
64601 25 2697
64602 26 2337
64603 27 7557
64604 28 1877
64605 29 5128
64606 30 5619
64607 31 2940
64608 32 6711
64609 33 1794
64610 34 7316
64611 35 2965
64612 36 2561
64613 37 2249
64614 38 3719
64615 39 1837
64616 40 3824
64617 41 2743
64618 42 2490
64619 43 5828
64620 44 2488
64621 45 2398
64622 46 4667
64623 47 2386
64624 48 6273
64625 49 0
64626 50 5178
64627 51 5929
64628 52 2191
64629 53 5442
64630 54 0
64631 55 10642
64632 56 4728
64633 57 4662
64634 58 2068
64635 59 2492
64636 60 3686
64637 61 3534
64638 62 4726
64639 63 3263
64640 64 3578
64641 65 2846
64642 66 3826
64643 67 3456
64644 68 3010
64645 69 2659
64646 70 4146
64647 71 10958
64648 72 2878
64649 73 4894
64650 74 2742
64651 75 4540
64652 76 5950
64653 77 2406
64654 78 4985
64655 79 0
64656 80 2267
64657 81 2692
64658 82 7698
64659 83 4874
64660 84 2586
64661 85 2378
64662 86 3455
64663 87 2223
64664 88 5509
64665 89 7700
64666 90 2054
64667 91 1130
64668 92 4292
64669 93 7346
64670 94 5774
64671 95 7355
64672 96 2928
64673 97 7830
64674 98 5893
64675 99 2413
64676 100 6180
64677 101 4608
64678 102 7508
64679 103 2081
64680 104 2508
64681 105 5160
64682 106 9686
64683 107 6525
64684 108 6958
64685 109 4894
64686 110 5406
64687 111 2349
64688 112 9400
64689 113 4230
64690 114 6842
64691 115 0
64692 116 3201
64693 117 5887
64694 118 6692
64695 119 6792
64696 120 3048
64697 121 5400
64698 122 5534
64699 123 9433
64700 124 0
64701 125 2088
64702 126 6372
64703 127 8388
64704 128 2589
64705 129 9553
64706 130 2177
64707 131 6589
64708 132 7908
64709 133 2003
