2500
64577 1 1104
64578 2 2091
64579 3 2570
64580 4 2982
64581 5 3909
64582 6 4683
64583 7 0
64584 8 3999
64585 9 3548
64586 10 2176
64587 11 5233
64588 12 6208
64589 13 4477
64590 14 2221
64591 15 3571
64592 16 0
64593 17 3494
64594 18 2602
64595 19 0
64596 20 2881
64597 21 7500
64598 22 2183
64599 23 3126
64600 24 6973
64601 25 4642
64602 26 3796
64603 27 6011
64604 28 6825
64605 29 4625
64606 30 5450
64607 31 0
64608 32 3234
64609 33 4357
64610 34 4280
64611 35 5291
64612 36 2373
64613 37 2708
64614 38 3890
64615 39 4553
64616 40 4789
64617 41 4922
64618 42 6199
64619 43 2168
64620 44 1651
64621 45 5521
64622 46 2589
64623 47 5342
64624 48 0
64625 49 1860
64626 50 4615
64627 51 5200
64628 52 3488
64629 53 6677
64630 54 2114
64631 55 2742
64632 56 3763
64633 57 7016
64634 58 2249
64635 59 3394
64636 60 4880
64637 61 5886
64638 62 6858
64639 63 0
64640 64 1804
64641 65 4958
64642 66 5489
64643 67 3639
64644 68 8047
64645 69 2066
64646 70 2808
64647 71 3821
64648 72 3107
64649 73 3299
64650 74 5475
64651 75 2509
64652 76 6464
64653 77 2721
64654 78 3831
64655 79 4705
64656 80 3582
64657 81 6306
64658 82 3180
64659 83 4618
64660 84 3615
64661 85 3144
64662 86 2709
64663 87 6449
64664 88 3258
64665 89 4177
64666 90 2210
64667 91 4440
64668 92 4279
64669 93 3990
64670 94 5392
64671 95 2497
64672 96 4587
64673 97 7558
64674 98 5508
64675 99 5207
64676 100 4042
64677 101 5308
64678 102 0
64679 103 4552
64680 104 2661
64681 105 4328
64682 106 2611
64683 107 3586
64684 108 4908
64685 109 0
64686 110 2165
64687 111 2039
64688 112 6576
64689 113 4563
64690 114 3527
64691 115 5300
64692 116 2212
64693 117 4858
64694 118 2575
64695 119 4000
64696 120 6198
64697 121 6225
64698 122 0
64699 123 4675
64700 124 2092
64701 125 3486
64702 126 4408
64703 127 3058
64704 128 2431
64705 129 0
64706 130 5566
64707 131 3892
64708 132 2842
64709 133 6432
64710 134 2135
64711 135 2751
64712 136 7653
64713 137 6392
64714 138 0
64715 139 2027
64716 140 5700
64717 141 2146
64718 142 2521
64719 143 2192
64720 144 3630
64721 145 2073
64722 146 5844
64723 147 0
64724 148 3992
64725 149 4791
64726 150 3615
64727 151 0
64728 152 3125
64729 153 5683
64730 154 5629
64731 155 4250
64732 156 2003
