2500
64577 1 5738
64578 2 2545
64579 3 3362
64580 4 0
64581 5 1498
64582 6 2257
64583 7 2308
64584 8 1941
64585 9 0
64586 10 4025
64587 11 4934
64588 12 3717
64589 13 6429
64590 14 0
64591 15 2733
64592 16 2418
64593 17 4550
64594 18 3770
64595 19 6240
64596 20 2132
64597 21 1507
64598 22 6911
64599 23 5349
64600 24 3208
64601 25 4879
64602 26 6740
64603 27 0
64604 28 3025
64605 29 6414
64606 30 6150
64607 31 2189
64608 32 1905
64609 33 7825
64610 34 5041
64611 35 2676
64612 36 6702
64613 37 0
64614 38 3247
64615 39 3954
64616 40 6465
64617 41 0
64618 42 3108
64619 43 3196
64620 44 4252
64621 45 0
64622 46 2825
64623 47 1937
64624 48 7147
64625 49 6893
64626 50 2173
64627 51 7858
64628 52 4759
64629 53 5255
64630 54 6158
64631 55 6318
64632 56 7208
64633 57 3626
64634 58 9128
64635 59 2104
64636 60 4119
64637 61 1827
64638 62 3445
64639 63 5462
64640 64 2492
64641 65 3425
64642 66 0
64643 67 1359
64644 68 2204
64645 69 2421
64646 70 2083
64647 71 0
64648 72 5242
64649 73 2274
64650 74 6499
64651 75 2183
64652 76 2492
64653 77 3693
64654 78 2793
64655 79 1905
64656 80 7325
64657 81 0
64658 82 2408
64659 83 6591
64660 84 4720
64661 85 4703
64662 86 0
64663 87 2908
64664 88 2897
64665 89 4863
64666 90 7070
64667 91 2133
64668 92 2642
64669 93 4760
64670 94 5460
64671 95 6041
64672 96 2452
64673 97 3315
64674 98 2795
64675 99 5211
64676 100 2764
64677 101 3280
64678 102 3245
64679 103 2302
64680 104 0
64681 105 4486
64682 106 3067
64683 107 3353
64684 108 2591
64685 109 5512
64686 110 2064
64687 111 2317
64688 112 4178
64689 113 6411
64690 114 6642
64691 115 2255
64692 116 3706
64693 117 5577
64694 118 2227
64695 119 6192
64696 120 3379
64697 121 4215
64698 122 5573
64699 123 2604
64700 124 5751
64701 125 3703
64702 126 5237
64703 127 2494
64704 128 0
64705 129 1676
64706 130 3244
64707 131 5348
64708 132 3387
64709 133 2506
64710 134 0
64711 135 2442
64712 136 8247
64713 137 2526
64714 138 2150
64715 139 4908
64716 140 1488
64717 141 7544
64718 142 2178
64719 143 5658
64720 144 6492
64721 145 8075
64722 146 5696
64723 147 1653
64724 148 4666
64725 149 2859
64726 150 2764
64727 151 3629
64728 152 7158
64729 153 1913
64730 154 7109
64731 155 7084
64732 156 2003
