2500
64577 1 1368
64578 2 2417
64579 3 2631
64580 4 3178
64581 5 4582
64582 6 7154
64583 7 7575
64584 8 4620
64585 9 4958
64586 10 4397
64587 11 4535
64588 12 3493
64589 13 3366
64590 14 1474
64591 15 5267
64592 16 5233
64593 17 2846
64594 18 1924
64595 19 3991
64596 20 2389
64597 21 4408
64598 22 7293
64599 23 5702
64600 24 2275
64601 25 8142
64602 26 4836
64603 27 3672
64604 28 2628
64605 29 4281
64606 30 6228
64607 31 5220
64608 32 4925
64609 33 3687
64610 34 6677
64611 35 3942
64612 36 4068
64613 37 4739
64614 38 4343
64615 39 4613
64616 40 0
64617 41 2408
64618 42 3643
64619 43 3442
64620 44 1573
64621 45 5329
64622 46 0
64623 47 6286
64624 48 2292
64625 49 6047
64626 50 2220
64627 51 5975
64628 52 3529
64629 53 3935
64630 54 4152
64631 55 1441
64632 56 5392
64633 57 6428
64634 58 6342
64635 59 6942
64636 60 1542
64637 61 2876
64638 62 8323
64639 63 2171
64640 64 3856
64641 65 2737
64642 66 4124
64643 67 6973
64644 68 3025
64645 69 4207
64646 70 3400
64647 71 6999
64648 72 8708
64649 73 5482
64650 74 0
64651 75 4992
64652 76 6622
64653 77 7849
64654 78 6234
64655 79 3208
64656 80 3429
64657 81 2529
64658 82 4053
64659 83 5678
64660 84 0
64661 85 2272
64662 86 4929
64663 87 2244
64664 88 8535
64665 89 2231
64666 90 4342
64667 91 5171
64668 92 3870
64669 93 4611
64670 94 5292
64671 95 0
64672 96 1482
64673 97 4386
64674 98 9284
64675 99 0
64676 100 2725
64677 101 5430
64678 102 5490
64679 103 2218
64680 104 3125
64681 105 3285
64682 106 5035
64683 107 2089
64684 108 1539
64685 109 5484
64686 110 5433
64687 111 2539
64688 112 4297
64689 113 2001
64690 114 0
64691 115 1891
64692 116 5512
64693 117 2638
64694 118 4219
64695 119 3075
64696 120 2596
64697 121 2352
64698 122 8515
64699 123 1905
64700 124 2383
64701 125 3336
64702 126 2302
64703 127 3096
64704 128 2218
64705 129 4022
64706 130 2746
64707 131 6599
64708 132 0
64709 133 3125
64710 134 3282
64711 135 7680
64712 136 2204
64713 137 3947
64714 138 3243
64715 139 5079
64716 140 3779
64717 141 2693
64718 142 3878
64719 143 2333
64720 144 5747
64721 145 4896
64722 146 5470
64723 147 2003
