2500
64577 1 2700
64578 2 2797
64579 3 2309
64580 4 6558
64581 5 3286
64582 6 4567
64583 7 3401
64584 8 2666
64585 9 3849
64586 10 2892
64587 11 3832
64588 12 2590
64589 13 1464
64590 14 3695
64591 15 7152
64592 16 2574
64593 17 1489
64594 18 7571
64595 19 3531
64596 20 0
64597 21 3258
64598 22 5656
64599 23 5618
64600 24 7344
64601 25 3317
64602 26 2765
64603 27 0
64604 28 2400
64605 29 4719
64606 30 2151
64607 31 3266
64608 32 7063
64609 33 2240
64610 34 4275
64611 35 3800
64612 36 4803
64613 37 5825
64614 38 0
64615 39 2248
64616 40 3988
64617 41 7081
64618 42 4719
64619 43 7060
64620 44 2711
64621 45 5542
64622 46 8465
64623 47 2185
64624 48 2842
64625 49 6550
64626 50 2616
64627 51 1371
64628 52 5699
64629 53 3485
64630 54 2845
64631 55 3768
64632 56 4108
64633 57 4620
64634 58 0
64635 59 2858
64636 60 6750
64637 61 4728
64638 62 2504
64639 63 6432
64640 64 10192
64641 65 0
64642 66 2908
64643 67 7216
64644 68 3353
64645 69 6317
64646 70 2196
64647 71 3671
64648 72 5413
64649 73 3812
64650 74 6900
64651 75 5625
64652 76 2171
64653 77 2500
64654 78 4360
64655 79 2348
64656 80 1463
64657 81 4340
64658 82 3552
64659 83 4606
64660 84 1545
64661 85 6712
64662 86 3242
64663 87 4852
64664 88 3093
64665 89 0
64666 90 5469
64667 91 2718
64668 92 6826
64669 93 1481
64670 94 5449
64671 95 8453
64672 96 2138
64673 97 7458
64674 98 4403
64675 99 1693
64676 100 4562
64677 101 4368
64678 102 5596
64679 103 6661
64680 104 9214
64681 105 3830
64682 106 0
64683 107 2725
64684 108 9058
64685 109 2459
64686 110 7174
64687 111 2508
64688 112 6987
64689 113 2157
64690 114 2925
64691 115 5910
64692 116 3768
64693 117 3199
64694 118 1918
64695 119 4603
64696 120 3066
64697 121 2871
64698 122 3514
64699 123 1785
64700 124 4689
64701 125 4393
64702 126 2645
64703 127 0
64704 128 2366
64705 129 2988
64706 130 4030
64707 131 4619
64708 132 6885
64709 133 0
64710 134 7376
64711 135 3804
64712 136 4546
64713 137 4487
64714 138 3689
64715 139 2763
64716 140 6708
64717 141 5781
64718 142 2637
64719 143 5761
64720 144 9708
64721 145 2003
