2500
64577 1 3323
64578 2 3136
64579 3 2824
64580 4 1966
64581 5 6481
64582 6 5117
64583 7 5736
64584 8 7025
64585 9 0
64586 10 2917
64587 11 3487
64588 12 1811
64589 13 5172
64590 14 4612
64591 15 6697
64592 16 4666
64593 17 5785
64594 18 6659
64595 19 5402
64596 20 1741
64597 21 5654
64598 22 0
64599 23 7108
64600 24 4277
64601 25 2436
64602 26 5250
64603 27 2501
64604 28 4443
64605 29 1277
64606 30 7601
64607 31 2151
64608 32 4275
64609 33 5071
64610 34 3855
64611 35 7658
64612 36 0
64613 37 1814
64614 38 5116
64615 39 5591
64616 40 3918
64617 41 11091
64618 42 2084
64619 43 1187
64620 44 3627
64621 45 2294
64622 46 5580
64623 47 3497
64624 48 4581
64625 49 0
64626 50 3408
64627 51 4740
64628 52 2764
64629 53 5651
64630 54 5916
64631 55 2213
64632 56 3292
64633 57 6408
64634 58 4335
64635 59 5886
64636 60 4524
64637 61 1980
64638 62 11502
64639 63 2100
64640 64 4973
64641 65 0
64642 66 3308
64643 67 7978
64644 68 2363
64645 69 4990
64646 70 3341
64647 71 6761
64648 72 4394
64649 73 4884
64650 74 4275
64651 75 4915
64652 76 4133
64653 77 4533
64654 78 2649
64655 79 0
64656 80 2621
64657 81 4055
64658 82 8047
64659 83 5021
64660 84 3093
64661 85 2403
64662 86 1660
64663 87 3567
64664 88 2269
64665 89 0
64666 90 2508
64667 91 3482
64668 92 6876
64669 93 4186
64670 94 2229
64671 95 7575
64672 96 2287
64673 97 3940
64674 98 7203
64675 99 4333
64676 100 2819
64677 101 6069
64678 102 12521
64679 103 2003
64680 104 5997
64681 105 4236
64682 106 6142
64683 107 2686
64684 108 7984
64685 109 5103
64686 110 7030
64687 111 8285
64688 112 7412
64689 113 4610
64690 114 11442
64691 115 3110
64692 116 4333
64693 117 4124
64694 118 0
64695 119 3468
64696 120 5451
64697 121 2550
64698 122 6003
64699 123 0
64700 124 6808
64701 125 6059
64702 126 4404
64703 127 7425
64704 128 4215
64705 129 6899
64706 130 3621
64707 131 5906
64708 132 8846
64709 133 2003
