2500
64577 1 3529
64578 2 2044
64579 3 1534
64580 4 5694
64581 5 4986
64582 6 5956
64583 7 5112
64584 8 4329
64585 9 5475
64586 10 7649
64587 11 2207
64588 12 6908
64589 13 6238
64590 14 3422
64591 15 5783
64592 16 0
64593 17 2758
64594 18 4078
64595 19 4427
64596 20 3503
64597 21 8573
64598 22 2219
64599 23 5942
64600 24 5494
64601 25 2232
64602 26 6636
64603 27 0
64604 28 2126
64605 29 3443
64606 30 9731
64607 31 10475
64608 32 4414
64609 33 7597
64610 34 1254
64611 35 4527
64612 36 5269
64613 37 7982
64614 38 2684
64615 39 5345
64616 40 2933
64617 41 8175
64618 42 2003
64619 43 2407
64620 44 1612
64621 45 8022
64622 46 3899
64623 47 0
64624 48 2792
64625 49 3584
64626 50 8275
64627 51 2278
64628 52 1994
64629 53 4311
64630 54 5770
64631 55 2804
64632 56 9418
64633 57 2443
64634 58 5018
64635 59 0
64636 60 5095
64637 61 8320
64638 62 2446
64639 63 6091
64640 64 2315
64641 65 5182
64642 66 3863
64643 67 0
64644 68 3980
64645 69 1186
64646 70 4321
64647 71 7288
64648 72 2003
64649 73 5492
64650 74 2395
64651 75 3292
64652 76 2469
64653 77 4110
64654 78 7164
64655 79 8192
64656 80 5588
64657 81 4964
64658 82 3987
64659 83 2273
64660 84 6559
64661 85 4608
64662 86 8583
64663 87 0
64664 88 2532
64665 89 5070
64666 90 10162
64667 91 2869
64668 92 4443
64669 93 2570
64670 94 2775
64671 95 0
64672 96 2808
64673 97 7461
64674 98 2588
64675 99 3266
64676 100 4606
64677 101 2626
64678 102 9836
64679 103 0
64680 104 3554
64681 105 1274
64682 106 10068
64683 107 2220
64684 108 4892
64685 109 3033
64686 110 6467
64687 111 4198
64688 112 12449
64689 113 4185
64690 114 8295
64691 115 10536
64692 116 8145
64693 117 7542
64694 118 6192
64695 119 6335
64696 120 0
64697 121 2608
64698 122 3948
64699 123 2790
64700 124 1612
64701 125 6034
64702 126 0
64703 127 7810
64704 128 3208
64705 129 9138
64706 130 2003
