2500
64577 1 3181
64578 2 4287
64579 3 3548
64580 4 4933
64581 5 4488
64582 6 1480
64583 7 6117
64584 8 2855
64585 9 2652
64586 10 4320
64587 11 6411
64588 12 5125
64589 13 5703
64590 14 6519
64591 15 5275
64592 16 1429
64593 17 8718
64594 18 4557
64595 19 2702
64596 20 4963
64597 21 5862
64598 22 4405
64599 23 0
64600 24 7983
64601 25 2722
64602 26 5558
64603 27 7556
64604 28 2217
64605 29 3958
64606 30 1427
64607 31 1805
64608 32 4452
64609 33 4307
64610 34 6201
64611 35 7346
64612 36 7745
64613 37 7175
64614 38 2692
64615 39 7011
64616 40 0
64617 41 3092
64618 42 5888
64619 43 5284
64620 44 3617
64621 45 3719
64622 46 7027
64623 47 0
64624 48 8906
64625 49 6349
64626 50 0
64627 51 2843
64628 52 6424
64629 53 4583
64630 54 2305
64631 55 1612
64632 56 4923
64633 57 5836
64634 58 4714
64635 59 5971
64636 60 4416
64637 61 4292
64638 62 3274
64639 63 6625
64640 64 1760
64641 65 5990
64642 66 2725
64643 67 6144
64644 68 2450
64645 69 2782
64646 70 0
64647 71 2062
64648 72 4900
64649 73 2558
64650 74 6233
64651 75 8862
64652 76 2237
64653 77 1549
64654 78 3075
64655 79 5119
64656 80 3555
64657 81 5330
64658 82 9075
64659 83 4792
64660 84 9284
64661 85 5575
64662 86 4608
64663 87 5408
64664 88 6445
64665 89 9392
64666 90 7658
64667 91 6465
64668 92 3592
64669 93 5376
64670 94 0
64671 95 5485
64672 96 2563
64673 97 5008
64674 98 2748
64675 99 4440
64676 100 4175
64677 101 4416
64678 102 2674
64679 103 7191
64680 104 0
64681 105 2708
64682 106 5653
64683 107 0
64684 108 3944
64685 109 1515
64686 110 3766
64687 111 9507
64688 112 2235
64689 113 4392
64690 114 5509
64691 115 6093
64692 116 6025
64693 117 0
64694 118 5700
64695 119 3187
64696 120 7346
64697 121 2678
64698 122 2475
64699 123 5443
64700 124 8104
64701 125 7375
64702 126 0
64703 127 4771
64704 128 5656
64705 129 4728
64706 130 6472
64707 131 2003
