2500
64577 1 5816
64578 2 4224
64579 3 0
64580 4 4320
64581 5 5984
64582 6 4788
64583 7 3458
64584 8 5433
64585 9 4501
64586 10 0
64587 11 2307
64588 12 9641
64589 13 4771
64590 14 1461
64591 15 7282
64592 16 2081
64593 17 7436
64594 18 3773
64595 19 4764
64596 20 6727
64597 21 0
64598 22 4290
64599 23 4275
64600 24 2197
64601 25 6698
64602 26 8159
64603 27 2003
64604 28 3242
64605 29 5036
64606 30 4653
64607 31 4558
64608 32 3624
64609 33 5167
64610 34 0
64611 35 2310
64612 36 10029
64613 37 4181
64614 38 1633
64615 39 7224
64616 40 2174
64617 41 7347
64618 42 4129
64619 43 5775
64620 44 6498
64621 45 0
64622 46 1566
64623 47 6635
64624 48 5822
64625 49 2280
64626 50 8786
64627 51 2606
64628 52 5276
64629 53 0
64630 54 5688
64631 55 3513
64632 56 3705
64633 57 4881
64634 58 2566
64635 59 2692
64636 60 6359
64637 61 5220
64638 62 5279
64639 63 4589
64640 64 2784
64641 65 0
64642 66 2241
64643 67 2772
64644 68 1501
64645 69 5615
64646 70 4569
64647 71 9634
64648 72 2289
64649 73 1984
64650 74 2103
64651 75 3354
64652 76 1546
64653 77 1873
64654 78 3245
64655 79 2896
64656 80 5626
64657 81 2530
64658 82 5273
64659 83 6450
64660 84 3089
64661 85 1941
64662 86 4304
64663 87 4988
64664 88 1476
64665 89 2880
64666 90 7451
64667 91 1630
64668 92 4456
64669 93 5600
64670 94 4065
64671 95 4611
64672 96 1620
64673 97 4401
64674 98 3632
64675 99 3737
64676 100 2552
64677 101 2738
64678 102 0
64679 103 3460
64680 104 5400
64681 105 3425
64682 106 3600
64683 107 2325
64684 108 3481
64685 109 2837
64686 110 4850
64687 111 4515
64688 112 5367
64689 113 2258
64690 114 3325
64691 115 5410
64692 116 4677
64693 117 5420
64694 118 5210
64695 119 2995
64696 120 4436
64697 121 0
64698 122 5258
64699 123 5090
64700 124 5708
64701 125 5306
64702 126 4887
64703 127 7079
64704 128 2731
64705 129 1443
64706 130 4770
64707 131 7782
64708 132 1192
64709 133 6100
64710 134 1257
64711 135 1327
64712 136 5258
64713 137 4885
64714 138 0
64715 139 4467
64716 140 6858
64717 141 7348
64718 142 0
64719 143 4275
64720 144 9227
64721 145 2003
