2500
64577 1 2451
64578 2 7223
64579 3 3336
64580 4 6500
64581 5 2097
64582 6 4754
64583 7 6084
64584 8 2400
64585 9 3736
64586 10 4708
64587 11 2480
64588 12 4234
64589 13 8130
64590 14 2347
64591 15 6229
64592 16 4671
64593 17 6394
64594 18 1501
64595 19 3562
64596 20 2842
64597 21 2041
64598 22 8171
64599 23 2850
64600 24 5679
64601 25 2367
64602 26 4562
64603 27 2415
64604 28 3100
64605 29 0
64606 30 6425
64607 31 6877
64608 32 5748
64609 33 2499
64610 34 4751
64611 35 3630
64612 36 3768
64613 37 5265
64614 38 0
64615 39 1871
64616 40 3285
64617 41 7905
64618 42 2488
64619 43 3093
64620 44 7576
64621 45 2011
64622 46 0
64623 47 2406
64624 48 5877
64625 49 2276
64626 50 4382
64627 51 3192
64628 52 3721
64629 53 2376
64630 54 7157
64631 55 2214
64632 56 2080
64633 57 3072
64634 58 4781
64635 59 5712
64636 60 0
64637 61 2324
64638 62 3555
64639 63 6687
64640 64 8086
64641 65 2182
64642 66 2029
64643 67 4275
64644 68 9800
64645 69 4083
64646 70 7298
64647 71 2032
64648 72 2593
64649 73 3975
64650 74 3174
64651 75 0
64652 76 2827
64653 77 5803
64654 78 2830
64655 79 4075
64656 80 4900
64657 81 0
64658 82 2675
64659 83 4013
64660 84 4053
64661 85 3921
64662 86 6539
64663 87 6353
64664 88 6308
64665 89 1376
64666 90 7088
64667 91 6614
64668 92 3808
64669 93 5802
64670 94 9013
64671 95 2177
64672 96 1107
64673 97 1923
64674 98 4845
64675 99 3188
64676 100 1444
64677 101 4321
64678 102 6519
64679 103 7754
64680 104 0
64681 105 2241
64682 106 8106
64683 107 3057
64684 108 4133
64685 109 0
64686 110 7442
64687 111 6685
64688 112 0
64689 113 2442
64690 114 6545
64691 115 8361
64692 116 2121
64693 117 4169
64694 118 3165
64695 119 8796
64696 120 7058
64697 121 0
64698 122 2492
64699 123 4923
64700 124 6109
64701 125 1469
64702 126 3859
64703 127 3712
64704 128 2675
64705 129 3644
64706 130 0
64707 131 2708
64708 132 5441
64709 133 5281
64710 134 3014
64711 135 4538
64712 136 2515
64713 137 2490
64714 138 5638
64715 139 0
64716 140 6787
64717 141 6534
64718 142 2590
64719 143 7062
64720 144 6021
64721 145 2003
