2500
64577 1 2400
64578 2 4484
64579 3 2691
64580 4 4736
64581 5 2406
64582 6 3742
64583 7 2480
64584 8 4074
64585 9 3007
64586 10 3379
64587 11 5497
64588 12 0
64589 13 4458
64590 14 7039
64591 15 6275
64592 16 6427
64593 17 0
64594 18 1664
64595 19 6910
64596 20 3643
64597 21 2407
64598 22 5168
64599 23 0
64600 24 2925
64601 25 3558
64602 26 5676
64603 27 2342
64604 28 7361
64605 29 1414
64606 30 3831
64607 31 0
64608 32 6292
64609 33 2650
64610 34 3414
64611 35 0
64612 36 6144
64613 37 6157
64614 38 2549
64615 39 7736
64616 40 8717
64617 41 2003
64618 42 3042
64619 43 3475
64620 44 5330
64621 45 8106
64622 46 6584
64623 47 0
64624 48 2658
64625 49 4533
64626 50 5172
64627 51 4930
64628 52 2939
64629 53 2665
64630 54 6548
64631 55 0
64632 56 4083
64633 57 7145
64634 58 2893
64635 59 7525
64636 60 5400
64637 61 2398
64638 62 2317
64639 63 5233
64640 64 3961
64641 65 7814
64642 66 5227
64643 67 2399
64644 68 4016
64645 69 4605
64646 70 7142
64647 71 3348
64648 72 3670
64649 73 5308
64650 74 5092
64651 75 4979
64652 76 4341
64653 77 4048
64654 78 5204
64655 79 2103
64656 80 4258
64657 81 6547
64658 82 4756
64659 83 5903
64660 84 5910
64661 85 4692
64662 86 6548
64663 87 6287
64664 88 2180
64665 89 1928
64666 90 4312
64667 91 3809
64668 92 3142
64669 93 6067
64670 94 2195
64671 95 6359
64672 96 2476
64673 97 3829
64674 98 3108
64675 99 4595
64676 100 2561
64677 101 7430
64678 102 6508
64679 103 2199
64680 104 1452
64681 105 5183
64682 106 1296
64683 107 2691
64684 108 3148
64685 109 4314
64686 110 7911
64687 111 5858
64688 112 4929
64689 113 4440
64690 114 0
64691 115 3512
64692 116 7527
64693 117 3721
64694 118 2396
64695 119 6484
64696 120 5425
64697 121 5775
64698 122 0
64699 123 2608
64700 124 3099
64701 125 2686
64702 126 4262
64703 127 4876
64704 128 2557
64705 129 5908
64706 130 3365
64707 131 0
64708 132 5412
64709 133 3710
64710 134 6295
64711 135 2469
64712 136 4720
64713 137 3274
64714 138 6039
64715 139 2222
64716 140 3869
64717 141 8483
64718 142 2003
