2500
64577 1 1882
64578 2 1733
64579 3 4546
64580 4 4828
64581 5 3630
64582 6 6121
64583 7 3442
64584 8 2560
64585 9 7678
64586 10 2337
64587 11 4403
64588 12 5190
64589 13 4929
64590 14 4984
64591 15 2296
64592 16 6190
64593 17 5904
64594 18 2181
64595 19 2708
64596 20 5663
64597 21 3305
64598 22 3057
64599 23 4919
64600 24 6474
64601 25 0
64602 26 3508
64603 27 4255
64604 28 7863
64605 29 2042
64606 30 8308
64607 31 4593
64608 32 4656
64609 33 2254
64610 34 4336
64611 35 3158
64612 36 4216
64613 37 5454
64614 38 0
64615 39 2755
64616 40 6144
64617 41 1608
64618 42 3996
64619 43 3564
64620 44 4848
64621 45 2858
64622 46 2495
64623 47 8633
64624 48 1897
64625 49 6332
64626 50 1894
64627 51 4567
64628 52 0
64629 53 3575
64630 54 4342
64631 55 2799
64632 56 8131
64633 57 2269
64634 58 1940
64635 59 3306
64636 60 5345
64637 61 4258
64638 62 6751
64639 63 4705
64640 64 4682
64641 65 2502
64642 66 4528
64643 67 6046
64644 68 3095
64645 69 5868
64646 70 2981
64647 71 4192
64648 72 4710
64649 73 5875
64650 74 5908
64651 75 6440
64652 76 2177
64653 77 2155
64654 78 5151
64655 79 4403
64656 80 2514
64657 81 10442
64658 82 6642
64659 83 5592
64660 84 8392
64661 85 3169
64662 86 2802
64663 87 3956
64664 88 9943
64665 89 2211
64666 90 4425
64667 91 4333
64668 92 4250
64669 93 4792
64670 94 5131
64671 95 0
64672 96 2625
64673 97 6446
64674 98 2692
64675 99 2706
64676 100 8977
64677 101 2003
64678 102 7292
64679 103 5926
64680 104 4995
64681 105 4555
64682 106 3467
64683 107 4480
64684 108 0
64685 109 2067
64686 110 6439
64687 111 1622
64688 112 7715
64689 113 2231
64690 114 3158
64691 115 6049
64692 116 4365
64693 117 2160
64694 118 3631
64695 119 2930
64696 120 5253
64697 121 2891
64698 122 5439
64699 123 3160
64700 124 4428
64701 125 4118
64702 126 6472
64703 127 3666
64704 128 8865
64705 129 6603
64706 130 2950
64707 131 3636
64708 132 7443
64709 133 7237
64710 134 1520
64711 135 7648
64712 136 2003
