2500
64577 1 2361
64578 2 5323
64579 3 3050
64580 4 1680
64581 5 4240
64582 6 6443
64583 7 1265
64584 8 2736
64585 9 3394
64586 10 1039
64587 11 3417
64588 12 3698
64589 13 4287
64590 14 3317
64591 15 0
64592 16 2667
64593 17 2826
64594 18 3923
64595 19 4467
64596 20 3635
64597 21 1415
64598 22 3489
64599 23 3424
64600 24 5259
64601 25 1396
64602 26 2990
64603 27 4856
64604 28 2180
64605 29 2865
64606 30 715
64607 31 5262
64608 32 1527
64609 33 5556
64610 34 3952
64611 35 0
64612 36 1946
64613 37 5311
64614 38 2219
64615 39 6690
64616 40 1780
64617 41 2217
64618 42 3822
64619 43 3547
64620 44 4926
64621 45 4200
64622 46 4896
64623 47 4412
64624 48 4152
64625 49 1648
64626 50 3177
64627 51 0
64628 52 3547
64629 53 4438
64630 54 2244
64631 55 2580
64632 56 1170
64633 57 5093
64634 58 1971
64635 59 3506
64636 60 5112
64637 61 2304
64638 62 2085
64639 63 2431
64640 64 6587
64641 65 2892
64642 66 3705
64643 67 5654
64644 68 0
64645 69 3033
64646 70 3978
64647 71 6364
64648 72 2197
64649 73 4150
64650 74 2174
64651 75 4496
64652 76 2917
64653 77 1458
64654 78 7586
64655 79 2193
64656 80 1661
64657 81 2772
64658 82 4917
64659 83 2510
64660 84 2607
64661 85 4747
64662 86 6786
64663 87 2525
64664 88 4066
64665 89 2541
64666 90 4889
64667 91 4234
64668 92 0
64669 93 2117
64670 94 4552
64671 95 2125
64672 96 6794
64673 97 2228
64674 98 1721
64675 99 2252
64676 100 5237
64677 101 5058
64678 102 6325
64679 103 5425
64680 104 1940
64681 105 2355
64682 106 5820
64683 107 2087
64684 108 1430
64685 109 3914
64686 110 2091
64687 111 0
64688 112 5058
64689 113 3810
64690 114 3042
64691 115 2359
64692 116 7063
64693 117 2209
64694 118 2042
64695 119 2880
64696 120 2553
64697 121 2603
64698 122 2451
64699 123 3075
64700 124 3018
64701 125 4706
64702 126 3339
64703 127 0
64704 128 2725
64705 129 5008
64706 130 2354
64707 131 3811
64708 132 2501
64709 133 3929
64710 134 0
64711 135 2425
64712 136 3276
64713 137 4439
64714 138 3430
64715 139 4433
64716 140 0
64717 141 2138
64718 142 2638
64719 143 5879
64720 144 5567
64721 145 5156
64722 146 1834
64723 147 3413
64724 148 2492
64725 149 5924
64726 150 2200
64727 151 2792
64728 152 3864
64729 153 5752
64730 154 4969
64731 155 5306
64732 156 3575
64733 157 5628
64734 158 2826
64735 159 4039
64736 160 5063
64737 161 5873
64738 162 1345
64739 163 1556
64740 164 4558
64741 165 0
64742 166 2289
64743 167 3474
64744 168 3895
64745 169 5809
64746 170 4325
64747 171 5326
64748 172 5582
64749 173 2003
