2500
64577 1 4616
64578 2 1789
64579 3 4520
64580 4 2788
64581 5 4150
64582 6 2107
64583 7 3567
64584 8 1811
64585 9 5750
64586 10 4700
64587 11 2870
64588 12 5045
64589 13 2554
64590 14 7392
64591 15 8442
64592 16 1988
64593 17 4269
64594 18 1798
64595 19 3050
64596 20 4840
64597 21 2384
64598 22 3800
64599 23 2508
64600 24 4700
64601 25 2565
64602 26 4573
64603 27 4640
64604 28 0
64605 29 3929
64606 30 1757
64607 31 7905
64608 32 2273
64609 33 2258
64610 34 2464
64611 35 4142
64612 36 8644
64613 37 6579
64614 38 4410
64615 39 3857
64616 40 1395
64617 41 2930
64618 42 5166
64619 43 2230
64620 44 2003
64621 45 5372
64622 46 5941
64623 47 1750
64624 48 4555
64625 49 3796
64626 50 2883
64627 51 1774
64628 52 3213
64629 53 2007
64630 54 4491
64631 55 5314
64632 56 2250
64633 57 5587
64634 58 4318
64635 59 4712
64636 60 4474
64637 61 5942
64638 62 7621
64639 63 2257
64640 64 5957
64641 65 4425
64642 66 3526
64643 67 0
64644 68 2558
64645 69 4579
64646 70 6314
64647 71 2003
64648 72 5108
64649 73 5414
64650 74 4358
64651 75 0
64652 76 3584
64653 77 4685
64654 78 6600
64655 79 6093
64656 80 2917
64657 81 8016
64658 82 2183
64659 83 3025
64660 84 4496
64661 85 6162
64662 86 5573
64663 87 3969
64664 88 5726
64665 89 5666
64666 90 2502
64667 91 5242
64668 92 4871
64669 93 7163
64670 94 2036
64671 95 3925
64672 96 7506
64673 97 1358
64674 98 5286
64675 99 5675
64676 100 4773
64677 101 3207
64678 102 5244
64679 103 0
64680 104 3973
64681 105 1556
64682 106 7653
64683 107 2200
64684 108 3558
64685 109 8620
64686 110 1480
64687 111 9135
64688 112 2195
64689 113 2612
64690 114 9086
64691 115 6105
64692 116 3927
64693 117 5974
64694 118 2288
64695 119 4778
64696 120 1342
64697 121 3067
64698 122 2152
64699 123 7472
64700 124 2003
