2500
64577 1 2494
64578 2 1541
64579 3 4314
64580 4 2131
64581 5 3852
64582 6 2019
64583 7 4438
64584 8 0
64585 9 2402
64586 10 1526
64587 11 2773
64588 12 2675
64589 13 4412
64590 14 2117
64591 15 2210
64592 16 5692
64593 17 2159
64594 18 3392
64595 19 2172
64596 20 2433
64597 21 4495
64598 22 3436
64599 23 2264
64600 24 3831
64601 25 2304
64602 26 1929
64603 27 4802
64604 28 2799
64605 29 4447
64606 30 2971
64607 31 2191
64608 32 6540
64609 33 2171
64610 34 2638
64611 35 4578
64612 36 2407
64613 37 2506
64614 38 5735
64615 39 2183
64616 40 2077
64617 41 2977
64618 42 2165
64619 43 6451
64620 44 2137
64621 45 2511
64622 46 3414
64623 47 5593
64624 48 6686
64625 49 3156
64626 50 5432
64627 51 7227
64628 52 2330
64629 53 1332
64630 54 5436
64631 55 2248
64632 56 2493
64633 57 4790
64634 58 2992
64635 59 4799
64636 60 3008
64637 61 4872
64638 62 3292
64639 63 6343
64640 64 0
64641 65 2392
64642 66 2777
64643 67 6713
64644 68 5000
64645 69 2163
64646 70 2284
64647 71 3767
64648 72 3154
64649 73 5096
64650 74 5114
64651 75 0
64652 76 2435
64653 77 3699
64654 78 3405
64655 79 5011
64656 80 3761
64657 81 3531
64658 82 5115
64659 83 2219
64660 84 4625
64661 85 4594
64662 86 2692
64663 87 5758
64664 88 4032
64665 89 4012
64666 90 2294
64667 91 3644
64668 92 4476
64669 93 2375
64670 94 3392
64671 95 3313
64672 96 5838
64673 97 4379
64674 98 2037
64675 99 5564
64676 100 2252
64677 101 5058
64678 102 3169
64679 103 6073
64680 104 4882
64681 105 3183
64682 106 1508
64683 107 3392
64684 108 4615
64685 109 2317
64686 110 6521
64687 111 2958
64688 112 1582
64689 113 5322
64690 114 4734
64691 115 2542
64692 116 3352
64693 117 5643
64694 118 3062
64695 119 1975
64696 120 4146
64697 121 6389
64698 122 1293
64699 123 3853
64700 124 2421
64701 125 5562
64702 126 2209
64703 127 7275
64704 128 2475
64705 129 3024
64706 130 2435
64707 131 6838
64708 132 2003
64709 133 4865
64710 134 5192
64711 135 0
64712 136 2927
64713 137 2749
64714 138 5799
64715 139 3582
64716 140 3287
64717 141 6144
64718 142 4308
64719 143 6337
64720 144 4612
64721 145 2236
64722 146 3463
64723 147 3746
64724 148 0
64725 149 6175
64726 150 4258
64727 151 1751
64728 152 4393
64729 153 2097
64730 154 4217
64731 155 5513
64732 156 3242
64733 157 3180
64734 158 2205
64735 159 5773
64736 160 5632
64737 161 3112
64738 162 4144
64739 163 2003
