2500
64577 1 2892
64578 2 3142
64579 3 4779
64580 4 5550
64581 5 3000
64582 6 1301
64583 7 3338
64584 8 1901
64585 9 6558
64586 10 6391
64587 11 2296
64588 12 7591
64589 13 2193
64590 14 2463
64591 15 5055
64592 16 5631
64593 17 4994
64594 18 3077
64595 19 0
64596 20 5875
64597 21 1502
64598 22 5213
64599 23 5919
64600 24 4042
64601 25 2484
64602 26 3633
64603 27 2200
64604 28 2202
64605 29 2982
64606 30 4719
64607 31 3992
64608 32 5847
64609 33 4358
64610 34 8142
64611 35 2060
64612 36 3727
64613 37 3704
64614 38 2071
64615 39 4078
64616 40 4994
64617 41 4497
64618 42 4485
64619 43 6461
64620 44 5175
64621 45 0
64622 46 5308
64623 47 7149
64624 48 2840
64625 49 2941
64626 50 0
64627 51 3331
64628 52 2475
64629 53 4519
64630 54 2728
64631 55 3878
64632 56 5374
64633 57 2067
64634 58 3081
64635 59 3627
64636 60 1440
64637 61 6430
64638 62 6806
64639 63 5680
64640 64 4633
64641 65 4677
64642 66 2549
64643 67 5402
64644 68 3767
64645 69 5225
64646 70 6066
64647 71 6025
64648 72 7037
64649 73 0
64650 74 2950
64651 75 6980
64652 76 2184
64653 77 5458
64654 78 2193
64655 79 4130
64656 80 1554
64657 81 5305
64658 82 0
64659 83 1796
64660 84 4449
64661 85 7401
64662 86 3792
64663 87 4106
64664 88 1223
64665 89 5160
64666 90 2259
64667 91 2942
64668 92 4464
64669 93 5516
64670 94 3234
64671 95 4875
64672 96 3712
64673 97 4722
64674 98 3408
64675 99 3662
64676 100 2554
64677 101 0
64678 102 1786
64679 103 2414
64680 104 2486
64681 105 1402
64682 106 3619
64683 107 7748
64684 108 0
64685 109 5198
64686 110 2454
64687 111 2385
64688 112 1560
64689 113 1256
64690 114 4144
64691 115 2259
64692 116 2120
64693 117 2491
64694 118 2363
64695 119 6320
64696 120 0
64697 121 5775
64698 122 6577
64699 123 2935
64700 124 2799
64701 125 5391
64702 126 5308
64703 127 7532
64704 128 1532
64705 129 4944
64706 130 0
64707 131 3258
64708 132 6865
64709 133 7570
64710 134 2003
64711 135 3925
64712 136 4453
64713 137 5258
64714 138 3132
64715 139 5109
64716 140 6387
64717 141 0
64718 142 4854
64719 143 5652
64720 144 7695
64721 145 4652
64722 146 2535
64723 147 3467
64724 148 2477
64725 149 7058
64726 150 3397
64727 151 6123
64728 152 2003
