2500
64577 1 1241
64578 2 3592
64579 3 3115
64580 4 3890
64581 5 5069
64582 6 2567
64583 7 2720
64584 8 5177
64585 9 5892
64586 10 5158
64587 11 2525
64588 12 4383
64589 13 0
64590 14 3292
64591 15 1430
64592 16 3509
64593 17 6980
64594 18 2257
64595 19 1954
64596 20 2176
64597 21 4622
64598 22 3420
64599 23 2494
64600 24 3000
64601 25 3982
64602 26 5571
64603 27 6808
64604 28 2257
64605 29 4628
64606 30 0
64607 31 2046
64608 32 2251
64609 33 4162
64610 34 4237
64611 35 1680
64612 36 4854
64613 37 4119
64614 38 5508
64615 39 2784
64616 40 5214
64617 41 0
64618 42 5848
64619 43 4534
64620 44 4352
64621 45 3444
64622 46 5399
64623 47 2227
64624 48 1743
64625 49 3361
64626 50 3888
64627 51 2742
64628 52 6622
64629 53 1300
64630 54 2812
64631 55 3188
64632 56 2142
64633 57 3573
64634 58 4992
64635 59 4475
64636 60 3532
64637 61 4077
64638 62 2942
64639 63 6465
64640 64 3384
64641 65 1611
64642 66 1095
64643 67 2721
64644 68 2554
64645 69 5263
64646 70 2842
64647 71 4410
64648 72 2333
64649 73 2765
64650 74 1703
64651 75 1462
64652 76 5636
64653 77 2186
64654 78 5908
64655 79 2292
64656 80 3327
64657 81 0
64658 82 2644
64659 83 3045
64660 84 5166
64661 85 1391
64662 86 8744
64663 87 4341
64664 88 2175
64665 89 7790
64666 90 2068
64667 91 3196
64668 92 2986
64669 93 2246
64670 94 5455
64671 95 3599
64672 96 3637
64673 97 5858
64674 98 4184
64675 99 3850
64676 100 2143
64677 101 3496
64678 102 5442
64679 103 1820
64680 104 4282
64681 105 4705
64682 106 2442
64683 107 2447
64684 108 5052
64685 109 2146
64686 110 3475
64687 111 4065
64688 112 5454
64689 113 10425
64690 114 3830
64691 115 4864
64692 116 6156
64693 117 3510
64694 118 0
64695 119 2194
64696 120 2687
64697 121 6064
64698 122 2240
64699 123 2558
64700 124 3355
64701 125 3423
64702 126 4449
64703 127 2473
64704 128 2166
64705 129 4586
64706 130 1499
64707 131 6177
64708 132 6316
64709 133 0
64710 134 5188
64711 135 5190
64712 136 5763
64713 137 2135
64714 138 5050
64715 139 0
64716 140 2525
64717 141 2010
64718 142 5108
64719 143 4855
64720 144 7010
64721 145 3347
64722 146 2339
64723 147 1621
64724 148 6090
64725 149 4701
64726 150 2670
64727 151 3651
64728 152 2638
64729 153 0
64730 154 2995
64731 155 3960
64732 156 2545
64733 157 6092
64734 158 2534
64735 159 5942
64736 160 2910
64737 161 3574
64738 162 6704
64739 163 2003
