2500
64577 1 2351
64578 2 5013
64579 3 1982
64580 4 2860
64581 5 1967
64582 6 3736
64583 7 2343
64584 8 6614
64585 9 2331
64586 10 4236
64587 11 5375
64588 12 1314
64589 13 3287
64590 14 0
64591 15 5744
64592 16 4770
64593 17 2883
64594 18 3989
64595 19 4283
64596 20 0
64597 21 2806
64598 22 2320
64599 23 7292
64600 24 2958
64601 25 4304
64602 26 3681
64603 27 5912
64604 28 5603
64605 29 2916
64606 30 4623
64607 31 4591
64608 32 4670
64609 33 4051
64610 34 4525
64611 35 2418
64612 36 4028
64613 37 0
64614 38 2513
64615 39 5546
64616 40 4930
64617 41 3908
64618 42 1588
64619 43 5262
64620 44 2213
64621 45 4875
64622 46 5085
64623 47 6967
64624 48 2598
64625 49 5283
64626 50 2635
64627 51 3974
64628 52 1984
64629 53 3422
64630 54 4510
64631 55 5740
64632 56 2736
64633 57 6191
64634 58 10510
64635 59 1809
64636 60 2277
64637 61 5047
64638 62 3972
64639 63 5204
64640 64 8825
64641 65 3938
64642 66 1532
64643 67 4361
64644 68 3048
64645 69 3611
64646 70 4616
64647 71 2375
64648 72 6106
64649 73 5238
64650 74 3288
64651 75 2789
64652 76 5281
64653 77 1762
64654 78 2893
64655 79 4728
64656 80 0
64657 81 4375
64658 82 4027
64659 83 7697
64660 84 2238
64661 85 2785
64662 86 2099
64663 87 4346
64664 88 3947
64665 89 3008
64666 90 4345
64667 91 4503
64668 92 0
64669 93 5025
64670 94 3940
64671 95 6751
64672 96 2165
64673 97 4425
64674 98 4453
64675 99 4892
64676 100 7122
64677 101 1553
64678 102 6852
64679 103 3475
64680 104 2692
64681 105 5609
64682 106 5104
64683 107 6031
64684 108 5271
64685 109 0
64686 110 2106
64687 111 3300
64688 112 7744
64689 113 2264
64690 114 5208
64691 115 1306
64692 116 1760
64693 117 7200
64694 118 2435
64695 119 2654
64696 120 5112
64697 121 2433
64698 122 4707
64699 123 5493
64700 124 0
64701 125 4175
64702 126 4398
64703 127 2144
64704 128 4051
64705 129 4060
64706 130 3435
64707 131 1608
64708 132 2390
64709 133 6177
64710 134 3122
64711 135 1892
64712 136 4784
64713 137 2710
64714 138 0
64715 139 3067
64716 140 5493
64717 141 4435
64718 142 3018
64719 143 4118
64720 144 0
64721 145 4925
64722 146 1847
64723 147 3973
64724 148 4437
64725 149 7788
64726 150 2048
64727 151 4611
64728 152 7606
64729 153 2003
