2500
64577 1 4617
64578 2 6417
64579 3 4102
64580 4 6389
64581 5 3796
64582 6 1942
64583 7 1929
64584 8 4582
64585 9 1532
64586 10 3775
64587 11 2899
64588 12 3269
64589 13 3392
64590 14 5592
64591 15 1590
64592 16 3211
64593 17 3872
64594 18 3440
64595 19 0
64596 20 3175
64597 21 3436
64598 22 0
64599 23 4916
64600 24 4346
64601 25 4525
64602 26 1962
64603 27 3490
64604 28 2707
64605 29 2180
64606 30 6232
64607 31 1961
64608 32 3705
64609 33 5562
64610 34 2182
64611 35 4532
64612 36 2726
64613 37 6342
64614 38 4023
64615 39 3158
64616 40 5096
64617 41 5531
64618 42 2137
64619 43 5558
64620 44 5567
64621 45 0
64622 46 2942
64623 47 6315
64624 48 3911
64625 49 5474
64626 50 4364
64627 51 6577
64628 52 0
64629 53 3808
64630 54 6031
64631 55 4078
64632 56 1734
64633 57 3321
64634 58 4261
64635 59 0
64636 60 1169
64637 61 6534
64638 62 2725
64639 63 7017
64640 64 2003
64641 65 1327
64642 66 2858
64643 67 4918
64644 68 5721
64645 69 3766
64646 70 6007
64647 71 3230
64648 72 2826
64649 73 2746
64650 74 1281
64651 75 3914
64652 76 1839
64653 77 3812
64654 78 6589
64655 79 2187
64656 80 4325
64657 81 4524
64658 82 5687
64659 83 3754
64660 84 6258
64661 85 6477
64662 86 3026
64663 87 1749
64664 88 2872
64665 89 3595
64666 90 4788
64667 91 1908
64668 92 4504
64669 93 8215
64670 94 2003
64671 95 4957
64672 96 3827
64673 97 5583
64674 98 1205
64675 99 4890
64676 100 2264
64677 101 5167
64678 102 0
64679 103 5326
64680 104 5404
64681 105 974
64682 106 3989
64683 107 4134
64684 108 2675
64685 109 2520
64686 110 4702
64687 111 2227
64688 112 4392
64689 113 5619
64690 114 3100
64691 115 4539
64692 116 4050
64693 117 1900
64694 118 4873
64695 119 3359
64696 120 2285
64697 121 3878
64698 122 1235
64699 123 3077
64700 124 7257
64701 125 2732
64702 126 0
64703 127 3989
64704 128 2094
64705 129 2541
64706 130 6139
64707 131 2332
64708 132 6166
64709 133 1953
64710 134 4116
64711 135 5560
64712 136 5167
64713 137 2890
64714 138 4208
64715 139 6058
64716 140 5623
64717 141 4792
64718 142 0
64719 143 4777
64720 144 5859
64721 145 4596
64722 146 3039
64723 147 3806
64724 148 5056
64725 149 3616
64726 150 2742
64727 151 5501
64728 152 5678
64729 153 10741
64730 154 2003
