2500
64577 1 3800
64578 2 5183
64579 3 7150
64580 4 5973
64581 5 2445
64582 6 2989
64583 7 4926
64584 8 6592
64585 9 3766
64586 10 6813
64587 11 2172
64588 12 2491
64589 13 5541
64590 14 2463
64591 15 5203
64592 16 0
64593 17 3019
64594 18 3044
64595 19 4680
64596 20 4055
64597 21 5257
64598 22 3705
64599 23 2472
64600 24 3280
64601 25 1955
64602 26 5583
64603 27 4508
64604 28 2933
64605 29 4790
64606 30 3603
64607 31 1940
64608 32 2464
64609 33 5676
64610 34 6925
64611 35 2290
64612 36 1155
64613 37 2964
64614 38 5130
64615 39 2635
64616 40 3808
64617 41 4747
64618 42 4640
64619 43 0
64620 44 1521
64621 45 6205
64622 46 6153
64623 47 4792
64624 48 4258
64625 49 1366
64626 50 5202
64627 51 7765
64628 52 1795
64629 53 2423
64630 54 4075
64631 55 2631
64632 56 3955
64633 57 3265
64634 58 7173
64635 59 5808
64636 60 1719
64637 61 4395
64638 62 3358
64639 63 2187
64640 64 5870
64641 65 2360
64642 66 5786
64643 67 0
64644 68 4218
64645 69 3718
64646 70 5250
64647 71 5583
64648 72 4916
64649 73 7158
64650 74 6242
64651 75 7192
64652 76 7613
64653 77 5801
64654 78 0
64655 79 2467
64656 80 1520
64657 81 5025
64658 82 5475
64659 83 0
64660 84 4984
64661 85 2627
64662 86 2745
64663 87 6541
64664 88 2003
64665 89 3877
64666 90 4212
64667 91 4443
64668 92 6075
64669 93 0
64670 94 3538
64671 95 1443
64672 96 3743
64673 97 9719
64674 98 2003
64675 99 2442
64676 100 6370
64677 101 1632
64678 102 5620
64679 103 2660
64680 104 6067
64681 105 5025
64682 106 3657
64683 107 5008
64684 108 0
64685 109 2301
64686 110 4808
64687 111 2640
64688 112 3651
64689 113 2425
64690 114 9045
64691 115 2193
64692 116 3042
64693 117 5013
64694 118 3967
64695 119 4792
64696 120 4053
64697 121 3894
64698 122 3541
64699 123 5179
64700 124 0
64701 125 2520
64702 126 2536
64703 127 3724
64704 128 4447
64705 129 4159
64706 130 4337
64707 131 3758
64708 132 3685
64709 133 4743
64710 134 1942
64711 135 4011
64712 136 6676
64713 137 2642
64714 138 2394
64715 139 4584
64716 140 6220
64717 141 0
64718 142 7278
64719 143 3873
64720 144 4928
64721 145 7390
64722 146 7462
64723 147 2003
