2500
64577 1 4300
64578 2 4974
64579 3 3913
64580 4 3956
64581 5 4404
64582 6 3445
64583 7 0
64584 8 4725
64585 9 4027
64586 10 1276
64587 11 3916
64588 12 2521
64589 13 4114
64590 14 0
64591 15 7203
64592 16 4727
64593 17 5618
64594 18 3863
64595 19 9319
64596 20 2003
64597 21 3143
64598 22 5276
64599 23 2859
64600 24 2714
64601 25 4569
64602 26 3944
64603 27 4267
64604 28 5578
64605 29 2635
64606 30 1541
64607 31 2409
64608 32 2239
64609 33 3270
64610 34 3860
64611 35 2859
64612 36 4313
64613 37 7235
64614 38 4676
64615 39 2727
64616 40 5452
64617 41 2003
64618 42 2318
64619 43 3858
64620 44 2396
64621 45 3998
64622 46 2739
64623 47 5243
64624 48 1772
64625 49 4292
64626 50 3838
64627 51 2222
64628 52 2308
64629 53 4084
64630 54 3337
64631 55 1882
64632 56 5007
64633 57 7008
64634 58 4699
64635 59 2773
64636 60 3208
64637 61 8795
64638 62 2003
64639 63 8149
64640 64 6156
64641 65 2863
64642 66 5675
64643 67 5436
64644 68 4458
64645 69 3216
64646 70 2705
64647 71 1648
64648 72 1616
64649 73 5951
64650 74 2107
64651 75 6041
64652 76 1904
64653 77 7786
64654 78 2788
64655 79 2607
64656 80 6302
64657 81 2444
64658 82 3424
64659 83 6529
64660 84 6630
64661 85 5742
64662 86 8275
64663 87 5673
64664 88 2281
64665 89 6085
64666 90 6323
64667 91 4775
64668 92 3933
64669 93 1792
64670 94 4548
64671 95 4942
64672 96 4037
64673 97 6340
64674 98 5215
64675 99 0
64676 100 4031
64677 101 6135
64678 102 3216
64679 103 7079
64680 104 2122
64681 105 1293
64682 106 3342
64683 107 2623
64684 108 4979
64685 109 3553
64686 110 0
64687 111 2675
64688 112 4557
64689 113 5822
64690 114 2972
64691 115 1852
64692 116 5166
64693 117 2030
64694 118 2698
64695 119 4415
64696 120 0
64697 121 3034
64698 122 5021
64699 123 2173
64700 124 2532
64701 125 4444
64702 126 3976
64703 127 6946
64704 128 2473
64705 129 4101
64706 130 2082
64707 131 4516
64708 132 2050
64709 133 6649
64710 134 3142
64711 135 5476
64712 136 2531
64713 137 11227
64714 138 2003
64715 139 2534
64716 140 4255
64717 141 3183
64718 142 2042
64719 143 5830
64720 144 4858
64721 145 4226
64722 146 2210
64723 147 2515
64724 148 5693
64725 149 2003
