2500
64577 1 5286
64578 2 5653
64579 3 2598
64580 4 2817
64581 5 5191
64582 6 4534
64583 7 3727
64584 8 2246
64585 9 5395
64586 10 1557
64587 11 4469
64588 12 5246
64589 13 2402
64590 14 4701
64591 15 2553
64592 16 3571
64593 17 6967
64594 18 8964
64595 19 0
64596 20 7708
64597 21 1806
64598 22 5937
64599 23 5151
64600 24 2670
64601 25 3382
64602 26 2972
64603 27 3331
64604 28 5808
64605 29 1602
64606 30 5410
64607 31 5712
64608 32 0
64609 33 7807
64610 34 3716
64611 35 2590
64612 36 6452
64613 37 5577
64614 38 2254
64615 39 3434
64616 40 5276
64617 41 5306
64618 42 2797
64619 43 5562
64620 44 3875
64621 45 1538
64622 46 4769
64623 47 3876
64624 48 5628
64625 49 3500
64626 50 2998
64627 51 4069
64628 52 2643
64629 53 6177
64630 54 2518
64631 55 9603
64632 56 2003
64633 57 2645
64634 58 2067
64635 59 3256
64636 60 7039
64637 61 4250
64638 62 7253
64639 63 6333
64640 64 5608
64641 65 0
64642 66 8226
64643 67 1859
64644 68 5797
64645 69 10230
64646 70 3698
64647 71 8725
64648 72 1520
64649 73 3235
64650 74 2429
64651 75 2938
64652 76 2736
64653 77 6257
64654 78 0
64655 79 7040
64656 80 2861
64657 81 7039
64658 82 2367
64659 83 8184
64660 84 2381
64661 85 6956
64662 86 6692
64663 87 4404
64664 88 6704
64665 89 3376
64666 90 6008
64667 91 2877
64668 92 4075
64669 93 6577
64670 94 5401
64671 95 0
64672 96 2508
64673 97 5836
64674 98 5376
64675 99 2203
64676 100 3392
64677 101 4587
64678 102 5821
64679 103 5870
64680 104 0
64681 105 2607
64682 106 5558
64683 107 6882
64684 108 2220
64685 109 1707
64686 110 5319
64687 111 2327
64688 112 3275
64689 113 4185
64690 114 0
64691 115 1874
64692 116 8640
64693 117 3846
64694 118 2397
64695 119 5062
64696 120 0
64697 121 4481
64698 122 3828
64699 123 2798
64700 124 5344
64701 125 4358
64702 126 0
64703 127 6180
64704 128 6253
64705 129 1857
64706 130 3743
64707 131 2717
64708 132 0
64709 133 2792
64710 134 6865
64711 135 4447
64712 136 9185
64713 137 5642
64714 138 5033
64715 139 2003
