2500
64577 1 5442
64578 2 1600
64579 3 3372
64580 4 7328
64581 5 2623
64582 6 4795
64583 7 5995
64584 8 0
64585 9 2608
64586 10 5260
64587 11 6083
64588 12 6192
64589 13 7576
64590 14 6842
64591 15 7560
64592 16 4517
64593 17 5970
64594 18 3042
64595 19 3553
64596 20 2310
64597 21 8348
64598 22 4939
64599 23 5576
64600 24 5325
64601 25 0
64602 26 2525
64603 27 5910
64604 28 2375
64605 29 3733
64606 30 4182
64607 31 4155
64608 32 3907
64609 33 4323
64610 34 4646
64611 35 2869
64612 36 6121
64613 37 0
64614 38 9306
64615 39 5209
64616 40 1431
64617 41 7046
64618 42 2882
64619 43 2583
64620 44 4064
64621 45 6942
64622 46 0
64623 47 2942
64624 48 2873
64625 49 7227
64626 50 2669
64627 51 2583
64628 52 3855
64629 53 2172
64630 54 4754
64631 55 2502
64632 56 0
64633 57 10042
64634 58 1549
64635 59 6440
64636 60 2592
64637 61 6497
64638 62 0
64639 63 4125
64640 64 5044
64641 65 2589
64642 66 6877
64643 67 1727
64644 68 2222
64645 69 1525
64646 70 6563
64647 71 2420
64648 72 4199
64649 73 0
64650 74 5342
64651 75 1705
64652 76 3660
64653 77 2622
64654 78 6275
64655 79 0
64656 80 1296
64657 81 5648
64658 82 8010
64659 83 2094
64660 84 2325
64661 85 4193
64662 86 4590
64663 87 4408
64664 88 5909
64665 89 2467
64666 90 4146
64667 91 2756
64668 92 4343
64669 93 0
64670 94 1398
64671 95 6187
64672 96 9641
64673 97 2003
64674 98 5017
64675 99 5667
64676 100 5072
64677 101 1561
64678 102 4882
64679 103 5045
64680 104 4808
64681 105 6750
64682 106 7792
64683 107 0
64684 108 12242
64685 109 6570
64686 110 4568
64687 111 2389
64688 112 2416
64689 113 2565
64690 114 4510
64691 115 7152
64692 116 2546
64693 117 3849
64694 118 8319
64695 119 2942
64696 120 9610
64697 121 1824
64698 122 4503
64699 123 6842
64700 124 2385
64701 125 3887
64702 126 2527
64703 127 7027
64704 128 0
64705 129 3942
64706 130 5778
64707 131 8017
64708 132 3756
64709 133 5150
64710 134 0
64711 135 3908
64712 136 1888
64713 137 7274
64714 138 7061
64715 139 2003
