2500
64577 1 7842
64578 2 1966
64579 3 5978
64580 4 5597
64581 5 2495
64582 6 3358
64583 7 3940
64584 8 7492
64585 9 1505
64586 10 5929
64587 11 8985
64588 12 2506
64589 13 6280
64590 14 5372
64591 15 8125
64592 16 6336
64593 17 4613
64594 18 0
64595 19 8285
64596 20 4299
64597 21 2899
64598 22 3008
64599 23 5417
64600 24 3860
64601 25 6011
64602 26 9466
64603 27 2223
64604 28 2412
64605 29 4556
64606 30 4198
64607 31 8141
64608 32 2116
64609 33 4315
64610 34 5913
64611 35 9450
64612 36 3342
64613 37 3894
64614 38 4741
64615 39 6912
64616 40 1935
64617 41 5784
64618 42 5265
64619 43 2402
64620 44 4641
64621 45 0
64622 46 3686
64623 47 3269
64624 48 3542
64625 49 5223
64626 50 2844
64627 51 7819
64628 52 2467
64629 53 2774
64630 54 5123
64631 55 10262
64632 56 3038
64633 57 6936
64634 58 6272
64635 59 2689
64636 60 8470
64637 61 2338
64638 62 5480
64639 63 5917
64640 64 4925
64641 65 2595
64642 66 2782
64643 67 4818
64644 68 5108
64645 69 5764
64646 70 4190
64647 71 2856
64648 72 4365
64649 73 2505
64650 74 6042
64651 75 2523
64652 76 7756
64653 77 2234
64654 78 7332
64655 79 6590
64656 80 6583
64657 81 1935
64658 82 4166
64659 83 6468
64660 84 2306
64661 85 4321
64662 86 4551
64663 87 4358
64664 88 4815
64665 89 3829
64666 90 8332
64667 91 5494
64668 92 2865
64669 93 7392
64670 94 5248
64671 95 4475
64672 96 1611
64673 97 4672
64674 98 7159
64675 99 2128
64676 100 4075
64677 101 2018
64678 102 2654
64679 103 5620
64680 104 5274
64681 105 7037
64682 106 1738
64683 107 8380
64684 108 2509
64685 109 2608
64686 110 3712
64687 111 2328
64688 112 8634
64689 113 1772
64690 114 6541
64691 115 5173
64692 116 5869
64693 117 5705
64694 118 2734
64695 119 4972
64696 120 5547
64697 121 0
64698 122 2226
64699 123 3700
64700 124 2798
64701 125 9294
64702 126 2003
