2500
64577 1 2717
64578 2 6486
64579 3 4903
64580 4 4121
64581 5 3172
64582 6 3288
64583 7 3771
64584 8 8078
64585 9 2132
64586 10 8172
64587 11 0
64588 12 4489
64589 13 5220
64590 14 10392
64591 15 2201
64592 16 8447
64593 17 5408
64594 18 3000
64595 19 6860
64596 20 6575
64597 21 2286
64598 22 6779
64599 23 2250
64600 24 5742
64601 25 5495
64602 26 4471
64603 27 0
64604 28 4566
64605 29 5899
64606 30 3712
64607 31 5259
64608 32 9445
64609 33 2264
64610 34 3592
64611 35 5681
64612 36 5846
64613 37 5751
64614 38 0
64615 39 2610
64616 40 4910
64617 41 5733
64618 42 2498
64619 43 1762
64620 44 5301
64621 45 2254
64622 46 3445
64623 47 4863
64624 48 0
64625 49 1995
64626 50 7043
64627 51 3702
64628 52 2502
64629 53 5869
64630 54 0
64631 55 4620
64632 56 7778
64633 57 9492
64634 58 2708
64635 59 7675
64636 60 6145
64637 61 8772
64638 62 2675
64639 63 6965
64640 64 2736
64641 65 6167
64642 66 3633
64643 67 7631
64644 68 0
64645 69 6387
64646 70 4016
64647 71 5180
64648 72 2467
64649 73 7083
64650 74 8692
64651 75 2090
64652 76 2675
64653 77 5982
64654 78 6428
64655 79 5796
64656 80 8993
64657 81 8975
64658 82 2418
64659 83 5529
64660 84 3129
64661 85 2389
64662 86 5385
64663 87 2664
64664 88 7323
64665 89 4671
64666 90 0
64667 91 7542
64668 92 1924
64669 93 6574
64670 94 4472
64671 95 8815
64672 96 0
64673 97 6458
64674 98 5578
64675 99 5205
64676 100 5326
64677 101 10799
64678 102 2274
64679 103 3075
64680 104 5760
64681 105 5944
64682 106 6011
64683 107 5099
64684 108 4777
64685 109 5987
64686 110 3047
64687 111 7175
64688 112 1179
64689 113 5181
64690 114 6461
64691 115 4559
64692 116 6933
64693 117 2899
64694 118 4496
64695 119 0
64696 120 3208
64697 121 4304
64698 122 10228
64699 123 2003
