2500
64577 1 1394
64578 2 2466
64579 3 4192
64580 4 3695
64581 5 7073
64582 6 2358
64583 7 4300
64584 8 6976
64585 9 5894
64586 10 4733
64587 11 4764
64588 12 3947
64589 13 2514
64590 14 4719
64591 15 1311
64592 16 5518
64593 17 1770
64594 18 4674
64595 19 0
64596 20 2505
64597 21 2699
64598 22 1934
64599 23 5723
64600 24 2311
64601 25 1734
64602 26 4940
64603 27 2347
64604 28 2160
64605 29 3373
64606 30 2262
64607 31 3237
64608 32 1939
64609 33 4375
64610 34 2947
64611 35 1792
64612 36 3950
64613 37 2452
64614 38 3694
64615 39 0
64616 40 2475
64617 41 4367
64618 42 2210
64619 43 1950
64620 44 3098
64621 45 3213
64622 46 2785
64623 47 1889
64624 48 4848
64625 49 2838
64626 50 3211
64627 51 0
64628 52 3633
64629 53 2506
64630 54 2721
64631 55 3525
64632 56 3601
64633 57 0
64634 58 2453
64635 59 2852
64636 60 4509
64637 61 0
64638 62 3228
64639 63 3614
64640 64 3269
64641 65 3658
64642 66 3970
64643 67 4240
64644 68 3892
64645 69 2463
64646 70 7031
64647 71 2255
64648 72 3637
64649 73 4585
64650 74 3513
64651 75 4329
64652 76 2511
64653 77 4530
64654 78 2739
64655 79 4829
64656 80 4373
64657 81 3144
64658 82 2531
64659 83 6300
64660 84 2164
64661 85 6579
64662 86 5700
64663 87 6382
64664 88 1759
64665 89 3550
64666 90 5676
64667 91 2139
64668 92 4951
64669 93 4231
64670 94 4051
64671 95 3610
64672 96 1348
64673 97 3921
64674 98 3258
64675 99 0
64676 100 4156
64677 101 6346
64678 102 4267
64679 103 3814
64680 104 2367
64681 105 6463
64682 106 2369
64683 107 4144
64684 108 4471
64685 109 3625
64686 110 4422
64687 111 2952
64688 112 7927
64689 113 5877
64690 114 2853
64691 115 7942
64692 116 5556
64693 117 0
64694 118 5635
64695 119 4193
64696 120 3574
64697 121 2901
64698 122 7540
64699 123 2317
64700 124 2825
64701 125 5169
64702 126 1874
64703 127 3178
64704 128 2135
64705 129 2172
64706 130 2848
64707 131 4331
64708 132 4299
64709 133 7414
64710 134 6742
64711 135 5716
64712 136 8892
64713 137 2331
64714 138 2631
64715 139 5220
64716 140 6844
64717 141 6023
64718 142 5517
64719 143 2979
64720 144 3576
64721 145 4025
64722 146 1787
64723 147 2997
64724 148 4733
64725 149 5628
64726 150 6642
64727 151 7585
64728 152 4916
64729 153 4008
64730 154 1326
64731 155 6939
64732 156 2003
