2500
64577 1 2367
64578 2 2055
64579 3 3196
64580 4 4642
64581 5 4374
64582 6 4808
64583 7 5204
64584 8 4942
64585 9 7054
64586 10 2422
64587 11 5740
64588 12 6475
64589 13 4525
64590 14 6438
64591 15 7242
64592 16 2210
64593 17 3694
64594 18 9822
64595 19 2362
64596 20 4474
64597 21 3298
64598 22 5711
64599 23 1857
64600 24 6197
64601 25 5027
64602 26 3675
64603 27 3575
64604 28 5915
64605 29 2253
64606 30 5844
64607 31 3145
64608 32 5713
64609 33 2076
64610 34 6909
64611 35 4983
64612 36 4497
64613 37 3642
64614 38 8172
64615 39 2409
64616 40 6308
64617 41 6077
64618 42 2736
64619 43 0
64620 44 2440
64621 45 4351
64622 46 5644
64623 47 2513
64624 48 2750
64625 49 4484
64626 50 8384
64627 51 2237
64628 52 2621
64629 53 3382
64630 54 4604
64631 55 6201
64632 56 5636
64633 57 2447
64634 58 3802
64635 59 6088
64636 60 3805
64637 61 1653
64638 62 4621
64639 63 6227
64640 64 6769
64641 65 0
64642 66 5242
64643 67 2635
64644 68 5571
64645 69 3419
64646 70 1397
64647 71 7564
64648 72 2117
64649 73 3365
64650 74 5110
64651 75 3890
64652 76 6145
64653 77 2578
64654 78 5393
64655 79 0
64656 80 3792
64657 81 6633
64658 82 6029
64659 83 7029
64660 84 2770
64661 85 5665
64662 86 6165
64663 87 3070
64664 88 5958
64665 89 2072
64666 90 2527
64667 91 0
64668 92 6944
64669 93 4017
64670 94 2670
64671 95 2493
64672 96 4098
64673 97 7086
64674 98 2262
64675 99 2508
64676 100 4105
64677 101 8837
64678 102 2211
64679 103 3941
64680 104 0
64681 105 3042
64682 106 5059
64683 107 6953
64684 108 6828
64685 109 2003
64686 110 2168
64687 111 3903
64688 112 2462
64689 113 5371
64690 114 3978
64691 115 5637
64692 116 2684
64693 117 6614
64694 118 5925
64695 119 5199
64696 120 3005
64697 121 0
64698 122 4434
64699 123 6311
64700 124 3508
64701 125 4929
64702 126 9658
64703 127 2003
64704 128 3775
64705 129 4536
64706 130 8339
64707 131 2875
64708 132 4745
64709 133 2667
64710 134 2737
64711 135 7023
64712 136 2003
