2500
64577 1 4507
64578 2 2454
64579 3 1838
64580 4 1974
64581 5 2803
64582 6 2387
64583 7 2506
64584 8 2841
64585 9 3514
64586 10 0
64587 11 2078
64588 12 8089
64589 13 4277
64590 14 2393
64591 15 7078
64592 16 5240
64593 17 2756
64594 18 2134
64595 19 6990
64596 20 2305
64597 21 2273
64598 22 2167
64599 23 5423
64600 24 3670
64601 25 4224
64602 26 2809
64603 27 2399
64604 28 2507
64605 29 6329
64606 30 2501
64607 31 7661
64608 32 2467
64609 33 3862
64610 34 5207
64611 35 2633
64612 36 2856
64613 37 5183
64614 38 4063
64615 39 2232
64616 40 3667
64617 41 3924
64618 42 2428
64619 43 2445
64620 44 4544
64621 45 6655
64622 46 2269
64623 47 2669
64624 48 4399
64625 49 2586
64626 50 2875
64627 51 6491
64628 52 2723
64629 53 3946
64630 54 4695
64631 55 4584
64632 56 2315
64633 57 3812
64634 58 1901
64635 59 6087
64636 60 2657
64637 61 8177
64638 62 0
64639 63 4219
64640 64 4976
64641 65 2273
64642 66 3291
64643 67 4353
64644 68 4692
64645 69 5492
64646 70 1646
64647 71 5631
64648 72 5753
64649 73 2164
64650 74 3866
64651 75 6116
64652 76 4367
64653 77 4504
64654 78 2471
64655 79 3475
64656 80 6627
64657 81 6783
64658 82 2642
64659 83 1913
64660 84 1990
64661 85 4052
64662 86 2092
64663 87 4545
64664 88 2747
64665 89 8115
64666 90 2274
64667 91 2729
64668 92 3658
64669 93 6825
64670 94 2750
64671 95 7813
64672 96 2359
64673 97 3519
64674 98 6989
64675 99 2821
64676 100 2015
64677 101 6013
64678 102 3025
64679 103 1488
64680 104 4522
64681 105 3700
64682 106 8375
64683 107 2198
64684 108 2772
64685 109 3429
64686 110 0
64687 111 4346
64688 112 3780
64689 113 5881
64690 114 5455
64691 115 5263
64692 116 11592
64693 117 5142
64694 118 4939
64695 119 4637
64696 120 2003
64697 121 1348
64698 122 5458
64699 123 2589
64700 124 4220
64701 125 1944
64702 126 2284
64703 127 5487
64704 128 0
64705 129 2526
64706 130 2392
64707 131 4276
64708 132 1277
64709 133 4579
64710 134 2221
64711 135 3552
64712 136 4632
64713 137 5325
64714 138 1672
64715 139 6529
64716 140 8009
64717 141 2203
64718 142 5040
64719 143 5551
64720 144 6225
64721 145 6122
64722 146 2255
64723 147 3992
64724 148 6775
64725 149 5989
64726 150 2003
