2500
64577 1 3115
64578 2 3885
64579 3 3748
64580 4 6825
64581 5 2286
64582 6 3206
64583 7 4623
64584 8 6275
64585 9 2271
64586 10 2417
64587 11 5636
64588 12 5502
64589 13 2826
64590 14 3156
64591 15 2002
64592 16 4125
64593 17 5056
64594 18 0
64595 19 2437
64596 20 4351
64597 21 4039
64598 22 7103
64599 23 1831
64600 24 6910
64601 25 5682
64602 26 3622
64603 27 4191
64604 28 0
64605 29 4672
64606 30 4573
64607 31 2029
64608 32 6445
64609 33 5585
64610 34 8825
64611 35 2442
64612 36 4479
64613 37 1345
64614 38 8017
64615 39 5501
64616 40 2272
64617 41 3106
64618 42 2394
64619 43 2698
64620 44 3519
64621 45 8175
64622 46 2237
64623 47 2458
64624 48 3610
64625 49 2851
64626 50 2980
64627 51 1990
64628 52 3738
64629 53 5832
64630 54 3178
64631 55 2182
64632 56 4901
64633 57 0
64634 58 3103
64635 59 3086
64636 60 4170
64637 61 3839
64638 62 5087
64639 63 6511
64640 64 2213
64641 65 3408
64642 66 4035
64643 67 2553
64644 68 2361
64645 69 6494
64646 70 2808
64647 71 3451
64648 72 4808
64649 73 7251
64650 74 1729
64651 75 5764
64652 76 5175
64653 77 6658
64654 78 0
64655 79 2552
64656 80 4921
64657 81 6918
64658 82 7942
64659 83 7347
64660 84 3408
64661 85 4331
64662 86 7026
64663 87 2003
64664 88 2645
64665 89 4196
64666 90 4632
64667 91 8018
64668 92 3952
64669 93 6342
64670 94 0
64671 95 3683
64672 96 5228
64673 97 2280
64674 98 5270
64675 99 2240
64676 100 4578
64677 101 2333
64678 102 5585
64679 103 0
64680 104 6675
64681 105 8318
64682 106 2003
64683 107 3411
64684 108 4967
64685 109 2540
64686 110 3423
64687 111 1963
64688 112 5050
64689 113 3392
64690 114 3248
64691 115 1524
64692 116 5788
64693 117 0
64694 118 3361
64695 119 4137
64696 120 4608
64697 121 1766
64698 122 4852
64699 123 7449
64700 124 9075
64701 125 1604
64702 126 5424
64703 127 4740
64704 128 6802
64705 129 6621
64706 130 2277
64707 131 4142
64708 132 5138
64709 133 2847
64710 134 6354
64711 135 7444
64712 136 5092
64713 137 3647
64714 138 6415
64715 139 5419
64716 140 9027
64717 141 2003
