2500
64577 1 2400
64578 2 6056
64579 3 6050
64580 4 3393
64581 5 1876
64582 6 4526
64583 7 0
64584 8 2917
64585 9 5984
64586 10 5737
64587 11 5025
64588 12 7144
64589 13 3458
64590 14 4717
64591 15 0
64592 16 2125
64593 17 3794
64594 18 5838
64595 19 3894
64596 20 2819
64597 21 6875
64598 22 8547
64599 23 1392
64600 24 6750
64601 25 2316
64602 26 4075
64603 27 3820
64604 28 2940
64605 29 2319
64606 30 2651
64607 31 4108
64608 32 6256
64609 33 2774
64610 34 2674
64611 35 3250
64612 36 2389
64613 37 7297
64614 38 2292
64615 39 5189
64616 40 4808
64617 41 7508
64618 42 6842
64619 43 7258
64620 44 8408
64621 45 3792
64622 46 5020
64623 47 7478
64624 48 8435
64625 49 6742
64626 50 3175
64627 51 8057
64628 52 2412
64629 53 3292
64630 54 2992
64631 55 4575
64632 56 4941
64633 57 3072
64634 58 6876
64635 59 2865
64636 60 1991
64637 61 3129
64638 62 2501
64639 63 3969
64640 64 5303
64641 65 0
64642 66 2515
64643 67 7864
64644 68 3284
64645 69 5238
64646 70 6916
64647 71 3542
64648 72 6825
64649 73 4171
64650 74 2466
64651 75 6966
64652 76 2498
64653 77 3812
64654 78 7556
64655 79 4537
64656 80 4590
64657 81 2723
64658 82 3569
64659 83 2651
64660 84 4359
64661 85 2311
64662 86 2647
64663 87 6330
64664 88 2321
64665 89 7026
64666 90 4486
64667 91 7094
64668 92 1662
64669 93 3818
64670 94 4196
64671 95 4367
64672 96 5583
64673 97 3875
64674 98 3555
64675 99 5475
64676 100 2282
64677 101 6092
64678 102 4318
64679 103 4212
64680 104 6137
64681 105 10071
64682 106 5504
64683 107 5705
64684 108 6925
64685 109 3009
64686 110 4227
64687 111 3464
64688 112 0
64689 113 4258
64690 114 5285
64691 115 4536
64692 116 6448
64693 117 2493
64694 118 2498
64695 119 7259
64696 120 3086
64697 121 6116
64698 122 0
64699 123 6108
64700 124 1566
64701 125 4992
64702 126 4293
64703 127 5541
64704 128 5792
64705 129 2642
64706 130 5467
64707 131 6403
64708 132 2003
