2500
64577 1 5433
64578 2 3398
64579 3 7294
64580 4 4984
64581 5 3455
64582 6 2668
64583 7 3057
64584 8 8359
64585 9 2611
64586 10 5589
64587 11 3418
64588 12 0
64589 13 3186
64590 14 6093
64591 15 5691
64592 16 2242
64593 17 3880
64594 18 5902
64595 19 3541
64596 20 5345
64597 21 0
64598 22 2381
64599 23 6390
64600 24 2679
64601 25 6232
64602 26 1843
64603 27 2517
64604 28 4631
64605 29 3404
64606 30 1669
64607 31 2801
64608 32 3053
64609 33 4925
64610 34 1674
64611 35 6446
64612 36 7535
64613 37 2257
64614 38 2474
64615 39 3473
64616 40 2656
64617 41 5269
64618 42 3653
64619 43 3158
64620 44 8409
64621 45 2369
64622 46 6183
64623 47 2270
64624 48 2492
64625 49 5273
64626 50 2456
64627 51 2858
64628 52 5562
64629 53 10881
64630 54 3493
64631 55 6844
64632 56 6456
64633 57 8069
64634 58 9475
64635 59 8772
64636 60 0
64637 61 3125
64638 62 5982
64639 63 3390
64640 64 2740
64641 65 6450
64642 66 4801
64643 67 2285
64644 68 1188
64645 69 6442
64646 70 4566
64647 71 6502
64648 72 4038
64649 73 6392
64650 74 4646
64651 75 3256
64652 76 6120
64653 77 4175
64654 78 7320
64655 79 3678
64656 80 0
64657 81 3092
64658 82 4366
64659 83 5803
64660 84 5672
64661 85 5595
64662 86 1916
64663 87 3685
64664 88 5192
64665 89 2525
64666 90 3812
64667 91 4907
64668 92 8915
64669 93 2426
64670 94 3108
64671 95 2972
64672 96 4263
64673 97 6458
64674 98 5858
64675 99 3452
64676 100 2741
64677 101 3100
64678 102 4637
64679 103 3597
64680 104 5880
64681 105 0
64682 106 2811
64683 107 1831
64684 108 4576
64685 109 6075
64686 110 3820
64687 111 2547
64688 112 5158
64689 113 2751
64690 114 5929
64691 115 7814
64692 116 4927
64693 117 3276
64694 118 0
64695 119 2569
64696 120 3548
64697 121 3584
64698 122 5017
64699 123 6093
64700 124 4917
64701 125 3242
64702 126 4226
64703 127 5089
64704 128 0
64705 129 3416
64706 130 4269
64707 131 2921
64708 132 7452
64709 133 3123
64710 134 4465
64711 135 3108
64712 136 2820
64713 137 8905
64714 138 2003
