2500
64577 1 2574
64578 2 5906
64579 3 2684
64580 4 8791
64581 5 2377
64582 6 4469
64583 7 5607
64584 8 6275
64585 9 3998
64586 10 1677
64587 11 6336
64588 12 2975
64589 13 2481
64590 14 10886
64591 15 2337
64592 16 7992
64593 17 2169
64594 18 1652
64595 19 6496
64596 20 2330
64597 21 4677
64598 22 3719
64599 23 6431
64600 24 7342
64601 25 3749
64602 26 3771
64603 27 5206
64604 28 3969
64605 29 3208
64606 30 4237
64607 31 5040
64608 32 7090
64609 33 0
64610 34 6277
64611 35 2338
64612 36 8164
64613 37 2517
64614 38 6843
64615 39 2683
64616 40 4190
64617 41 3959
64618 42 8056
64619 43 1561
64620 44 5442
64621 45 3765
64622 46 4443
64623 47 2942
64624 48 3604
64625 49 5200
64626 50 3595
64627 51 1399
64628 52 4296
64629 53 2351
64630 54 2825
64631 55 3488
64632 56 5002
64633 57 5126
64634 58 1514
64635 59 6606
64636 60 4847
64637 61 2508
64638 62 2842
64639 63 4155
64640 64 3198
64641 65 6635
64642 66 5600
64643 67 0
64644 68 4178
64645 69 5072
64646 70 7036
64647 71 6854
64648 72 6592
64649 73 4048
64650 74 8701
64651 75 2379
64652 76 5408
64653 77 6359
64654 78 5044
64655 79 4725
64656 80 6333
64657 81 5872
64658 82 6824
64659 83 0
64660 84 2691
64661 85 5398
64662 86 2466
64663 87 936
64664 88 3404
64665 89 9210
64666 90 2341
64667 91 6092
64668 92 2817
64669 93 4348
64670 94 2496
64671 95 4700
64672 96 2121
64673 97 4839
64674 98 5082
64675 99 6340
64676 100 2353
64677 101 4414
64678 102 0
64679 103 2433
64680 104 4023
64681 105 3574
64682 106 1285
64683 107 9297
64684 108 2742
64685 109 7081
64686 110 5766
64687 111 0
64688 112 6515
64689 113 6625
64690 114 7899
64691 115 2003
64692 116 3642
64693 117 4523
64694 118 2031
64695 119 5763
64696 120 4242
64697 121 4310
64698 122 2106
64699 123 4859
64700 124 4888
64701 125 2389
64702 126 1454
64703 127 5502
64704 128 3553
64705 129 5042
64706 130 2433
64707 131 7883
64708 132 2176
64709 133 8616
64710 134 2003
