2500
64577 1 3117
64578 2 3179
64579 3 3772
64580 4 2539
64581 5 4085
64582 6 5176
64583 7 3383
64584 8 2324
64585 9 4696
64586 10 6651
64587 11 2342
64588 12 4789
64589 13 0
64590 14 5505
64591 15 2568
64592 16 6473
64593 17 0
64594 18 4108
64595 19 5731
64596 20 3592
64597 21 3739
64598 22 3526
64599 23 3789
64600 24 3643
64601 25 0
64602 26 2471
64603 27 2567
64604 28 1231
64605 29 2135
64606 30 3964
64607 31 10808
64608 32 4575
64609 33 6994
64610 34 2654
64611 35 5509
64612 36 3393
64613 37 6389
64614 38 2458
64615 39 5625
64616 40 2061
64617 41 3634
64618 42 6933
64619 43 2365
64620 44 2641
64621 45 2612
64622 46 3810
64623 47 1595
64624 48 4708
64625 49 5408
64626 50 2123
64627 51 6777
64628 52 0
64629 53 3842
64630 54 3821
64631 55 6652
64632 56 1891
64633 57 2127
64634 58 3792
64635 59 5074
64636 60 5462
64637 61 6622
64638 62 4902
64639 63 2700
64640 64 4801
64641 65 3525
64642 66 1850
64643 67 5963
64644 68 4715
64645 69 0
64646 70 5158
64647 71 4993
64648 72 7961
64649 73 2279
64650 74 5075
64651 75 5278
64652 76 7533
64653 77 2769
64654 78 4110
64655 79 3716
64656 80 5946
64657 81 5425
64658 82 2482
64659 83 4826
64660 84 2462
64661 85 5412
64662 86 5298
64663 87 5102
64664 88 2003
64665 89 3475
64666 90 4561
64667 91 2652
64668 92 4388
64669 93 5952
64670 94 2857
64671 95 5609
64672 96 0
64673 97 2692
64674 98 6310
64675 99 4299
64676 100 4558
64677 101 4402
64678 102 2291
64679 103 4462
64680 104 6197
64681 105 2356
64682 106 5642
64683 107 4215
64684 108 4657
64685 109 6025
64686 110 4000
64687 111 6760
64688 112 0
64689 113 3274
64690 114 6007
64691 115 5722
64692 116 2366
64693 117 2962
64694 118 1522
64695 119 4595
64696 120 7444
64697 121 2496
64698 122 3591
64699 123 3658
64700 124 0
64701 125 5447
64702 126 2799
64703 127 4103
64704 128 6535
64705 129 2612
64706 130 0
64707 131 2328
64708 132 2402
64709 133 2426
64710 134 5524
64711 135 4144
64712 136 2463
64713 137 2181
64714 138 3316
64715 139 5175
64716 140 2430
64717 141 3713
64718 142 0
64719 143 2711
64720 144 3658
64721 145 4122
64722 146 2171
64723 147 5792
64724 148 0
64725 149 3875
64726 150 2729
64727 151 5870
64728 152 2003
