2500
64577 1 1328
64578 2 1671
64579 3 4569
64580 4 2560
64581 5 4405
64582 6 1391
64583 7 4925
64584 8 3054
64585 9 4793
64586 10 4194
64587 11 1371
64588 12 4589
64589 13 0
64590 14 2619
64591 15 3715
64592 16 3415
64593 17 2655
64594 18 2222
64595 19 5126
64596 20 3931
64597 21 4543
64598 22 2206
64599 23 2556
64600 24 4126
64601 25 1809
64602 26 2661
64603 27 2453
64604 28 4464
64605 29 7977
64606 30 6508
64607 31 0
64608 32 2675
64609 33 5242
64610 34 2554
64611 35 4239
64612 36 2682
64613 37 2328
64614 38 2888
64615 39 2575
64616 40 4486
64617 41 2077
64618 42 1665
64619 43 5845
64620 44 2034
64621 45 5185
64622 46 7153
64623 47 4962
64624 48 3931
64625 49 4162
64626 50 2443
64627 51 3398
64628 52 0
64629 53 3208
64630 54 5205
64631 55 6188
64632 56 5349
64633 57 3181
64634 58 3543
64635 59 3882
64636 60 5938
64637 61 2111
64638 62 2172
64639 63 5585
64640 64 2419
64641 65 3292
64642 66 6602
64643 67 1242
64644 68 9649
64645 69 2441
64646 70 3314
64647 71 9257
64648 72 7051
64649 73 5527
64650 74 2331
64651 75 3729
64652 76 6314
64653 77 2458
64654 78 3376
64655 79 1851
64656 80 5430
64657 81 3437
64658 82 4571
64659 83 0
64660 84 5268
64661 85 7425
64662 86 3512
64663 87 3729
64664 88 2491
64665 89 5476
64666 90 0
64667 91 2279
64668 92 2641
64669 93 3075
64670 94 4881
64671 95 3458
64672 96 4528
64673 97 2250
64674 98 5725
64675 99 6625
64676 100 4808
64677 101 7402
64678 102 0
64679 103 2592
64680 104 4842
64681 105 9565
64682 106 2413
64683 107 3365
64684 108 5239
64685 109 3415
64686 110 2487
64687 111 0
64688 112 2039
64689 113 2500
64690 114 2606
64691 115 5179
64692 116 5036
64693 117 2150
64694 118 4492
64695 119 2085
64696 120 5241
64697 121 5627
64698 122 2572
64699 123 2286
64700 124 5684
64701 125 3493
64702 126 1351
64703 127 5281
64704 128 0
64705 129 4246
64706 130 6189
64707 131 0
64708 132 2025
64709 133 4453
64710 134 7933
64711 135 2033
64712 136 5364
64713 137 8216
64714 138 2258
64715 139 2330
64716 140 0
64717 141 2313
64718 142 4100
64719 143 5252
64720 144 2458
64721 145 3258
64722 146 5947
64723 147 2705
64724 148 4912
64725 149 3983
64726 150 4223
64727 151 2108
64728 152 4446
64729 153 5452
64730 154 2658
64731 155 2865
64732 156 6127
64733 157 2003
