2500
64577 1 1558
64578 2 7525
64579 3 1777
64580 4 2053
64581 5 4326
64582 6 5059
64583 7 6376
64584 8 2675
64585 9 6962
64586 10 2449
64587 11 3542
64588 12 5526
64589 13 0
64590 14 2562
64591 15 5347
64592 16 5069
64593 17 2906
64594 18 2324
64595 19 3959
64596 20 0
64597 21 5275
64598 22 5440
64599 23 2832
64600 24 3957
64601 25 0
64602 26 9399
64603 27 4633
64604 28 7028
64605 29 5458
64606 30 6978
64607 31 5342
64608 32 2699
64609 33 5527
64610 34 5876
64611 35 2050
64612 36 4414
64613 37 5904
64614 38 6046
64615 39 4521
64616 40 5011
64617 41 4086
64618 42 7007
64619 43 7371
64620 44 5017
64621 45 1661
64622 46 6615
64623 47 9208
64624 48 6537
64625 49 7969
64626 50 6908
64627 51 2484
64628 52 8227
64629 53 5225
64630 54 3446
64631 55 7177
64632 56 5958
64633 57 5988
64634 58 7090
64635 59 4942
64636 60 4605
64637 61 6509
64638 62 6258
64639 63 3373
64640 64 5923
64641 65 5246
64642 66 0
64643 67 6771
64644 68 4422
64645 69 3178
64646 70 6975
64647 71 6842
64648 72 5458
64649 73 3985
64650 74 5418
64651 75 3200
64652 76 4602
64653 77 6738
64654 78 3179
64655 79 9997
64656 80 2003
64657 81 1936
64658 82 5146
64659 83 5666
64660 84 2616
64661 85 4846
64662 86 2436
64663 87 6763
64664 88 4858
64665 89 4239
64666 90 2447
64667 91 4807
64668 92 8055
64669 93 6708
64670 94 0
64671 95 1525
64672 96 2744
64673 97 2618
64674 98 1752
64675 99 3442
64676 100 4692
64677 101 0
64678 102 5378
64679 103 4606
64680 104 5958
64681 105 4579
64682 106 4897
64683 107 4037
64684 108 5870
64685 109 3413
64686 110 9508
64687 111 6508
64688 112 7666
64689 113 9467
64690 114 2328
64691 115 3225
64692 116 2969
64693 117 6358
64694 118 3293
64695 119 7956
64696 120 5140
64697 121 3842
64698 122 6743
64699 123 2003
