2500
64577 1 7750
64578 2 4439
64579 3 5333
64580 4 6960
64581 5 4284
64582 6 0
64583 7 7208
64584 8 3130
64585 9 4201
64586 10 2119
64587 11 8716
64588 12 4590
64589 13 1752
64590 14 4846
64591 15 6649
64592 16 5832
64593 17 0
64594 18 8060
64595 19 3430
64596 20 4106
64597 21 5291
64598 22 4206
64599 23 0
64600 24 1865
64601 25 2540
64602 26 5277
64603 27 4114
64604 28 7537
64605 29 0
64606 30 6375
64607 31 5310
64608 32 6315
64609 33 6625
64610 34 6522
64611 35 3909
64612 36 7292
64613 37 0
64614 38 5403
64615 39 2702
64616 40 6252
64617 41 1608
64618 42 9219
64619 43 0
64620 44 2475
64621 45 6851
64622 46 6858
64623 47 6179
64624 48 6852
64625 49 10021
64626 50 2003
64627 51 2192
64628 52 3981
64629 53 3147
64630 54 7948
64631 55 4385
64632 56 6168
64633 57 6442
64634 58 4316
64635 59 4717
64636 60 5780
64637 61 4058
64638 62 5908
64639 63 6442
64640 64 6163
64641 65 5754
64642 66 4194
64643 67 5247
64644 68 11248
64645 69 0
64646 70 6333
64647 71 11551
64648 72 2306
64649 73 4790
64650 74 5657
64651 75 4825
64652 76 4606
64653 77 2843
64654 78 3584
64655 79 5820
64656 80 4393
64657 81 3389
64658 82 6175
64659 83 5676
64660 84 4576
64661 85 4140
64662 86 6351
64663 87 2857
64664 88 5455
64665 89 8861
64666 90 2352
64667 91 7275
64668 92 2569
64669 93 6299
64670 94 4461
64671 95 7138
64672 96 5685
64673 97 4811
64674 98 2062
64675 99 8153
64676 100 1978
64677 101 6527
64678 102 2218
64679 103 7428
64680 104 6719
64681 105 3030
64682 106 6329
64683 107 4351
64684 108 3308
64685 109 1395
64686 110 6268
64687 111 1503
64688 112 5958
64689 113 0
64690 114 8566
64691 115 6121
64692 116 3271
64693 117 6602
64694 118 11598
64695 119 2003
