2500
64577 1 2533
64578 2 3499
64579 3 2669
64580 4 3933
64581 5 1887
64582 6 4885
64583 7 3010
64584 8 2685
64585 9 6724
64586 10 1532
64587 11 5892
64588 12 4121
64589 13 5092
64590 14 0
64591 15 3097
64592 16 4915
64593 17 2615
64594 18 4241
64595 19 6258
64596 20 6539
64597 21 2003
64598 22 3156
64599 23 3472
64600 24 1597
64601 25 6092
64602 26 2658
64603 27 4762
64604 28 4273
64605 29 6356
64606 30 2357
64607 31 3956
64608 32 4708
64609 33 4175
64610 34 4777
64611 35 5549
64612 36 4661
64613 37 2366
64614 38 3686
64615 39 6871
64616 40 2003
64617 41 2973
64618 42 3259
64619 43 2240
64620 44 1409
64621 45 2938
64622 46 3156
64623 47 2878
64624 48 2338
64625 49 3710
64626 50 4523
64627 51 7360
64628 52 2003
64629 53 2658
64630 54 3901
64631 55 3901
64632 56 5472
64633 57 4523
64634 58 2194
64635 59 2603
64636 60 5688
64637 61 2172
64638 62 5774
64639 63 3163
64640 64 5555
64641 65 0
64642 66 2373
64643 67 5199
64644 68 4420
64645 69 5862
64646 70 3758
64647 71 4410
64648 72 3959
64649 73 2188
64650 74 7408
64651 75 1603
64652 76 5669
64653 77 3388
64654 78 0
64655 79 4532
64656 80 9473
64657 81 4975
64658 82 4918
64659 83 3665
64660 84 0
64661 85 7142
64662 86 9296
64663 87 8075
64664 88 5502
64665 89 7173
64666 90 2287
64667 91 5094
64668 92 2354
64669 93 5841
64670 94 4295
64671 95 3942
64672 96 7959
64673 97 6402
64674 98 4645
64675 99 3249
64676 100 5054
64677 101 7975
64678 102 5683
64679 103 2629
64680 104 2825
64681 105 4341
64682 106 4276
64683 107 4032
64684 108 5288
64685 109 0
64686 110 1558
64687 111 3751
64688 112 4553
64689 113 4048
64690 114 6727
64691 115 1815
64692 116 1511
64693 117 4396
64694 118 2310
64695 119 2499
64696 120 2581
64697 121 4190
64698 122 5092
64699 123 1193
64700 124 3130
64701 125 0
64702 126 4642
64703 127 5277
64704 128 3415
64705 129 4557
64706 130 6678
64707 131 0
64708 132 3070
64709 133 6260
64710 134 2264
64711 135 4292
64712 136 8534
64713 137 6808
64714 138 4825
64715 139 5585
64716 140 2730
64717 141 1678
64718 142 4879
64719 143 2286
64720 144 8302
64721 145 2003
