2500
64577 1 1284
64578 2 2617
64579 3 3995
64580 4 4430
64581 5 3955
64582 6 4366
64583 7 3367
64584 8 4075
64585 9 3109
64586 10 3348
64587 11 3825
64588 12 3991
64589 13 1569
64590 14 6079
64591 15 3870
64592 16 5358
64593 17 1421
64594 18 3295
64595 19 6851
64596 20 4848
64597 21 2003
64598 22 2675
64599 23 2984
64600 24 3139
64601 25 2319
64602 26 2402
64603 27 3167
64604 28 2353
64605 29 6622
64606 30 5942
64607 31 7292
64608 32 2592
64609 33 5574
64610 34 4411
64611 35 4741
64612 36 0
64613 37 3909
64614 38 2484
64615 39 5949
64616 40 0
64617 41 1885
64618 42 4352
64619 43 2765
64620 44 5404
64621 45 2416
64622 46 5258
64623 47 2473
64624 48 3153
64625 49 5214
64626 50 2336
64627 51 1341
64628 52 4125
64629 53 3347
64630 54 3766
64631 55 5509
64632 56 2580
64633 57 3399
64634 58 5808
64635 59 4477
64636 60 2639
64637 61 5439
64638 62 0
64639 63 8746
64640 64 2754
64641 65 3033
64642 66 7599
64643 67 2299
64644 68 8058
64645 69 5075
64646 70 5128
64647 71 5242
64648 72 6302
64649 73 2239
64650 74 3608
64651 75 4609
64652 76 2333
64653 77 3921
64654 78 5391
64655 79 5150
64656 80 5251
64657 81 3691
64658 82 4923
64659 83 6861
64660 84 3931
64661 85 2479
64662 86 7288
64663 87 2418
64664 88 2742
64665 89 4508
64666 90 5059
64667 91 2774
64668 92 8308
64669 93 3100
64670 94 2490
64671 95 5638
64672 96 3658
64673 97 3862
64674 98 0
64675 99 4040
64676 100 6922
64677 101 7367
64678 102 2313
64679 103 4702
64680 104 4014
64681 105 5147
64682 106 1286
64683 107 6518
64684 108 4732
64685 109 0
64686 110 3505
64687 111 3417
64688 112 4107
64689 113 3984
64690 114 6489
64691 115 6143
64692 116 0
64693 117 6383
64694 118 6636
64695 119 4915
64696 120 9739
64697 121 2328
64698 122 3496
64699 123 3896
64700 124 3884
64701 125 4001
64702 126 4180
64703 127 5529
64704 128 6775
64705 129 5604
64706 130 6038
64707 131 2398
64708 132 2279
64709 133 4041
64710 134 2511
64711 135 2766
64712 136 7955
64713 137 0
64714 138 3392
64715 139 5079
64716 140 6026
64717 141 2415
64718 142 8904
64719 143 2003
