2500
64577 1 3483
64578 2 3244
64579 3 4218
64580 4 3596
64581 5 2295
64582 6 3312
64583 7 5125
64584 8 0
64585 9 2764
64586 10 3516
64587 11 1425
64588 12 5805
64589 13 2558
64590 14 3925
64591 15 3428
64592 16 1371
64593 17 6003
64594 18 2617
64595 19 3708
64596 20 4577
64597 21 1483
64598 22 6599
64599 23 2856
64600 24 0
64601 25 4556
64602 26 6194
64603 27 2141
64604 28 2310
64605 29 4049
64606 30 0
64607 31 5043
64608 32 2475
64609 33 6842
64610 34 2218
64611 35 3075
64612 36 6330
64613 37 5338
64614 38 4713
64615 39 2446
64616 40 0
64617 41 3842
64618 42 3457
64619 43 5480
64620 44 1810
64621 45 5604
64622 46 0
64623 47 6674
64624 48 979
64625 49 3580
64626 50 5599
64627 51 2192
64628 52 4158
64629 53 4434
64630 54 2346
64631 55 5195
64632 56 3730
64633 57 3608
64634 58 5617
64635 59 2206
64636 60 4708
64637 61 6516
64638 62 5492
64639 63 10861
64640 64 2203
64641 65 4075
64642 66 1454
64643 67 5955
64644 68 2211
64645 69 4125
64646 70 3187
64647 71 0
64648 72 1853
64649 73 5169
64650 74 3939
64651 75 2216
64652 76 2620
64653 77 6158
64654 78 0
64655 79 1293
64656 80 7832
64657 81 2436
64658 82 3981
64659 83 0
64660 84 2515
64661 85 2236
64662 86 2727
64663 87 3354
64664 88 4495
64665 89 2003
64666 90 2766
64667 91 4888
64668 92 2062
64669 93 6064
64670 94 7164
64671 95 6692
64672 96 2658
64673 97 3588
64674 98 2551
64675 99 2399
64676 100 3520
64677 101 2558
64678 102 3926
64679 103 1799
64680 104 4003
64681 105 1870
64682 106 4546
64683 107 5350
64684 108 0
64685 109 4168
64686 110 4660
64687 111 4538
64688 112 6079
64689 113 2292
64690 114 2404
64691 115 5112
64692 116 2947
64693 117 2442
64694 118 4759
64695 119 2279
64696 120 0
64697 121 5875
64698 122 1644
64699 123 6809
64700 124 7300
64701 125 2077
64702 126 6052
64703 127 2397
64704 128 5356
64705 129 2783
64706 130 4657
64707 131 0
64708 132 1940
64709 133 3188
64710 134 4535
64711 135 3320
64712 136 2788
64713 137 0
64714 138 1390
64715 139 4868
64716 140 4718
64717 141 2381
64718 142 2291
64719 143 0
64720 144 5574
64721 145 1601
64722 146 6810
64723 147 6125
64724 148 0
64725 149 1615
64726 150 4028
64727 151 2431
64728 152 3131
64729 153 0
64730 154 5129
64731 155 3969
64732 156 3025
64733 157 2871
64734 158 0
64735 159 1704
64736 160 3141
64737 161 4253
64738 162 3155
64739 163 2815
64740 164 4408
64741 165 5126
64742 166 5144
64743 167 1434
64744 168 5923
64745 169 2003
