2500
64336 3 81
64577 4 2043
64578 5 2070
64579 6 3968
64580 7 4911
64581 8 3358
64582 9 2650
64583 10 2821
64584 11 2641
64585 12 1730
64586 13 3456
64587 14 2739
64588 15 0
64589 16 1908
64590 17 4214
64591 18 3119
64592 19 5306
64593 20 10669
64594 21 2362
64595 22 5258
64596 23 2758
64597 24 5034
64598 25 4239
64599 26 0
64600 27 2486
64601 28 1754
64602 29 2782
64603 30 3670
64604 31 4825
64605 32 3668
64606 33 5732
64607 34 2080
64608 35 1400
64609 36 1937
64610 37 3974
64611 38 5015
64612 39 2511
64613 40 3407
64614 41 4792
64615 42 4808
64616 43 3353
64617 44 4816
64618 45 7381
64619 46 4257
64620 47 0
64621 48 3398
64622 49 5478
64623 50 5441
64624 51 4006
64625 52 4899
64626 53 4020
64627 54 2628
64628 55 0
64629 56 3306
64630 57 5168
64631 58 3426
64632 59 2766
64633 60 4958
64634 61 2642
64635 62 5756
64636 63 5343
64637 64 5171
64638 65 2515
64639 66 7812
64640 67 2003
64641 68 3203
64642 69 6392
64643 70 4886
64644 71 4728
64645 72 2311
64646 73 4014
64647 74 3258
64648 75 5523
64649 76 0
64650 77 4153
64651 78 2819
64652 79 2916
64653 80 5749
64654 81 2231
64655 82 5535
64656 83 1612
64657 84 1437
64658 85 4068
64659 86 3469
64660 87 3292
64661 88 5754
64662 89 2172
64663 90 2392
64664 91 8575
64665 92 3286
64666 93 3890
64667 94 3058
64668 95 6367
64669 96 7402
64670 97 2003
64671 98 3008
64672 99 5855
64673 100 2567
64674 101 5406
64675 102 1364
64676 103 4910
64677 104 0
64678 105 3491
64679 106 4644
64680 107 7686
64681 108 1601
64682 109 3129
64683 110 6867
64684 111 1997
64685 112 2410
64686 113 4304
64687 114 4779
64688 115 2749
64689 116 3307
64690 117 2895
64691 118 4421
64692 119 8488
64693 120 0
64694 121 7148
64695 122 9542
64696 123 5176
64697 124 2325
64698 125 6198
64699 126 6425
64700 127 2326
64701 128 3891
64702 129 4405
64703 130 5974
64704 131 2860
64705 132 0
64706 133 1405
64707 134 2840
64708 135 2130
64709 136 6242
64710 137 2703
64711 138 0
64712 139 1540
64713 140 3280
64714 141 3630
64715 142 8208
64716 143 3017
64717 144 0
64718 145 1593
64719 146 3401
64720 147 4374
64721 148 6889
64722 149 2793
64723 150 0
64724 151 2051
64725 152 4369
64726 153 9101
64727 154 2285
64728 155 8110
64729 156 2475
64730 157 5951
64731 158 2003
64858 159 1361
64859 160 1361
64860 161 1441
64861 162 1463
64862 163 1562
64863 164 1516
64864 165 1359
64865 166 1365
64866 167 979
64867 168 1029
64868 169 1196
64869 170 1194
64870 171 1329
64871 172 1381
64872 173 1292
64873 174 1306
64874 175 1535
64875 176 1541
64876 177 1355
64877 178 1355
64878 179 1530
64879 180 1537
64880 181 1348
64881 182 1382
64882 183 1368
64883 184 1362
64884 185 1139
64885 186 1153
64886 187 1638
64887 188 1665
64888 189 1665
64889 190 1672
