2500
64577 1 2261
64578 2 3964
64579 3 2628
64580 4 3995
64581 5 3186
64582 6 7891
64583 7 0
64584 8 2933
64585 9 3787
64586 10 8138
64587 11 2408
64588 12 5092
64589 13 5163
64590 14 2705
64591 15 4875
64592 16 1598
64593 17 9410
64594 18 7435
64595 19 3008
64596 20 6162
64597 21 6447
64598 22 2204
64599 23 2858
64600 24 5042
64601 25 2302
64602 26 4797
64603 27 1243
64604 28 5105
64605 29 0
64606 30 5842
64607 31 5966
64608 32 4502
64609 33 3775
64610 34 1449
64611 35 6987
64612 36 2238
64613 37 3119
64614 38 5363
64615 39 4408
64616 40 6280
64617 41 6225
64618 42 2401
64619 43 6843
64620 44 2242
64621 45 3342
64622 46 7105
64623 47 2464
64624 48 6279
64625 49 3314
64626 50 6207
64627 51 3352
64628 52 0
64629 53 3643
64630 54 4990
64631 55 4502
64632 56 1963
64633 57 2021
64634 58 4015
64635 59 3955
64636 60 2611
64637 61 5546
64638 62 5302
64639 63 2648
64640 64 7587
64641 65 7343
64642 66 2760
64643 67 2965
64644 68 6914
64645 69 2257
64646 70 7525
64647 71 7758
64648 72 1554
64649 73 3661
64650 74 2983
64651 75 1390
64652 76 7214
64653 77 2319
64654 78 3008
64655 79 1584
64656 80 4835
64657 81 4365
64658 82 3317
64659 83 3043
64660 84 7574
64661 85 0
64662 86 1816
64663 87 3705
64664 88 3215
64665 89 1473
64666 90 3580
64667 91 2649
64668 92 2603
64669 93 2843
64670 94 0
64671 95 3036
64672 96 4893
64673 97 2568
64674 98 6333
64675 99 5542
64676 100 5942
64677 101 4220
64678 102 7079
64679 103 2309
64680 104 2892
64681 105 4029
64682 106 6747
64683 107 7394
64684 108 2237
64685 109 6025
64686 110 7284
64687 111 6514
64688 112 2160
64689 113 3975
64690 114 3023
64691 115 1790
64692 116 5497
64693 117 5043
64694 118 6042
64695 119 4392
64696 120 4222
64697 121 2383
64698 122 4375
64699 123 5338
64700 124 7158
64701 125 2608
64702 126 5592
64703 127 2076
64704 128 6116
64705 129 1822
64706 130 2168
64707 131 3981
64708 132 3533
64709 133 3516
64710 134 1611
64711 135 8693
64712 136 2578
64713 137 6224
64714 138 8225
64715 139 2742
64716 140 6281
64717 141 0
64718 142 1288
64719 143 2003
