2500
64577 1 5904
64578 2 2096
64579 3 5731
64580 4 0
64581 5 1852
64582 6 6061
64583 7 2390
64584 8 6417
64585 9 0
64586 10 5615
64587 11 2618
64588 12 6908
64589 13 3585
64590 14 6956
64591 15 0
64592 16 5842
64593 17 2797
64594 18 5842
64595 19 1801
64596 20 4791
64597 21 6073
64598 22 1968
64599 23 3314
64600 24 6975
64601 25 3824
64602 26 2497
64603 27 5041
64604 28 2843
64605 29 5824
64606 30 5723
64607 31 3025
64608 32 4141
64609 33 4903
64610 34 5431
64611 35 4973
64612 36 4090
64613 37 2942
64614 38 3708
64615 39 8314
64616 40 2150
64617 41 3930
64618 42 8290
64619 43 6070
64620 44 3958
64621 45 6202
64622 46 5821
64623 47 2318
64624 48 5176
64625 49 2859
64626 50 7195
64627 51 3626
64628 52 0
64629 53 3287
64630 54 5524
64631 55 2939
64632 56 4557
64633 57 6742
64634 58 4592
64635 59 7003
64636 60 2505
64637 61 5566
64638 62 5061
64639 63 2827
64640 64 2590
64641 65 4331
64642 66 4889
64643 67 3142
64644 68 3701
64645 69 2590
64646 70 7099
64647 71 8369
64648 72 2003
64649 73 6604
64650 74 1909
64651 75 3696
64652 76 3119
64653 77 1664
64654 78 3619
64655 79 6130
64656 80 5391
64657 81 2398
64658 82 4509
64659 83 3608
64660 84 6108
64661 85 2151
64662 86 2425
64663 87 7147
64664 88 2375
64665 89 5327
64666 90 7458
64667 91 2319
64668 92 5536
64669 93 5808
64670 94 1947
64671 95 2886
64672 96 3445
64673 97 8042
64674 98 4246
64675 99 2665
64676 100 4058
64677 101 3136
64678 102 1807
64679 103 2944
64680 104 4171
64681 105 9159
64682 106 5075
64683 107 2571
64684 108 8188
64685 109 2003
64686 110 4415
64687 111 4675
64688 112 5342
64689 113 5295
64690 114 2458
64691 115 5218
64692 116 9707
64693 117 2003
