2500
64577 1 1942
64578 2 8117
64579 3 3978
64580 4 7888
64581 5 5146
64582 6 2275
64583 7 5465
64584 8 4247
64585 9 2460
64586 10 9624
64587 11 5738
64588 12 2346
64589 13 2550
64590 14 5581
64591 15 2652
64592 16 2716
64593 17 4905
64594 18 6192
64595 19 3088
64596 20 7631
64597 21 0
64598 22 2492
64599 23 4272
64600 24 2299
64601 25 2559
64602 26 3293
64603 27 2290
64604 28 0
64605 29 2113
64606 30 2571
64607 31 3393
64608 32 5093
64609 33 1895
64610 34 2075
64611 35 6259
64612 36 6702
64613 37 4265
64614 38 3999
64615 39 4858
64616 40 7128
64617 41 2298
64618 42 5920
64619 43 2564
64620 44 7116
64621 45 2944
64622 46 6858
64623 47 4289
64624 48 3331
64625 49 7055
64626 50 5708
64627 51 2724
64628 52 7641
64629 53 4742
64630 54 1778
64631 55 5698
64632 56 2131
64633 57 1858
64634 58 4173
64635 59 3287
64636 60 2661
64637 61 7404
64638 62 2492
64639 63 4291
64640 64 5250
64641 65 5235
64642 66 4641
64643 67 0
64644 68 5086
64645 69 2009
64646 70 4201
64647 71 4184
64648 72 7292
64649 73 5379
64650 74 5894
64651 75 2892
64652 76 7105
64653 77 5342
64654 78 4659
64655 79 4930
64656 80 3602
64657 81 2275
64658 82 3319
64659 83 4740
64660 84 4827
64661 85 2634
64662 86 6708
64663 87 0
64664 88 3325
64665 89 5645
64666 90 2942
64667 91 6925
64668 92 3183
64669 93 2542
64670 94 5233
64671 95 6050
64672 96 2156
64673 97 6956
64674 98 5907
64675 99 2958
64676 100 9292
64677 101 5944
64678 102 4064
64679 103 2096
64680 104 4770
64681 105 4463
64682 106 4728
64683 107 2456
64684 108 5058
64685 109 4863
64686 110 6841
64687 111 3800
64688 112 2638
64689 113 5308
64690 114 6510
64691 115 2165
64692 116 3008
64693 117 4112
64694 118 4467
64695 119 4503
64696 120 2862
64697 121 5850
64698 122 5555
64699 123 1617
64700 124 6151
64701 125 2383
64702 126 3551
64703 127 3753
64704 128 2624
64705 129 5823
64706 130 3768
64707 131 2821
64708 132 6358
64709 133 5903
64710 134 0
64711 135 5242
64712 136 7165
64713 137 2003
