2500
64577 1 2639
64578 2 6738
64579 3 6142
64580 4 2747
64581 5 5839
64582 6 0
64583 7 2608
64584 8 4343
64585 9 2222
64586 10 5183
64587 11 6742
64588 12 2746
64589 13 2728
64590 14 5325
64591 15 7234
64592 16 3507
64593 17 4653
64594 18 5597
64595 19 0
64596 20 2234
64597 21 2908
64598 22 5429
64599 23 4851
64600 24 2506
64601 25 6594
64602 26 2992
64603 27 2749
64604 28 3749
64605 29 4553
64606 30 8629
64607 31 1887
64608 32 2359
64609 33 8217
64610 34 3160
64611 35 6908
64612 36 5053
64613 37 0
64614 38 2575
64615 39 4758
64616 40 2544
64617 41 3298
64618 42 5143
64619 43 0
64620 44 3092
64621 45 5429
64622 46 3656
64623 47 3025
64624 48 3236
64625 49 4573
64626 50 5294
64627 51 4213
64628 52 2192
64629 53 6657
64630 54 4725
64631 55 2985
64632 56 2100
64633 57 8557
64634 58 2003
64635 59 4648
64636 60 5753
64637 61 4622
64638 62 4933
64639 63 2694
64640 64 6792
64641 65 2775
64642 66 3047
64643 67 3490
64644 68 4442
64645 69 6934
64646 70 2249
64647 71 2608
64648 72 4673
64649 73 7446
64650 74 3073
64651 75 5231
64652 76 2525
64653 77 1363
64654 78 6529
64655 79 2106
64656 80 1028
64657 81 2571
64658 82 2967
64659 83 5833
64660 84 3316
64661 85 2707
64662 86 4429
64663 87 6460
64664 88 4295
64665 89 1580
64666 90 7523
64667 91 2232
64668 92 2325
64669 93 2673
64670 94 2738
64671 95 4229
64672 96 3864
64673 97 7690
64674 98 0
64675 99 2458
64676 100 6850
64677 101 3822
64678 102 3808
64679 103 9100
64680 104 2071
64681 105 5312
64682 106 5285
64683 107 5167
64684 108 8245
64685 109 2789
64686 110 6908
64687 111 2622
64688 112 4599
64689 113 2552
64690 114 5862
64691 115 0
64692 116 6308
64693 117 3403
64694 118 2622
64695 119 4028
64696 120 4029
64697 121 4132
64698 122 5308
64699 123 4292
64700 124 4623
64701 125 8345
64702 126 2188
64703 127 4692
64704 128 4620
64705 129 1863
64706 130 5563
64707 131 6157
64708 132 5309
64709 133 6653
64710 134 5894
64711 135 0
64712 136 6658
64713 137 3345
64714 138 3089
64715 139 5363
64716 140 6016
64717 141 2003
