2500
64577 1 4658
64578 2 5290
64579 3 4386
64580 4 6132
64581 5 2536
64582 6 3987
64583 7 4758
64584 8 7111
64585 9 5076
64586 10 5199
64587 11 2498
64588 12 4025
64589 13 3892
64590 14 4770
64591 15 7244
64592 16 0
64593 17 6065
64594 18 2546
64595 19 4509
64596 20 1514
64597 21 6582
64598 22 4011
64599 23 5369
64600 24 0
64601 25 3425
64602 26 6570
64603 27 4383
64604 28 2733
64605 29 5681
64606 30 3385
64607 31 5455
64608 32 3046
64609 33 7637
64610 34 2174
64611 35 3258
64612 36 2976
64613 37 2861
64614 38 3439
64615 39 5560
64616 40 2870
64617 41 1864
64618 42 5802
64619 43 3261
64620 44 5118
64621 45 4292
64622 46 1582
64623 47 5169
64624 48 0
64625 49 5379
64626 50 1507
64627 51 5066
64628 52 3152
64629 53 1882
64630 54 7369
64631 55 2144
64632 56 7450
64633 57 0
64634 58 3032
64635 59 1493
64636 60 4624
64637 61 4194
64638 62 4558
64639 63 1649
64640 64 5739
64641 65 4305
64642 66 4150
64643 67 2159
64644 68 2625
64645 69 5072
64646 70 7008
64647 71 0
64648 72 4592
64649 73 3199
64650 74 3209
64651 75 3573
64652 76 2575
64653 77 0
64654 78 2117
64655 79 2540
64656 80 3913
64657 81 4200
64658 82 2003
64659 83 4825
64660 84 3870
64661 85 2758
64662 86 3369
64663 87 0
64664 88 7945
64665 89 0
64666 90 2609
64667 91 2232
64668 92 1859
64669 93 2772
64670 94 6608
64671 95 6225
64672 96 0
64673 97 4862
64674 98 2017
64675 99 6705
64676 100 2086
64677 101 3516
64678 102 7571
64679 103 6025
64680 104 0
64681 105 3042
64682 106 3774
64683 107 3069
64684 108 4715
64685 109 4355
64686 110 2154
64687 111 4900
64688 112 6837
64689 113 2187
64690 114 3942
64691 115 5828
64692 116 1339
64693 117 7588
64694 118 3113
64695 119 7783
64696 120 2932
64697 121 1483
64698 122 5266
64699 123 3594
64700 124 0
64701 125 7918
64702 126 2514
64703 127 5553
64704 128 2359
64705 129 5447
64706 130 4126
64707 131 5235
64708 132 0
64709 133 5720
64710 134 6216
64711 135 0
64712 136 2066
64713 137 3382
64714 138 5684
64715 139 4033
64716 140 7301
64717 141 1836
64718 142 2751
64719 143 5594
64720 144 4791
64721 145 4709
64722 146 5508
64723 147 0
64724 148 2992
64725 149 3800
64726 150 2584
64727 151 6220
64728 152 6711
64729 153 2003
