2500
64577 1 7533
64578 2 2118
64579 3 2825
64580 4 3410
64581 5 9430
64582 6 1834
64583 7 5472
64584 8 5913
64585 9 1792
64586 10 7448
64587 11 4827
64588 12 8634
64589 13 4808
64590 14 5227
64591 15 5858
64592 16 2355
64593 17 6459
64594 18 7261
64595 19 8269
64596 20 2040
64597 21 4265
64598 22 4055
64599 23 4189
64600 24 1321
64601 25 4136
64602 26 2734
64603 27 6308
64604 28 5058
64605 29 8522
64606 30 4342
64607 31 6222
64608 32 2101
64609 33 5742
64610 34 3252
64611 35 7386
64612 36 8875
64613 37 4514
64614 38 4025
64615 39 2773
64616 40 5429
64617 41 3213
64618 42 5525
64619 43 2208
64620 44 4459
64621 45 5247
64622 46 4921
64623 47 3666
64624 48 4156
64625 49 2771
64626 50 4849
64627 51 5402
64628 52 5043
64629 53 6842
64630 54 4313
64631 55 9526
64632 56 4708
64633 57 5351
64634 58 0
64635 59 3758
64636 60 1982
64637 61 5620
64638 62 6127
64639 63 2276
64640 64 2658
64641 65 3950
64642 66 2198
64643 67 3899
64644 68 6886
64645 69 7016
64646 70 1290
64647 71 6194
64648 72 1083
64649 73 5733
64650 74 0
64651 75 6458
64652 76 7542
64653 77 2909
64654 78 0
64655 79 3592
64656 80 3433
64657 81 8782
64658 82 2153
64659 83 2908
64660 84 2591
64661 85 4877
64662 86 5073
64663 87 3914
64664 88 2057
64665 89 5821
64666 90 1431
64667 91 4240
64668 92 3987
64669 93 3921
64670 94 3443
64671 95 2352
64672 96 2782
64673 97 2894
64674 98 5362
64675 99 7321
64676 100 2125
64677 101 2525
64678 102 3278
64679 103 4162
64680 104 2280
64681 105 5554
64682 106 3308
64683 107 2035
64684 108 4289
64685 109 2358
64686 110 5572
64687 111 4772
64688 112 4703
64689 113 5792
64690 114 3795
64691 115 5235
64692 116 1330
64693 117 3708
64694 118 6035
64695 119 3702
64696 120 2350
64697 121 2625
64698 122 5278
64699 123 2431
64700 124 7525
64701 125 3692
64702 126 4497
64703 127 0
64704 128 2625
64705 129 5320
64706 130 3251
64707 131 7822
64708 132 4258
64709 133 9428
64710 134 2003
