2500
64577 1 2783
64578 2 3200
64579 3 1945
64580 4 7138
64581 5 2894
64582 6 3625
64583 7 7959
64584 8 2670
64585 9 6413
64586 10 5304
64587 11 2742
64588 12 5986
64589 13 5859
64590 14 0
64591 15 2524
64592 16 6112
64593 17 2846
64594 18 7211
64595 19 4758
64596 20 7933
64597 21 1418
64598 22 7950
64599 23 2211
64600 24 2658
64601 25 5616
64602 26 6117
64603 27 3376
64604 28 4593
64605 29 2793
64606 30 6200
64607 31 7958
64608 32 0
64609 33 5937
64610 34 7918
64611 35 2947
64612 36 6230
64613 37 8533
64614 38 1803
64615 39 2352
64616 40 4129
64617 41 7150
64618 42 5528
64619 43 5550
64620 44 6453
64621 45 2492
64622 46 5002
64623 47 2896
64624 48 0
64625 49 9798
64626 50 2143
64627 51 4091
64628 52 4493
64629 53 5724
64630 54 2123
64631 55 5811
64632 56 0
64633 57 5375
64634 58 6590
64635 59 2516
64636 60 5942
64637 61 9977
64638 62 1814
64639 63 5202
64640 64 2824
64641 65 6850
64642 66 2276
64643 67 4969
64644 68 4775
64645 69 6630
64646 70 5913
64647 71 2524
64648 72 4193
64649 73 8288
64650 74 5220
64651 75 6069
64652 76 1518
64653 77 5727
64654 78 0
64655 79 6959
64656 80 2967
64657 81 10356
64658 82 2226
64659 83 2278
64660 84 6585
64661 85 7147
64662 86 2479
64663 87 5516
64664 88 4396
64665 89 3210
64666 90 1534
64667 91 2256
64668 92 4668
64669 93 2775
64670 94 4723
64671 95 3950
64672 96 5403
64673 97 5244
64674 98 8555
64675 99 2132
64676 100 8608
64677 101 4860
64678 102 1497
64679 103 6184
64680 104 4659
64681 105 7175
64682 106 5727
64683 107 6576
64684 108 2756
64685 109 0
64686 110 4002
64687 111 5463
64688 112 4368
64689 113 2955
64690 114 3181
64691 115 8386
64692 116 4809
64693 117 2408
64694 118 3825
64695 119 3297
64696 120 5714
64697 121 1963
64698 122 2761
64699 123 8156
64700 124 0
64701 125 3418
64702 126 5123
64703 127 4042
64704 128 5877
64705 129 2003
