2500
64577 1 1216
64578 2 5892
64579 3 3348
64580 4 5069
64581 5 2506
64582 6 3654
64583 7 2399
64584 8 2527
64585 9 5587
64586 10 6175
64587 11 4642
64588 12 5287
64589 13 6058
64590 14 11325
64591 15 3358
64592 16 5813
64593 17 2065
64594 18 6518
64595 19 5354
64596 20 3618
64597 21 2908
64598 22 4032
64599 23 2444
64600 24 4580
64601 25 2759
64602 26 6053
64603 27 2740
64604 28 4566
64605 29 8106
64606 30 0
64607 31 3642
64608 32 2561
64609 33 5107
64610 34 3748
64611 35 4527
64612 36 1893
64613 37 1714
64614 38 3176
64615 39 6593
64616 40 4900
64617 41 3775
64618 42 6390
64619 43 6015
64620 44 7742
64621 45 4884
64622 46 7329
64623 47 0
64624 48 2742
64625 49 7075
64626 50 8986
64627 51 1758
64628 52 5686
64629 53 6408
64630 54 5664
64631 55 2941
64632 56 3707
64633 57 5848
64634 58 6556
64635 59 5577
64636 60 1982
64637 61 5082
64638 62 2773
64639 63 4917
64640 64 4658
64641 65 2273
64642 66 3777
64643 67 2418
64644 68 4996
64645 69 0
64646 70 4808
64647 71 2724
64648 72 5828
64649 73 4746
64650 74 1899
64651 75 2061
64652 76 8952
64653 77 2617
64654 78 2023
64655 79 6892
64656 80 3625
64657 81 0
64658 82 2542
64659 83 8482
64660 84 6558
64661 85 6557
64662 86 8108
64663 87 1617
64664 88 4852
64665 89 6775
64666 90 2913
64667 91 3894
64668 92 0
64669 93 4004
64670 94 4336
64671 95 4814
64672 96 7368
64673 97 2160
64674 98 2225
64675 99 9010
64676 100 2000
64677 101 6039
64678 102 2029
64679 103 7760
64680 104 3711
64681 105 8358
64682 106 1861
64683 107 5955
64684 108 6075
64685 109 3020
64686 110 3618
64687 111 5830
64688 112 6341
64689 113 0
64690 114 3425
64691 115 2682
64692 116 4417
64693 117 6128
64694 118 2391
64695 119 4853
64696 120 4325
64697 121 5684
64698 122 2667
64699 123 4711
64700 124 3627
64701 125 5785
64702 126 8608
64703 127 2973
64704 128 7005
64705 129 4987
64706 130 7723
64707 131 2003
