2500
64577 1 6125
64578 2 2728
64579 3 6608
64580 4 2808
64581 5 5964
64582 6 7429
64583 7 6908
64584 8 7979
64585 9 0
64586 10 6108
64587 11 0
64588 12 2485
64589 13 2788
64590 14 2107
64591 15 8690
64592 16 2224
64593 17 2158
64594 18 3987
64595 19 7492
64596 20 4960
64597 21 2600
64598 22 4722
64599 23 3467
64600 24 4225
64601 25 4619
64602 26 6425
64603 27 2552
64604 28 5327
64605 29 2763
64606 30 0
64607 31 3492
64608 32 3043
64609 33 8722
64610 34 5485
64611 35 2242
64612 36 2625
64613 37 2655
64614 38 3249
64615 39 7452
64616 40 6919
64617 41 3742
64618 42 1387
64619 43 4408
64620 44 4995
64621 45 3789
64622 46 2446
64623 47 5883
64624 48 3175
64625 49 3761
64626 50 5286
64627 51 0
64628 52 3224
64629 53 5346
64630 54 6298
64631 55 5811
64632 56 2479
64633 57 5882
64634 58 3525
64635 59 2760
64636 60 6644
64637 61 7445
64638 62 2892
64639 63 3816
64640 64 1525
64641 65 1577
64642 66 5299
64643 67 2935
64644 68 4426
64645 69 2932
64646 70 0
64647 71 3825
64648 72 5656
64649 73 6172
64650 74 2016
64651 75 2008
64652 76 3427
64653 77 7859
64654 78 6258
64655 79 1877
64656 80 5434
64657 81 4053
64658 82 3096
64659 83 5550
64660 84 4756
64661 85 0
64662 86 3342
64663 87 7638
64664 88 2594
64665 89 2802
64666 90 5172
64667 91 2741
64668 92 3982
64669 93 5511
64670 94 2110
64671 95 2742
64672 96 3547
64673 97 1992
64674 98 5365
64675 99 4306
64676 100 7362
64677 101 9926
64678 102 6019
64679 103 7221
64680 104 7592
64681 105 4825
64682 106 5953
64683 107 6026
64684 108 2343
64685 109 4721
64686 110 2854
64687 111 5133
64688 112 8147
64689 113 4475
64690 114 2897
64691 115 3416
64692 116 3823
64693 117 6060
64694 118 2003
64695 119 5042
64696 120 3111
64697 121 5640
64698 122 4825
64699 123 2648
64700 124 5137
64701 125 0
64702 126 6511
64703 127 4265
64704 128 2465
64705 129 6973
64706 130 2626
64707 131 7120
64708 132 0
64709 133 2383
64710 134 2886
64711 135 3616
64712 136 5403
64713 137 6019
64714 138 2003
