2500
64577 1 3358
64578 2 3096
64579 3 3116
64580 4 1637
64581 5 3985
64582 6 4612
64583 7 4867
64584 8 5219
64585 9 2453
64586 10 2558
64587 11 3505
64588 12 5281
64589 13 1296
64590 14 7358
64591 15 2958
64592 16 2681
64593 17 4882
64594 18 4652
64595 19 2092
64596 20 4832
64597 21 2762
64598 22 5187
64599 23 5075
64600 24 2536
64601 25 4657
64602 26 0
64603 27 4435
64604 28 5023
64605 29 3973
64606 30 7919
64607 31 6727
64608 32 5958
64609 33 2871
64610 34 6839
64611 35 0
64612 36 2808
64613 37 5794
64614 38 6225
64615 39 2003
64616 40 2403
64617 41 3084
64618 42 5724
64619 43 3179
64620 44 2851
64621 45 4139
64622 46 6869
64623 47 3407
64624 48 1426
64625 49 5837
64626 50 2206
64627 51 3870
64628 52 6197
64629 53 4503
64630 54 2529
64631 55 7081
64632 56 6232
64633 57 1684
64634 58 4648
64635 59 3326
64636 60 3525
64637 61 1416
64638 62 6367
64639 63 2306
64640 64 2891
64641 65 6268
64642 66 1653
64643 67 4535
64644 68 3358
64645 69 3104
64646 70 2088
64647 71 5712
64648 72 5339
64649 73 8751
64650 74 2206
64651 75 3192
64652 76 6114
64653 77 2443
64654 78 2698
64655 79 5294
64656 80 3807
64657 81 4836
64658 82 2691
64659 83 3823
64660 84 0
64661 85 2421
64662 86 2878
64663 87 1340
64664 88 3955
64665 89 7711
64666 90 2236
64667 91 2492
64668 92 5826
64669 93 4177
64670 94 7363
64671 95 4648
64672 96 0
64673 97 3822
64674 98 1426
64675 99 6825
64676 100 2155
64677 101 5275
64678 102 2802
64679 103 1689
64680 104 6790
64681 105 2698
64682 106 2815
64683 107 5058
64684 108 4914
64685 109 4663
64686 110 6845
64687 111 3133
64688 112 4847
64689 113 2948
64690 114 6458
64691 115 6625
64692 116 2527
64693 117 5002
64694 118 1627
64695 119 7633
64696 120 2923
64697 121 6323
64698 122 0
64699 123 2575
64700 124 4264
64701 125 2649
64702 126 3646
64703 127 1968
64704 128 5093
64705 129 2659
64706 130 3502
64707 131 7047
64708 132 4225
64709 133 1686
64710 134 5774
64711 135 2069
64712 136 1314
64713 137 2558
64714 138 4431
64715 139 3996
64716 140 4880
64717 141 2330
64718 142 7125
64719 143 2584
64720 144 2607
64721 145 0
64722 146 3628
64723 147 2057
64724 148 6397
64725 149 5249
64726 150 2003
