2500
64577 1 2858
64578 2 5436
64579 3 1865
64580 4 7085
64581 5 2576
64582 6 6396
64583 7 2612
64584 8 0
64585 9 1871
64586 10 4065
64587 11 4114
64588 12 5825
64589 13 11092
64590 14 2305
64591 15 4292
64592 16 2863
64593 17 5968
64594 18 0
64595 19 1430
64596 20 5163
64597 21 1404
64598 22 1921
64599 23 6015
64600 24 5432
64601 25 1904
64602 26 4137
64603 27 4154
64604 28 5210
64605 29 6075
64606 30 2615
64607 31 3269
64608 32 4854
64609 33 0
64610 34 3384
64611 35 3336
64612 36 6670
64613 37 2253
64614 38 4602
64615 39 4078
64616 40 6338
64617 41 2755
64618 42 3358
64619 43 5004
64620 44 2332
64621 45 9103
64622 46 2160
64623 47 4512
64624 48 4127
64625 49 5501
64626 50 7735
64627 51 2692
64628 52 5657
64629 53 0
64630 54 2319
64631 55 3299
64632 56 5821
64633 57 5813
64634 58 5384
64635 59 4538
64636 60 5863
64637 61 0
64638 62 2975
64639 63 3435
64640 64 6837
64641 65 4236
64642 66 5291
64643 67 3275
64644 68 2341
64645 69 4000
64646 70 6986
64647 71 5633
64648 72 2930
64649 73 1480
64650 74 7346
64651 75 2115
64652 76 3002
64653 77 5004
64654 78 2919
64655 79 4528
64656 80 4175
64657 81 1706
64658 82 6340
64659 83 4825
64660 84 0
64661 85 2722
64662 86 3588
64663 87 4066
64664 88 4127
64665 89 5267
64666 90 4993
64667 91 6072
64668 92 0
64669 93 2992
64670 94 6051
64671 95 4322
64672 96 3224
64673 97 5529
64674 98 4574
64675 99 4646
64676 100 2830
64677 101 0
64678 102 3792
64679 103 2096
64680 104 8339
64681 105 2245
64682 106 1391
64683 107 5031
64684 108 3418
64685 109 1891
64686 110 4415
64687 111 2446
64688 112 4948
64689 113 3413
64690 114 4510
64691 115 1739
64692 116 5865
64693 117 0
64694 118 5357
64695 119 4123
64696 120 4511
64697 121 3325
64698 122 3492
64699 123 5605
64700 124 0
64701 125 3592
64702 126 3296
64703 127 5389
64704 128 2354
64705 129 2631
64706 130 4339
64707 131 2554
64708 132 2696
64709 133 3843
64710 134 4808
64711 135 3663
64712 136 4279
64713 137 4610
64714 138 5019
64715 139 2185
64716 140 5685
64717 141 2708
64718 142 4701
64719 143 3909
64720 144 3197
64721 145 0
64722 146 4575
64723 147 2462
64724 148 0
64725 149 2311
64726 150 2789
64727 151 5404
64728 152 4651
64729 153 2003
