2500
64577 1 4145
64578 2 3818
64579 3 2042
64580 4 3131
64581 5 1824
64582 6 5431
64583 7 2520
64584 8 6795
64585 9 2472
64586 10 4158
64587 11 2495
64588 12 1850
64589 13 5036
64590 14 3485
64591 15 4289
64592 16 3319
64593 17 3266
64594 18 3077
64595 19 4111
64596 20 5500
64597 21 4979
64598 22 0
64599 23 3425
64600 24 4516
64601 25 4627
64602 26 2222
64603 27 2675
64604 28 4815
64605 29 6328
64606 30 3165
64607 31 4363
64608 32 2573
64609 33 2470
64610 34 3188
64611 35 7009
64612 36 4304
64613 37 0
64614 38 3508
64615 39 3994
64616 40 5516
64617 41 1872
64618 42 2250
64619 43 4546
64620 44 4610
64621 45 7175
64622 46 7342
64623 47 6831
64624 48 6725
64625 49 1781
64626 50 4340
64627 51 2900
64628 52 4708
64629 53 3847
64630 54 5442
64631 55 4946
64632 56 5867
64633 57 3736
64634 58 3371
64635 59 0
64636 60 3942
64637 61 4474
64638 62 2275
64639 63 6035
64640 64 1692
64641 65 2113
64642 66 2534
64643 67 5492
64644 68 2435
64645 69 3508
64646 70 3020
64647 71 5332
64648 72 0
64649 73 2942
64650 74 8680
64651 75 1630
64652 76 4141
64653 77 7482
64654 78 5470
64655 79 2730
64656 80 2707
64657 81 2882
64658 82 4412
64659 83 5442
64660 84 3983
64661 85 0
64662 86 3308
64663 87 2831
64664 88 6328
64665 89 4782
64666 90 2309
64667 91 5058
64668 92 6954
64669 93 6308
64670 94 4239
64671 95 3992
64672 96 0
64673 97 2459
64674 98 5512
64675 99 3164
64676 100 4440
64677 101 1599
64678 102 5545
64679 103 5075
64680 104 6219
64681 105 2239
64682 106 4442
64683 107 4032
64684 108 5975
64685 109 5708
64686 110 1761
64687 111 4659
64688 112 2587
64689 113 4808
64690 114 3862
64691 115 5808
64692 116 5343
64693 117 2992
64694 118 7187
64695 119 3505
64696 120 0
64697 121 3082
64698 122 5414
64699 123 4742
64700 124 6075
64701 125 2180
64702 126 4558
64703 127 4181
64704 128 2517
64705 129 2775
64706 130 6725
64707 131 6492
64708 132 6565
64709 133 5415
64710 134 3627
64711 135 0
64712 136 3808
64713 137 6048
64714 138 5650
64715 139 2757
64716 140 5156
64717 141 873
64718 142 4851
64719 143 2384
64720 144 0
64721 145 2350
64722 146 2353
64723 147 3298
64724 148 3444
64725 149 4124
64726 150 2003
