2500
64577 1 4043
64578 2 2409
64579 3 2784
64580 4 5908
64581 5 2650
64582 6 4034
64583 7 5165
64584 8 2544
64585 9 7311
64586 10 2003
64587 11 5423
64588 12 1771
64589 13 5568
64590 14 4398
64591 15 4140
64592 16 5775
64593 17 3000
64594 18 2740
64595 19 5842
64596 20 2795
64597 21 2658
64598 22 2917
64599 23 4931
64600 24 8269
64601 25 2245
64602 26 3575
64603 27 2315
64604 28 2865
64605 29 6292
64606 30 2200
64607 31 4787
64608 32 2551
64609 33 3815
64610 34 7386
64611 35 1824
64612 36 2521
64613 37 4482
64614 38 2530
64615 39 6906
64616 40 6392
64617 41 0
64618 42 2724
64619 43 3791
64620 44 2746
64621 45 3141
64622 46 5689
64623 47 0
64624 48 3175
64625 49 5275
64626 50 5577
64627 51 3233
64628 52 2827
64629 53 6283
64630 54 2949
64631 55 0
64632 56 4575
64633 57 4162
64634 58 6563
64635 59 5474
64636 60 2631
64637 61 1853
64638 62 2759
64639 63 4000
64640 64 5322
64641 65 2442
64642 66 7377
64643 67 2212
64644 68 1261
64645 69 8645
64646 70 3013
64647 71 2392
64648 72 5186
64649 73 4892
64650 74 3253
64651 75 4703
64652 76 4283
64653 77 6368
64654 78 2481
64655 79 5283
64656 80 0
64657 81 2193
64658 82 2699
64659 83 3724
64660 84 8805
64661 85 2293
64662 86 2824
64663 87 5072
64664 88 6137
64665 89 5185
64666 90 4830
64667 91 6985
64668 92 4390
64669 93 8333
64670 94 6208
64671 95 8175
64672 96 5908
64673 97 2957
64674 98 5019
64675 99 4879
64676 100 0
64677 101 2732
64678 102 3469
64679 103 4542
64680 104 5405
64681 105 3942
64682 106 6843
64683 107 5043
64684 108 6972
64685 109 0
64686 110 2199
64687 111 2697
64688 112 4238
64689 113 3741
64690 114 2198
64691 115 2675
64692 116 2665
64693 117 2403
64694 118 9629
64695 119 8460
64696 120 4924
64697 121 3402
64698 122 4337
64699 123 5602
64700 124 2894
64701 125 2462
64702 126 4688
64703 127 5930
64704 128 0
64705 129 4528
64706 130 5079
64707 131 3096
64708 132 1404
64709 133 7139
64710 134 2003
