2500
64577 1 6593
64578 2 4179
64579 3 7753
64580 4 3744
64581 5 3541
64582 6 2588
64583 7 4592
64584 8 5467
64585 9 2693
64586 10 4098
64587 11 7063
64588 12 3620
64589 13 6912
64590 14 5131
64591 15 0
64592 16 2474
64593 17 6809
64594 18 5546
64595 19 9056
64596 20 3260
64597 21 0
64598 22 2443
64599 23 2598
64600 24 4991
64601 25 8954
64602 26 2003
64603 27 4679
64604 28 3025
64605 29 6172
64606 30 7342
64607 31 1309
64608 32 4866
64609 33 6526
64610 34 2462
64611 35 2508
64612 36 3566
64613 37 0
64614 38 9888
64615 39 7195
64616 40 4608
64617 41 5422
64618 42 8092
64619 43 6670
64620 44 2173
64621 45 5272
64622 46 5491
64623 47 2894
64624 48 3395
64625 49 4300
64626 50 6022
64627 51 2351
64628 52 5444
64629 53 0
64630 54 4603
64631 55 3563
64632 56 1703
64633 57 5861
64634 58 7985
64635 59 2102
64636 60 1584
64637 61 5629
64638 62 1981
64639 63 4203
64640 64 2868
64641 65 2558
64642 66 3525
64643 67 0
64644 68 7975
64645 69 2599
64646 70 8505
64647 71 2188
64648 72 2514
64649 73 3714
64650 74 6342
64651 75 6157
64652 76 4625
64653 77 7223
64654 78 9018
64655 79 1450
64656 80 5892
64657 81 0
64658 82 7308
64659 83 5633
64660 84 4554
64661 85 9451
64662 86 2414
64663 87 3042
64664 88 6799
64665 89 6542
64666 90 2755
64667 91 3407
64668 92 7109
64669 93 5592
64670 94 1784
64671 95 4897
64672 96 6514
64673 97 4484
64674 98 7085
64675 99 4626
64676 100 2168
64677 101 4360
64678 102 3665
64679 103 5931
64680 104 8433
64681 105 2378
64682 106 2394
64683 107 8201
64684 108 3417
64685 109 7356
64686 110 6705
64687 111 5992
64688 112 7519
64689 113 6145
64690 114 4308
64691 115 8553
64692 116 2759
64693 117 3410
64694 118 0
64695 119 8520
64696 120 0
64697 121 3616
64698 122 3683
64699 123 1981
64700 124 4987
64701 125 2365
64702 126 6155
64703 127 5899
64704 128 2003
