2500
64577 1 7031
64578 2 6749
64579 3 2746
64580 4 9328
64581 5 6767
64582 6 6108
64583 7 5108
64584 8 5575
64585 9 5485
64586 10 2964
64587 11 6657
64588 12 2193
64589 13 5675
64590 14 5043
64591 15 5981
64592 16 0
64593 17 5292
64594 18 2898
64595 19 2466
64596 20 2417
64597 21 4701
64598 22 0
64599 23 3658
64600 24 4080
64601 25 5451
64602 26 2003
64603 27 1355
64604 28 6502
64605 29 2068
64606 30 3906
64607 31 3075
64608 32 3692
64609 33 2793
64610 34 3930
64611 35 5414
64612 36 6104
64613 37 2325
64614 38 5266
64615 39 2702
64616 40 3611
64617 41 2663
64618 42 2508
64619 43 5391
64620 44 2442
64621 45 6931
64622 46 5117
64623 47 0
64624 48 3258
64625 49 3521
64626 50 2207
64627 51 5281
64628 52 2202
64629 53 916
64630 54 2904
64631 55 6903
64632 56 1622
64633 57 4792
64634 58 5365
64635 59 3053
64636 60 6280
64637 61 2734
64638 62 6787
64639 63 7562
64640 64 0
64641 65 5490
64642 66 6452
64643 67 6583
64644 68 2892
64645 69 3883
64646 70 2641
64647 71 6528
64648 72 1931
64649 73 3348
64650 74 4683
64651 75 5969
64652 76 2938
64653 77 2242
64654 78 3868
64655 79 4116
64656 80 4992
64657 81 4884
64658 82 4692
64659 83 6872
64660 84 3742
64661 85 6931
64662 86 2342
64663 87 3882
64664 88 2773
64665 89 2754
64666 90 0
64667 91 4515
64668 92 5531
64669 93 2097
64670 94 5470
64671 95 2335
64672 96 7687
64673 97 2173
64674 98 1103
64675 99 5639
64676 100 4719
64677 101 4424
64678 102 7025
64679 103 6445
64680 104 4677
64681 105 5770
64682 106 3635
64683 107 3732
64684 108 4575
64685 109 4477
64686 110 5342
64687 111 1937
64688 112 4577
64689 113 2535
64690 114 0
64691 115 1441
64692 116 5907
64693 117 3284
64694 118 2812
64695 119 0
64696 120 3542
64697 121 1452
64698 122 4980
64699 123 4387
64700 124 8479
64701 125 2179
64702 126 4158
64703 127 4905
64704 128 6842
64705 129 5775
64706 130 1882
64707 131 4817
64708 132 2470
64709 133 5916
64710 134 6792
64711 135 4785
64712 136 4401
64713 137 3462
64714 138 2703
64715 139 0
64716 140 6192
64717 141 1750
64718 142 6972
64719 143 2003
