2500
64577 1 2742
64578 2 4463
64579 3 4006
64580 4 5305
64581 5 2808
64582 6 6472
64583 7 3222
64584 8 2985
64585 9 5061
64586 10 0
64587 11 1837
64588 12 2218
64589 13 4400
64590 14 2733
64591 15 1844
64592 16 5475
64593 17 0
64594 18 3225
64595 19 5163
64596 20 6810
64597 21 3500
64598 22 3700
64599 23 4301
64600 24 2141
64601 25 3570
64602 26 1480
64603 27 3368
64604 28 2019
64605 29 2482
64606 30 2166
64607 31 2817
64608 32 2892
64609 33 5121
64610 34 2150
64611 35 4266
64612 36 5352
64613 37 5485
64614 38 5015
64615 39 2734
64616 40 5528
64617 41 4452
64618 42 5107
64619 43 2430
64620 44 0
64621 45 2625
64622 46 3244
64623 47 2598
64624 48 5095
64625 49 1669
64626 50 6018
64627 51 2133
64628 52 3016
64629 53 6053
64630 54 4518
64631 55 4738
64632 56 3135
64633 57 4875
64634 58 4651
64635 59 3075
64636 60 6064
64637 61 2198
64638 62 6317
64639 63 2160
64640 64 4008
64641 65 2794
64642 66 1455
64643 67 4146
64644 68 3495
64645 69 2353
64646 70 3751
64647 71 3641
64648 72 2425
64649 73 3984
64650 74 3385
64651 75 3739
64652 76 2425
64653 77 4079
64654 78 5139
64655 79 2308
64656 80 2363
64657 81 5618
64658 82 2256
64659 83 1373
64660 84 2558
64661 85 3459
64662 86 5548
64663 87 2788
64664 88 5292
64665 89 5745
64666 90 0
64667 91 2117
64668 92 2463
64669 93 5154
64670 94 5057
64671 95 4561
64672 96 0
64673 97 2757
64674 98 3375
64675 99 4951
64676 100 0
64677 101 2460
64678 102 1551
64679 103 3560
64680 104 5297
64681 105 6597
64682 106 2175
64683 107 2308
64684 108 4823
64685 109 4663
64686 110 3713
64687 111 4206
64688 112 3792
64689 113 5275
64690 114 2221
64691 115 3446
64692 116 5271
64693 117 4440
64694 118 0
64695 119 5708
64696 120 2554
64697 121 5920
64698 122 7942
64699 123 1823
64700 124 4143
64701 125 3102
64702 126 6694
64703 127 6758
64704 128 3875
64705 129 4669
64706 130 2091
64707 131 2408
64708 132 2208
64709 133 5719
64710 134 2764
64711 135 4644
64712 136 3063
64713 137 2883
64714 138 4262
64715 139 4608
64716 140 4087
64717 141 2151
64718 142 6181
64719 143 2276
64720 144 3698
64721 145 4447
64722 146 3159
64723 147 4458
64724 148 4702
64725 149 0
64726 150 2473
64727 151 2075
64728 152 3734
64729 153 6137
64730 154 3901
64731 155 1931
64732 156 5388
64733 157 2391
64734 158 4422
64735 159 3527
64736 160 0
64737 161 3742
64738 162 5698
64739 163 2003
