2500
64577 1 7150
64578 2 4299
64579 3 5702
64580 4 3290
64581 5 6375
64582 6 5475
64583 7 2821
64584 8 3650
64585 9 4068
64586 10 4648
64587 11 2374
64588 12 5722
64589 13 3698
64590 14 3127
64591 15 0
64592 16 2266
64593 17 2954
64594 18 5642
64595 19 4223
64596 20 5203
64597 21 2408
64598 22 4757
64599 23 5693
64600 24 4624
64601 25 1763
64602 26 5951
64603 27 8475
64604 28 9892
64605 29 4566
64606 30 2356
64607 31 7271
64608 32 6667
64609 33 2348
64610 34 5442
64611 35 0
64612 36 3175
64613 37 5373
64614 38 6653
64615 39 5831
64616 40 2563
64617 41 8759
64618 42 2280
64619 43 2136
64620 44 2092
64621 45 5159
64622 46 8639
64623 47 9358
64624 48 9675
64625 49 6358
64626 50 10942
64627 51 4975
64628 52 9885
64629 53 6275
64630 54 6595
64631 55 9041
64632 56 6842
64633 57 6837
64634 58 3803
64635 59 7362
64636 60 2203
64637 61 2633
64638 62 6758
64639 63 5625
64640 64 1888
64641 65 6128
64642 66 6778
64643 67 3766
64644 68 4849
64645 69 2824
64646 70 5698
64647 71 0
64648 72 3558
64649 73 1711
64650 74 5189
64651 75 4559
64652 76 8181
64653 77 2386
64654 78 3623
64655 79 4334
64656 80 2597
64657 81 1941
64658 82 5222
64659 83 7113
64660 84 3525
64661 85 6099
64662 86 2235
64663 87 10104
64664 88 8138
64665 89 3179
64666 90 3219
64667 91 6952
64668 92 3975
64669 93 6208
64670 94 7101
64671 95 5688
64672 96 2881
64673 97 5119
64674 98 2509
64675 99 4966
64676 100 6888
64677 101 2192
64678 102 2397
64679 103 3823
64680 104 2821
64681 105 8998
64682 106 2493
64683 107 5616
64684 108 3258
64685 109 9397
64686 110 4408
64687 111 4556
64688 112 1254
64689 113 4932
64690 114 5042
64691 115 4917
64692 116 5257
64693 117 0
64694 118 4542
64695 119 3941
64696 120 7221
64697 121 2003
