2500
64577 1 2420
64578 2 4377
64579 3 2646
64580 4 4260
64581 5 3529
64582 6 4653
64583 7 3085
64584 8 4177
64585 9 5680
64586 10 0
64587 11 3725
64588 12 5160
64589 13 5059
64590 14 2152
64591 15 4621
64592 16 5571
64593 17 4389
64594 18 3476
64595 19 8225
64596 20 4500
64597 21 2671
64598 22 5694
64599 23 6980
64600 24 6452
64601 25 3167
64602 26 5260
64603 27 3682
64604 28 0
64605 29 2992
64606 30 5033
64607 31 4635
64608 32 5023
64609 33 8440
64610 34 2836
64611 35 3885
64612 36 5866
64613 37 3413
64614 38 3108
64615 39 0
64616 40 3505
64617 41 2782
64618 42 4372
64619 43 7354
64620 44 2340
64621 45 5059
64622 46 6872
64623 47 1467
64624 48 7003
64625 49 3878
64626 50 2492
64627 51 4934
64628 52 6387
64629 53 2942
64630 54 9570
64631 55 1685
64632 56 4660
64633 57 2811
64634 58 7075
64635 59 2342
64636 60 7801
64637 61 4432
64638 62 4800
64639 63 3168
64640 64 6036
64641 65 3473
64642 66 7957
64643 67 4837
64644 68 4819
64645 69 6853
64646 70 2556
64647 71 2371
64648 72 3908
64649 73 8534
64650 74 2224
64651 75 5242
64652 76 7519
64653 77 5130
64654 78 3611
64655 79 2680
64656 80 5192
64657 81 7193
64658 82 7057
64659 83 4242
64660 84 3279
64661 85 0
64662 86 5915
64663 87 5920
64664 88 8237
64665 89 0
64666 90 9209
64667 91 2840
64668 92 4453
64669 93 7300
64670 94 3977
64671 95 2964
64672 96 0
64673 97 6720
64674 98 3008
64675 99 0
64676 100 3698
64677 101 10449
64678 102 2069
64679 103 5978
64680 104 7117
64681 105 9275
64682 106 6477
64683 107 2873
64684 108 5529
64685 109 2914
64686 110 7442
64687 111 4078
64688 112 6081
64689 113 3725
64690 114 5616
64691 115 2630
64692 116 8665
64693 117 5037
64694 118 6568
64695 119 0
64696 120 1793
64697 121 4123
64698 122 2996
64699 123 2760
64700 124 0
64701 125 9054
64702 126 4263
64703 127 11877
64704 128 2003
