2500
64577 1 8389
64578 2 1935
64579 3 4948
64580 4 2348
64581 5 2639
64582 6 7523
64583 7 4425
64584 8 2249
64585 9 2700
64586 10 1573
64587 11 3236
64588 12 3659
64589 13 2308
64590 14 5384
64591 15 8948
64592 16 2271
64593 17 2307
64594 18 6139
64595 19 4644
64596 20 5671
64597 21 7054
64598 22 6025
64599 23 4205
64600 24 7389
64601 25 2819
64602 26 5246
64603 27 6479
64604 28 2375
64605 29 5307
64606 30 10560
64607 31 2119
64608 32 1191
64609 33 5137
64610 34 5119
64611 35 5201
64612 36 2357
64613 37 6207
64614 38 4120
64615 39 7373
64616 40 6425
64617 41 7156
64618 42 4022
64619 43 5357
64620 44 5929
64621 45 7275
64622 46 2628
64623 47 5295
64624 48 2761
64625 49 0
64626 50 5158
64627 51 10610
64628 52 5946
64629 53 8592
64630 54 2542
64631 55 7717
64632 56 3284
64633 57 5411
64634 58 2962
64635 59 7784
64636 60 6169
64637 61 3485
64638 62 2177
64639 63 2546
64640 64 3938
64641 65 4013
64642 66 1762
64643 67 2665
64644 68 5843
64645 69 9593
64646 70 2826
64647 71 8047
64648 72 8075
64649 73 8275
64650 74 0
64651 75 3501
64652 76 1678
64653 77 7108
64654 78 7099
64655 79 4947
64656 80 988
64657 81 4997
64658 82 10353
64659 83 1806
64660 84 2322
64661 85 4414
64662 86 5603
64663 87 3486
64664 88 2751
64665 89 3069
64666 90 4741
64667 91 4878
64668 92 1952
64669 93 6494
64670 94 2667
64671 95 2588
64672 96 3473
64673 97 7360
64674 98 6075
64675 99 3408
64676 100 5125
64677 101 4602
64678 102 0
64679 103 3589
64680 104 5493
64681 105 4768
64682 106 0
64683 107 2692
64684 108 5713
64685 109 6652
64686 110 8853
64687 111 0
64688 112 5592
64689 113 11593
64690 114 7424
64691 115 5211
64692 116 9037
64693 117 5093
64694 118 0
64695 119 6408
64696 120 3785
64697 121 2860
64698 122 1982
64699 123 8087
64700 124 2003
