2500
64577 1 4144
64578 2 5721
64579 3 6236
64580 4 3558
64581 5 8003
64582 6 0
64583 7 4645
64584 8 2155
64585 9 4340
64586 10 7304
64587 11 7108
64588 12 4083
64589 13 10008
64590 14 3614
64591 15 6290
64592 16 4637
64593 17 1559
64594 18 4893
64595 19 2976
64596 20 6166
64597 21 1544
64598 22 5310
64599 23 3010
64600 24 0
64601 25 5103
64602 26 3509
64603 27 3832
64604 28 7271
64605 29 0
64606 30 3825
64607 31 1698
64608 32 6065
64609 33 4884
64610 34 11030
64611 35 2133
64612 36 5307
64613 37 6179
64614 38 5162
64615 39 1895
64616 40 5354
64617 41 2106
64618 42 4403
64619 43 6184
64620 44 5652
64621 45 2103
64622 46 5699
64623 47 2953
64624 48 7186
64625 49 2788
64626 50 6189
64627 51 0
64628 52 6403
64629 53 7337
64630 54 5403
64631 55 4171
64632 56 7415
64633 57 0
64634 58 3333
64635 59 4204
64636 60 6912
64637 61 5198
64638 62 2029
64639 63 6015
64640 64 2956
64641 65 4484
64642 66 1852
64643 67 2801
64644 68 5424
64645 69 8436
64646 70 5537
64647 71 4423
64648 72 8392
64649 73 3317
64650 74 7902
64651 75 2925
64652 76 6302
64653 77 4567
64654 78 0
64655 79 4158
64656 80 2774
64657 81 5565
64658 82 3971
64659 83 5135
64660 84 1907
64661 85 2860
64662 86 7485
64663 87 3731
64664 88 5174
64665 89 2642
64666 90 2271
64667 91 7012
64668 92 4369
64669 93 6692
64670 94 2880
64671 95 4042
64672 96 2027
64673 97 3857
64674 98 1963
64675 99 5102
64676 100 1959
64677 101 4951
64678 102 8240
64679 103 1695
64680 104 4600
64681 105 2354
64682 106 2446
64683 107 4761
64684 108 0
64685 109 5314
64686 110 2913
64687 111 9628
64688 112 3916
64689 113 5925
64690 114 6421
64691 115 1453
64692 116 6006
64693 117 5742
64694 118 6693
64695 119 4893
64696 120 7563
64697 121 6013
64698 122 0
64699 123 7642
64700 124 2790
64701 125 3915
64702 126 5309
64703 127 0
64704 128 3942
64705 129 4558
64706 130 8642
64707 131 2003
