2500
64577 1 4665
64578 2 5454
64579 3 5842
64580 4 7392
64581 5 9319
64582 6 6258
64583 7 1824
64584 8 4834
64585 9 2964
64586 10 0
64587 11 6414
64588 12 3418
64589 13 3105
64590 14 2638
64591 15 6323
64592 16 7447
64593 17 2458
64594 18 1179
64595 19 5538
64596 20 4970
64597 21 4140
64598 22 5592
64599 23 6539
64600 24 7992
64601 25 6792
64602 26 5566
64603 27 5270
64604 28 5967
64605 29 0
64606 30 11508
64607 31 3474
64608 32 1506
64609 33 7794
64610 34 6608
64611 35 7260
64612 36 6545
64613 37 5849
64614 38 3092
64615 39 4095
64616 40 4397
64617 41 8485
64618 42 2127
64619 43 3188
64620 44 2837
64621 45 5030
64622 46 1876
64623 47 3884
64624 48 3186
64625 49 3513
64626 50 5178
64627 51 2512
64628 52 6007
64629 53 5566
64630 54 5075
64631 55 10867
64632 56 2358
64633 57 1432
64634 58 8061
64635 59 5598
64636 60 6311
64637 61 3792
64638 62 4575
64639 63 4746
64640 64 1723
64641 65 5916
64642 66 7541
64643 67 7492
64644 68 0
64645 69 3858
64646 70 4257
64647 71 7910
64648 72 2003
64649 73 3508
64650 74 7939
64651 75 4390
64652 76 1502
64653 77 7246
64654 78 3591
64655 79 5158
64656 80 5691
64657 81 6408
64658 82 5623
64659 83 3695
64660 84 1816
64661 85 6244
64662 86 9514
64663 87 2140
64664 88 1130
64665 89 2542
64666 90 4588
64667 91 5854
64668 92 5944
64669 93 2251
64670 94 3448
64671 95 3925
64672 96 3288
64673 97 2855
64674 98 6732
64675 99 6469
64676 100 4308
64677 101 5467
64678 102 2175
64679 103 7263
64680 104 2381
64681 105 1186
64682 106 5190
64683 107 4236
64684 108 1530
64685 109 7730
64686 110 2262
64687 111 5224
64688 112 7958
64689 113 7857
64690 114 6190
64691 115 5369
64692 116 7592
64693 117 6463
64694 118 3220
64695 119 0
64696 120 3508
64697 121 3546
64698 122 7210
64699 123 2003
