2500
64577 1 2933
64578 2 4567
64579 3 5765
64580 4 2511
64581 5 3369
64582 6 5925
64583 7 3902
64584 8 5420
64585 9 4028
64586 10 3195
64587 11 4852
64588 12 5342
64589 13 3025
64590 14 2894
64591 15 4175
64592 16 7888
64593 17 2242
64594 18 5425
64595 19 2417
64596 20 4639
64597 21 4570
64598 22 1893
64599 23 2458
64600 24 4136
64601 25 0
64602 26 1791
64603 27 1764
64604 28 5139
64605 29 5355
64606 30 0
64607 31 4292
64608 32 6171
64609 33 8454
64610 34 12159
64611 35 2010
64612 36 3467
64613 37 6511
64614 38 6537
64615 39 6703
64616 40 0
64617 41 3358
64618 42 7776
64619 43 7203
64620 44 4864
64621 45 2045
64622 46 5620
64623 47 4402
64624 48 2813
64625 49 4090
64626 50 6108
64627 51 4292
64628 52 6970
64629 53 2173
64630 54 2042
64631 55 1968
64632 56 7205
64633 57 2797
64634 58 1685
64635 59 6546
64636 60 3075
64637 61 2740
64638 62 2279
64639 63 6060
64640 64 0
64641 65 3908
64642 66 2868
64643 67 8899
64644 68 9161
64645 69 2352
64646 70 1948
64647 71 2889
64648 72 5710
64649 73 2695
64650 74 2734
64651 75 4851
64652 76 7935
64653 77 0
64654 78 3792
64655 79 5194
64656 80 3449
64657 81 1928
64658 82 9215
64659 83 2685
64660 84 5885
64661 85 2558
64662 86 5579
64663 87 1685
64664 88 7213
64665 89 0
64666 90 6807
64667 91 2822
64668 92 6758
64669 93 9583
64670 94 2215
64671 95 2240
64672 96 5096
64673 97 5019
64674 98 1290
64675 99 6633
64676 100 1876
64677 101 4860
64678 102 7370
64679 103 6537
64680 104 7195
64681 105 3630
64682 106 8557
64683 107 2278
64684 108 3158
64685 109 6691
64686 110 2051
64687 111 4987
64688 112 4785
64689 113 7252
64690 114 3108
64691 115 3864
64692 116 5759
64693 117 4938
64694 118 8525
64695 119 2708
64696 120 7828
64697 121 7177
64698 122 3200
64699 123 4358
64700 124 8404
64701 125 2925
64702 126 9393
64703 127 2821
64704 128 4175
64705 129 9494
64706 130 2003
