2500
64577 1 2511
64578 2 5840
64579 3 5571
64580 4 3025
64581 5 5286
64582 6 0
64583 7 3052
64584 8 3434
64585 9 2377
64586 10 7516
64587 11 2711
64588 12 1756
64589 13 5870
64590 14 4587
64591 15 5325
64592 16 7090
64593 17 3492
64594 18 8125
64595 19 2274
64596 20 6242
64597 21 3781
64598 22 4142
64599 23 7356
64600 24 2475
64601 25 1832
64602 26 3873
64603 27 6775
64604 28 2541
64605 29 6803
64606 30 2166
64607 31 1417
64608 32 7457
64609 33 5083
64610 34 1321
64611 35 5625
64612 36 1417
64613 37 4828
64614 38 3071
64615 39 3874
64616 40 3992
64617 41 9243
64618 42 2209
64619 43 5675
64620 44 2455
64621 45 6273
64622 46 1602
64623 47 8546
64624 48 2870
64625 49 4507
64626 50 4043
64627 51 4287
64628 52 3308
64629 53 1373
64630 54 4157
64631 55 3626
64632 56 1998
64633 57 2455
64634 58 7853
64635 59 2045
64636 60 2542
64637 61 4104
64638 62 4022
64639 63 1456
64640 64 5196
64641 65 2818
64642 66 6025
64643 67 4175
64644 68 6332
64645 69 3033
64646 70 7524
64647 71 2849
64648 72 2605
64649 73 5875
64650 74 6242
64651 75 2428
64652 76 2751
64653 77 2491
64654 78 4692
64655 79 2159
64656 80 884
64657 81 3264
64658 82 7813
64659 83 5644
64660 84 7042
64661 85 9025
64662 86 4605
64663 87 8458
64664 88 6263
64665 89 4625
64666 90 5816
64667 91 8292
64668 92 3025
64669 93 5639
64670 94 3056
64671 95 5408
64672 96 7030
64673 97 0
64674 98 6213
64675 99 2722
64676 100 2989
64677 101 0
64678 102 3908
64679 103 4153
64680 104 7677
64681 105 2379
64682 106 5342
64683 107 4579
64684 108 4813
64685 109 4603
64686 110 9725
64687 111 2496
64688 112 3365
64689 113 0
64690 114 2430
64691 115 3993
64692 116 3593
64693 117 5128
64694 118 3602
64695 119 4621
64696 120 6442
64697 121 9441
64698 122 6208
64699 123 6875
64700 124 5441
64701 125 7052
64702 126 0
64703 127 5008
64704 128 6480
64705 129 4554
64706 130 2665
64707 131 2978
64708 132 4797
64709 133 3440
64710 134 2003
