2500
64577 1 5942
64578 2 4295
64579 3 5214
64580 4 9363
64581 5 3400
64582 6 7008
64583 7 3228
64584 8 1786
64585 9 5488
64586 10 2375
64587 11 6277
64588 12 7645
64589 13 2253
64590 14 2394
64591 15 4813
64592 16 3368
64593 17 2170
64594 18 4822
64595 19 2764
64596 20 6508
64597 21 4555
64598 22 2397
64599 23 2328
64600 24 5035
64601 25 5619
64602 26 4759
64603 27 0
64604 28 4892
64605 29 6497
64606 30 6705
64607 31 2414
64608 32 5637
64609 33 10539
64610 34 1706
64611 35 4568
64612 36 5557
64613 37 4626
64614 38 6327
64615 39 2644
64616 40 1927
64617 41 4793
64618 42 0
64619 43 1977
64620 44 6560
64621 45 4067
64622 46 3088
64623 47 6260
64624 48 1602
64625 49 9753
64626 50 2179
64627 51 5358
64628 52 6818
64629 53 4988
64630 54 3515
64631 55 4505
64632 56 6313
64633 57 5542
64634 58 0
64635 59 2310
64636 60 4632
64637 61 6592
64638 62 6525
64639 63 6341
64640 64 8819
64641 65 2195
64642 66 1675
64643 67 6188
64644 68 2073
64645 69 4995
64646 70 2711
64647 71 6392
64648 72 0
64649 73 2520
64650 74 3905
64651 75 2559
64652 76 5538
64653 77 4441
64654 78 5382
64655 79 5222
64656 80 5797
64657 81 6229
64658 82 6999
64659 83 2082
64660 84 8420
64661 85 9242
64662 86 6078
64663 87 2790
64664 88 4469
64665 89 0
64666 90 7859
64667 91 8994
64668 92 8358
64669 93 2425
64670 94 7857
64671 95 7942
64672 96 6090
64673 97 0
64674 98 3600
64675 99 2973
64676 100 7798
64677 101 0
64678 102 2333
64679 103 8023
64680 104 3049
64681 105 9547
64682 106 2232
64683 107 3815
64684 108 2858
64685 109 7022
64686 110 9425
64687 111 9092
64688 112 2543
64689 113 5235
64690 114 6746
64691 115 3057
64692 116 0
64693 117 2414
64694 118 7398
64695 119 0
64696 120 6925
64697 121 2944
64698 122 0
64699 123 4858
64700 124 8299
64701 125 6269
64702 126 2003
