2500
64577 1 5346
64578 2 2563
64579 3 6267
64580 4 4125
64581 5 3695
64582 6 4043
64583 7 2644
64584 8 6508
64585 9 3870
64586 10 5175
64587 11 8406
64588 12 7144
64589 13 8835
64590 14 9081
64591 15 4973
64592 16 6727
64593 17 4287
64594 18 2570
64595 19 6935
64596 20 6630
64597 21 6625
64598 22 7730
64599 23 5678
64600 24 0
64601 25 5251
64602 26 6141
64603 27 6989
64604 28 1775
64605 29 5073
64606 30 7192
64607 31 0
64608 32 7725
64609 33 2944
64610 34 10426
64611 35 2304
64612 36 2455
64613 37 5529
64614 38 2641
64615 39 5333
64616 40 2407
64617 41 5402
64618 42 3044
64619 43 2853
64620 44 5458
64621 45 6958
64622 46 4375
64623 47 6242
64624 48 7492
64625 49 4385
64626 50 11442
64627 51 0
64628 52 4218
64629 53 5312
64630 54 6647
64631 55 0
64632 56 2832
64633 57 5200
64634 58 2562
64635 59 8181
64636 60 7292
64637 61 6105
64638 62 6428
64639 63 8255
64640 64 2171
64641 65 8092
64642 66 8108
64643 67 5644
64644 68 5045
64645 69 4353
64646 70 0
64647 71 7427
64648 72 8565
64649 73 5292
64650 74 2490
64651 75 5691
64652 76 8792
64653 77 6211
64654 78 5292
64655 79 7010
64656 80 8758
64657 81 2702
64658 82 7092
64659 83 0
64660 84 5802
64661 85 8177
64662 86 2786
64663 87 0
64664 88 2399
64665 89 2967
64666 90 4345
64667 91 5203
64668 92 2219
64669 93 3301
64670 94 2892
64671 95 7645
64672 96 8692
64673 97 4617
64674 98 3710
64675 99 2008
64676 100 3707
64677 101 5485
64678 102 7074
64679 103 3611
64680 104 9292
64681 105 3957
64682 106 1878
64683 107 4218
64684 108 3499
64685 109 0
64686 110 6542
64687 111 2527
64688 112 3182
64689 113 6224
64690 114 0
64691 115 5043
64692 116 2243
64693 117 4361
64694 118 6580
64695 119 2003
