2500
64577 1 4296
64578 2 4007
64579 3 4333
64580 4 7597
64581 5 8042
64582 6 5242
64583 7 5386
64584 8 0
64585 9 7058
64586 10 5164
64587 11 0
64588 12 4492
64589 13 6433
64590 14 2272
64591 15 5051
64592 16 3468
64593 17 1716
64594 18 3388
64595 19 4042
64596 20 3074
64597 21 6618
64598 22 5376
64599 23 7308
64600 24 2445
64601 25 5891
64602 26 4142
64603 27 3110
64604 28 1587
64605 29 4960
64606 30 0
64607 31 2842
64608 32 4874
64609 33 2926
64610 34 2193
64611 35 6630
64612 36 2862
64613 37 6875
64614 38 2638
64615 39 5734
64616 40 0
64617 41 2697
64618 42 4250
64619 43 2605
64620 44 3761
64621 45 3698
64622 46 0
64623 47 3042
64624 48 4192
64625 49 5954
64626 50 2925
64627 51 5216
64628 52 4014
64629 53 3285
64630 54 5142
64631 55 6925
64632 56 0
64633 57 2525
64634 58 2831
64635 59 1371
64636 60 4635
64637 61 2611
64638 62 2969
64639 63 2725
64640 64 4632
64641 65 2259
64642 66 1360
64643 67 5358
64644 68 2153
64645 69 4352
64646 70 2785
64647 71 2840
64648 72 4905
64649 73 2739
64650 74 5445
64651 75 8584
64652 76 8608
64653 77 2493
64654 78 10652
64655 79 2211
64656 80 3910
64657 81 6262
64658 82 2713
64659 83 5976
64660 84 5093
64661 85 2904
64662 86 4792
64663 87 4742
64664 88 7896
64665 89 2238
64666 90 7156
64667 91 4570
64668 92 2035
64669 93 5356
64670 94 2472
64671 95 2541
64672 96 4791
64673 97 3456
64674 98 5748
64675 99 3076
64676 100 1572
64677 101 6567
64678 102 3042
64679 103 6280
64680 104 7124
64681 105 2003
64682 106 2287
64683 107 5696
64684 108 3367
64685 109 2738
64686 110 3976
64687 111 6170
64688 112 7958
64689 113 3525
64690 114 2760
64691 115 3641
64692 116 7167
64693 117 2148
64694 118 5843
64695 119 7723
64696 120 9984
64697 121 2104
64698 122 7717
64699 123 1650
64700 124 8705
64701 125 6408
64702 126 1569
64703 127 4893
64704 128 2248
64705 129 5801
64706 130 8119
64707 131 5070
64708 132 4353
64709 133 2739
64710 134 4468
64711 135 4125
64712 136 4772
64713 137 3322
64714 138 2003
