2500
64577 1 2249
64578 2 2121
64579 3 2666
64580 4 6109
64581 5 1252
64582 6 2501
64583 7 0
64584 8 2565
64585 9 0
64586 10 3347
64587 11 5335
64588 12 1978
64589 13 3268
64590 14 4248
64591 15 4585
64592 16 5302
64593 17 4568
64594 18 3475
64595 19 5224
64596 20 4967
64597 21 2074
64598 22 3898
64599 23 4621
64600 24 2758
64601 25 2750
64602 26 3781
64603 27 2501
64604 28 2502
64605 29 2138
64606 30 3595
64607 31 5836
64608 32 2144
64609 33 4553
64610 34 2003
64611 35 4469
64612 36 2362
64613 37 3827
64614 38 2149
64615 39 4301
64616 40 0
64617 41 5334
64618 42 2200
64619 43 9270
64620 44 2003
