2500
64577 1 2525
64578 2 3337
64579 3 5314
64580 4 5363
64581 5 1939
64582 6 4800
64583 7 8492
64584 8 3456
64585 9 3863
64586 10 2625
64587 11 0
64588 12 3788
64589 13 2922
64590 14 6145
64591 15 5773
64592 16 2216
64593 17 3198
64594 18 6358
64595 19 5929
64596 20 2432
64597 21 3508
64598 22 5679
64599 23 3081
64600 24 5402
64601 25 2548
64602 26 3575
64603 27 6283
64604 28 3225
64605 29 3356
64606 30 0
64607 31 3123
64608 32 2602
64609 33 5004
64610 34 5943
64611 35 2413
64612 36 2889
64613 37 4592
64614 38 4077
64615 39 4175
64616 40 4369
64617 41 3674
64618 42 5068
64619 43 6492
64620 44 7825
64621 45 7729
64622 46 7875
64623 47 8308
64624 48 0
64625 49 3611
64626 50 2864
64627 51 5183
64628 52 5861
64629 53 2213
64630 54 2925
64631 55 3831
64632 56 2207
64633 57 2055
64634 58 6209
64635 59 2738
64636 60 2295
64637 61 4065
64638 62 5208
64639 63 0
64640 64 4358
64641 65 8494
64642 66 1749
64643 67 3999
64644 68 0
64645 69 4325
64646 70 1660
64647 71 6128
64648 72 2850
64649 73 8008
64650 74 1853
64651 75 1869
64652 76 2682
64653 77 2302
64654 78 3523
64655 79 3716
64656 80 0
64657 81 2893
64658 82 5345
64659 83 3420
64660 84 7627
64661 85 2151
64662 86 4675
64663 87 2637
64664 88 6289
64665 89 3739
64666 90 7008
64667 91 3488
64668 92 2296
64669 93 2647
64670 94 6133
64671 95 4712
64672 96 4491
64673 97 3131
64674 98 4801
64675 99 2819
64676 100 4742
64677 101 6719
64678 102 2221
64679 103 742
64680 104 4721
64681 105 5701
64682 106 1801
64683 107 4478
64684 108 5106
64685 109 5133
64686 110 2189
64687 111 2570
64688 112 5042
64689 113 1693
64690 114 7834
64691 115 2407
64692 116 4804
64693 117 0
64694 118 3373
64695 119 3988
64696 120 5099
64697 121 4225
64698 122 5386
64699 123 6477
64700 124 8108
64701 125 6342
64702 126 3344
64703 127 4189
64704 128 3642
64705 129 2353
64706 130 6362
64707 131 1974
64708 132 3183
64709 133 2805
64710 134 1703
64711 135 3922
64712 136 0
64713 137 2398
64714 138 723
64715 139 5903
64716 140 6158
64717 141 1591
64718 142 7918
64719 143 0
64720 144 2625
64721 145 5243
64722 146 3176
64723 147 5300
64724 148 5333
64725 149 2003
