2500
64577 1 5265
64578 2 2956
64579 3 1270
64580 4 1678
64581 5 5696
64582 6 2906
64583 7 2289
64584 8 6089
64585 9 3101
64586 10 5050
64587 11 2907
64588 12 2630
64589 13 3532
64590 14 2885
64591 15 3351
64592 16 0
64593 17 3231
64594 18 5051
64595 19 7341
64596 20 3895
64597 21 6608
64598 22 0
64599 23 3358
64600 24 1394
64601 25 5237
64602 26 4069
64603 27 6963
64604 28 2197
64605 29 2516
64606 30 7090
64607 31 6135
64608 32 4282
64609 33 4744
64610 34 2850
64611 35 5292
64612 36 1823
64613 37 6340
64614 38 7151
64615 39 6475
64616 40 1687
64617 41 4536
64618 42 2727
64619 43 4258
64620 44 1697
64621 45 4578
64622 46 1828
64623 47 3164
64624 48 0
64625 49 1974
64626 50 1786
64627 51 4416
64628 52 3040
64629 53 3001
64630 54 0
64631 55 1026
64632 56 3768
64633 57 6427
64634 58 2213
64635 59 7675
64636 60 4028
64637 61 5758
64638 62 3783
64639 63 4334
64640 64 2923
64641 65 5966
64642 66 8694
64643 67 2246
64644 68 2829
64645 69 5690
64646 70 2648
64647 71 2623
64648 72 5612
64649 73 4850
64650 74 8518
64651 75 6538
64652 76 3535
64653 77 1971
64654 78 5358
64655 79 2983
64656 80 2377
64657 81 2492
64658 82 5003
64659 83 3005
64660 84 3768
64661 85 0
64662 86 4035
64663 87 5825
64664 88 6551
64665 89 2730
64666 90 2903
64667 91 5267
64668 92 2122
64669 93 6463
64670 94 2313
64671 95 2775
64672 96 4116
64673 97 2790
64674 98 3175
64675 99 4510
64676 100 3357
64677 101 2383
64678 102 2175
64679 103 2294
64680 104 2681
64681 105 3489
64682 106 0
64683 107 3265
64684 108 5126
64685 109 3617
64686 110 6558
64687 111 4792
64688 112 3492
64689 113 5822
64690 114 2233
64691 115 2675
64692 116 6031
64693 117 5845
64694 118 7042
64695 119 0
64696 120 2681
64697 121 2921
64698 122 2644
64699 123 1685
64700 124 5328
64701 125 2817
64702 126 1892
64703 127 4949
64704 128 5958
64705 129 6809
64706 130 3825
64707 131 8283
64708 132 2089
64709 133 2742
64710 134 4479
64711 135 4527
64712 136 1961
64713 137 4671
64714 138 3664
64715 139 6158
64716 140 2103
64717 141 4402
64718 142 6719
64719 143 3394
64720 144 4678
64721 145 4674
64722 146 4192
64723 147 3036
64724 148 5921
64725 149 2035
64726 150 8820
64727 151 2003
