2500
64577 1 4137
64578 2 3327
64579 3 6663
64580 4 2021
64581 5 6331
64582 6 4099
64583 7 2738
64584 8 5755
64585 9 3599
64586 10 1524
64587 11 7869
64588 12 2095
64589 13 5614
64590 14 6116
64591 15 6577
64592 16 4760
64593 17 4065
64594 18 5787
64595 19 6979
64596 20 7551
64597 21 0
64598 22 7607
64599 23 3519
64600 24 7100
64601 25 0
64602 26 6718
64603 27 2536
64604 28 8272
64605 29 2274
64606 30 2622
64607 31 2995
64608 32 3083
64609 33 4650
64610 34 5640
64611 35 2496
64612 36 4146
64613 37 5717
64614 38 5588
64615 39 3739
64616 40 0
64617 41 3526
64618 42 4529
64619 43 6787
64620 44 2003
64621 45 3711
64622 46 8154
64623 47 2410
64624 48 6129
64625 49 4741
64626 50 3349
64627 51 4808
64628 52 5389
64629 53 4290
64630 54 2749
64631 55 6444
64632 56 0
64633 57 7278
64634 58 3409
64635 59 5065
64636 60 4951
64637 61 4965
64638 62 3242
64639 63 2223
64640 64 2905
64641 65 2307
64642 66 6762
64643 67 2454
64644 68 2180
64645 69 6030
64646 70 2539
64647 71 2463
64648 72 5474
64649 73 1395
64650 74 6245
64651 75 1555
64652 76 7333
64653 77 4115
64654 78 2509
64655 79 5423
64656 80 2571
64657 81 7305
64658 82 0
64659 83 1679
64660 84 2702
64661 85 10966
64662 86 2527
64663 87 5374
64664 88 0
64665 89 3995
64666 90 5164
64667 91 4385
64668 92 2003
64669 93 2605
64670 94 3130
64671 95 5908
64672 96 2716
64673 97 2202
64674 98 4441
64675 99 8460
64676 100 3403
64677 101 2065
64678 102 3652
64679 103 2189
64680 104 9460
64681 105 4229
64682 106 3532
64683 107 7730
64684 108 5082
64685 109 2126
64686 110 4201
64687 111 4283
64688 112 2171
64689 113 5163
64690 114 1436
64691 115 8359
64692 116 2173
64693 117 890
64694 118 4070
64695 119 6693
64696 120 3154
64697 121 5663
64698 122 9422
64699 123 3957
64700 124 5733
64701 125 0
64702 126 4073
64703 127 3153
64704 128 6801
64705 129 1826
64706 130 6195
64707 131 4487
64708 132 3066
64709 133 2761
64710 134 5446
64711 135 3811
64712 136 1565
64713 137 7521
64714 138 2003
