2500
64577 1 7563
64578 2 7357
64579 3 2612
64580 4 5796
64581 5 4981
64582 6 0
64583 7 2231
64584 8 1796
64585 9 6635
64586 10 2171
64587 11 5411
64588 12 5477
64589 13 1995
64590 14 3717
64591 15 2783
64592 16 2639
64593 17 8613
64594 18 0
64595 19 5698
64596 20 2848
64597 21 8292
64598 22 6430
64599 23 1414
64600 24 4358
64601 25 2528
64602 26 2530
64603 27 4229
64604 28 6153
64605 29 6625
64606 30 3162
64607 31 6587
64608 32 8264
64609 33 2222
64610 34 8522
64611 35 3422
64612 36 5307
64613 37 2324
64614 38 6660
64615 39 4761
64616 40 7123
64617 41 5367
64618 42 0
64619 43 7128
64620 44 4208
64621 45 0
64622 46 4204
64623 47 4733
64624 48 0
64625 49 7649
64626 50 5145
64627 51 4308
64628 52 2804
64629 53 5651
64630 54 9696
64631 55 2091
64632 56 7015
64633 57 5009
64634 58 5303
64635 59 5596
64636 60 0
64637 61 3925
64638 62 5376
64639 63 5256
64640 64 4589
64641 65 2939
64642 66 1542
64643 67 5434
64644 68 2700
64645 69 4025
64646 70 6624
64647 71 2130
64648 72 7222
64649 73 2755
64650 74 4578
64651 75 5466
64652 76 5475
64653 77 1909
64654 78 4651
64655 79 4612
64656 80 1852
64657 81 3545
64658 82 2759
64659 83 2566
64660 84 5987
64661 85 0
64662 86 3780
64663 87 4410
64664 88 7980
64665 89 2442
64666 90 3315
64667 91 7676
64668 92 2428
64669 93 5771
64670 94 1721
64671 95 4307
64672 96 5350
64673 97 6198
64674 98 5503
64675 99 5678
64676 100 0
64677 101 5103
64678 102 4388
64679 103 4954
64680 104 0
64681 105 3797
64682 106 5180
64683 107 4284
64684 108 2208
64685 109 3191
64686 110 7022
64687 111 2286
64688 112 5078
64689 113 3686
64690 114 5270
64691 115 4947
64692 116 5725
64693 117 1447
64694 118 3424
64695 119 4840
64696 120 3409
64697 121 2859
64698 122 7070
64699 123 6483
64700 124 0
64701 125 2373
64702 126 3497
64703 127 5213
64704 128 3173
64705 129 0
64706 130 9641
64707 131 2744
64708 132 2015
64709 133 6365
64710 134 0
64711 135 2472
64712 136 2824
64713 137 5064
64714 138 5498
64715 139 2003
