2500
64577 1 7706
64578 2 7597
64579 3 2507
64580 4 10153
64581 5 6809
64582 6 4082
64583 7 7025
64584 8 6349
64585 9 5304
64586 10 2796
64587 11 4836
64588 12 5299
64589 13 3845
64590 14 3336
64591 15 3572
64592 16 4839
64593 17 4519
64594 18 4697
64595 19 5453
64596 20 7563
64597 21 4261
64598 22 3652
64599 23 0
64600 24 3904
64601 25 4487
64602 26 6222
64603 27 2397
64604 28 4365
64605 29 7397
64606 30 3914
64607 31 6095
64608 32 5993
64609 33 0
64610 34 3242
64611 35 3165
64612 36 6316
64613 37 4313
64614 38 2269
64615 39 5786
64616 40 1713
64617 41 5999
64618 42 0
64619 43 3149
64620 44 6594
64621 45 0
64622 46 9233
64623 47 5197
64624 48 2300
64625 49 5341
64626 50 2589
64627 51 4291
64628 52 4610
64629 53 2121
64630 54 7382
64631 55 4912
64632 56 6661
64633 57 4779
64634 58 3648
64635 59 4521
64636 60 5044
64637 61 4013
64638 62 3838
64639 63 3023
64640 64 1857
64641 65 4164
64642 66 4701
64643 67 0
64644 68 2220
64645 69 2644
64646 70 4013
64647 71 3486
64648 72 2194
64649 73 2513
64650 74 2694
64651 75 5496
64652 76 5035
64653 77 5645
64654 78 5552
64655 79 2247
64656 80 3506
64657 81 3987
64658 82 0
64659 83 2350
64660 84 6007
64661 85 4191
64662 86 3048
64663 87 0
64664 88 3619
64665 89 4604
64666 90 4023
64667 91 2350
64668 92 1887
64669 93 5086
64670 94 1758
64671 95 2926
64672 96 2275
64673 97 3915
64674 98 5146
64675 99 2588
64676 100 5571
64677 101 4937
64678 102 7789
64679 103 3751
64680 104 2885
64681 105 2018
64682 106 5269
64683 107 5831
64684 108 2294
64685 109 3213
64686 110 5143
64687 111 5275
64688 112 2404
64689 113 4556
64690 114 6422
64691 115 9893
64692 116 0
64693 117 6304
64694 118 2539
64695 119 2665
64696 120 4302
64697 121 6700
64698 122 5820
64699 123 2104
64700 124 4552
64701 125 6329
64702 126 2212
64703 127 7180
64704 128 5086
64705 129 3238
64706 130 2578
64707 131 2305
64708 132 6379
64709 133 3242
64710 134 4123
64711 135 5280
64712 136 0
64713 137 3723
64714 138 4335
64715 139 7611
64716 140 2003
