2500
64577 1 6604
64578 2 5887
64579 3 6587
64580 4 4931
64581 5 7006
64582 6 5335
64583 7 2321
64584 8 9278
64585 9 6892
64586 10 3386
64587 11 4881
64588 12 2900
64589 13 6173
64590 14 2425
64591 15 2999
64592 16 0
64593 17 7492
64594 18 2735
64595 19 4314
64596 20 3069
64597 21 8279
64598 22 0
64599 23 3817
64600 24 4722
64601 25 4038
64602 26 8641
64603 27 2077
64604 28 1636
64605 29 2845
64606 30 3157
64607 31 3384
64608 32 0
64609 33 5563
64610 34 3977
64611 35 2372
64612 36 4881
64613 37 2729
64614 38 2904
64615 39 2932
64616 40 3547
64617 41 2236
64618 42 3912
64619 43 3214
64620 44 0
64621 45 3543
64622 46 4690
64623 47 7144
64624 48 1733
64625 49 6595
64626 50 0
64627 51 3482
64628 52 3892
64629 53 9159
64630 54 2293
64631 55 3870
64632 56 4848
64633 57 4766
64634 58 2792
64635 59 4750
64636 60 3769
64637 61 2932
64638 62 6487
64639 63 3786
64640 64 1692
64641 65 2503
64642 66 5062
64643 67 4843
64644 68 2444
64645 69 3171
64646 70 4416
64647 71 3441
64648 72 4803
64649 73 2472
64650 74 1827
64651 75 1922
64652 76 4713
64653 77 0
64654 78 3491
64655 79 1471
64656 80 4568
64657 81 4572
64658 82 8682
64659 83 2271
64660 84 1390
64661 85 4185
64662 86 6469
64663 87 3940
64664 88 3249
64665 89 3788
64666 90 1892
64667 91 5591
64668 92 3103
64669 93 2134
64670 94 4506
64671 95 5960
64672 96 0
64673 97 3932
64674 98 4341
64675 99 7309
64676 100 2212
64677 101 1215
64678 102 2466
64679 103 2720
64680 104 5802
64681 105 3686
64682 106 7836
64683 107 6827
64684 108 6058
64685 109 3536
64686 110 3466
64687 111 5466
64688 112 0
64689 113 7811
64690 114 1996
64691 115 5379
64692 116 3123
64693 117 8125
64694 118 9346
64695 119 0
64696 120 4346
64697 121 4059
64698 122 3378
64699 123 2137
64700 124 6861
64701 125 8424
64702 126 7978
64703 127 0
64704 128 3472
64705 129 4658
64706 130 6431
64707 131 3681
64708 132 2669
64709 133 0
64710 134 9939
64711 135 5513
64712 136 4132
64713 137 5489
64714 138 2678
64715 139 0
64716 140 6113
64717 141 2325
64718 142 4449
64719 143 6379
64720 144 2003
