2500
64577 1 8098
64578 2 9093
64579 3 10592
64580 4 11073
64581 5 10463
64582 6 9152
64583 7 9316
64584 8 9671
64585 9 8897
64586 10 2657
64587 11 7984
64588 12 10226
64589 13 6448
64590 14 2718
64591 15 0
64592 16 4975
64593 17 9080
64594 18 2345
64595 19 1691
64596 20 5562
64597 21 4724
64598 22 6168
64599 23 4392
64600 24 1981
64601 25 8550
64602 26 11644
64603 27 2365
64604 28 6301
64605 29 3596
64606 30 4240
64607 31 2660
64608 32 3499
64609 33 1807
64610 34 5139
64611 35 3296
64612 36 4369
64613 37 6976
64614 38 6457
64615 39 2140
64616 40 2357
64617 41 5779
64618 42 7415
64619 43 6462
64620 44 4344
64621 45 2483
64622 46 2518
64623 47 5276
64624 48 4922
64625 49 4316
64626 50 3236
64627 51 5011
64628 52 2443
64629 53 3428
64630 54 4384
64631 55 2510
64632 56 2913
64633 57 3129
64634 58 0
64635 59 2045
64636 60 5942
64637 61 3980
64638 62 5187
64639 63 2336
64640 64 2937
64641 65 7163
64642 66 2597
64643 67 5143
64644 68 3379
64645 69 3895
64646 70 1699
64647 71 5767
64648 72 3656
64649 73 5266
64650 74 3653
64651 75 1669
64652 76 4899
64653 77 0
64654 78 2497
64655 79 2556
64656 80 5535
64657 81 3038
64658 82 4510
64659 83 1931
64660 84 2532
64661 85 3008
64662 86 2491
64663 87 4782
64664 88 8064
64665 89 7155
64666 90 0
64667 91 4263
64668 92 6269
64669 93 0
64670 94 2911
64671 95 5108
64672 96 2641
64673 97 3671
64674 98 2969
64675 99 2583
64676 100 3085
64677 101 2851
64678 102 4702
64679 103 2003
64680 104 3114
64681 105 3501
64682 106 2892
64683 107 2498
64684 108 4160
64685 109 10463
64686 110 7966
64687 111 3856
64688 112 5277
64689 113 1966
64690 114 4644
64691 115 6186
64692 116 2472
64693 117 3364
64694 118 1537
64695 119 4875
64696 120 3845
64697 121 4507
64698 122 4074
64699 123 4569
64700 124 2417
64701 125 3686
64702 126 4968
64703 127 0
64704 128 3176
64705 129 3618
64706 130 4902
64707 131 5328
64708 132 2003
