2500
64577 1 3347
64578 2 5590
64579 3 4347
64580 4 5138
64581 5 3261
64582 6 2455
64583 7 5366
64584 8 4340
64585 9 5116
64586 10 3043
64587 11 5064
64588 12 6400
64589 13 5285
64590 14 6536
64591 15 4584
64592 16 2116
64593 17 2008
64594 18 4043
64595 19 2475
64596 20 2580
64597 21 2518
64598 22 3807
64599 23 2222
64600 24 3157
64601 25 4861
64602 26 5639
64603 27 0
64604 28 1993
64605 29 2541
64606 30 1775
64607 31 5090
64608 32 6221
64609 33 2270
64610 34 4531
64611 35 4329
64612 36 4911
64613 37 4440
64614 38 2912
64615 39 6966
64616 40 2115
64617 41 9582
64618 42 2232
64619 43 1541
64620 44 5397
64621 45 4856
64622 46 6586
64623 47 3502
64624 48 5377
64625 49 2556
64626 50 7609
64627 51 2002
64628 52 6835
64629 53 4557
64630 54 5145
64631 55 2819
64632 56 2526
64633 57 4604
64634 58 7183
64635 59 2711
64636 60 5835
64637 61 0
64638 62 5397
64639 63 5362
64640 64 1693
64641 65 7114
64642 66 3950
64643 67 2845
64644 68 4698
64645 69 2816
64646 70 7413
64647 71 1935
64648 72 4543
64649 73 2826
64650 74 2497
64651 75 5115
64652 76 3989
64653 77 4956
64654 78 8160
64655 79 2594
64656 80 6977
64657 81 2400
64658 82 4092
64659 83 3397
64660 84 2237
64661 85 3949
64662 86 3243
64663 87 2796
64664 88 4162
64665 89 4459
64666 90 0
64667 91 3769
64668 92 2815
64669 93 1618
64670 94 5215
64671 95 2873
64672 96 7659
64673 97 2328
64674 98 2565
64675 99 7654
64676 100 3765
64677 101 5697
64678 102 2623
64679 103 6258
64680 104 2410
64681 105 5892
64682 106 3875
64683 107 2477
64684 108 6221
64685 109 3656
64686 110 8133
64687 111 2975
64688 112 5174
64689 113 1413
64690 114 5075
64691 115 7759
64692 116 2099
64693 117 1171
64694 118 2768
64695 119 5529
64696 120 7307
64697 121 6421
64698 122 6415
64699 123 0
64700 124 3922
64701 125 2623
64702 126 2469
64703 127 4945
64704 128 3345
64705 129 4535
64706 130 4604
64707 131 6518
64708 132 1777
64709 133 3860
64710 134 7357
64711 135 5256
64712 136 2388
64713 137 4492
64714 138 4957
64715 139 5256
64716 140 7280
64717 141 2003
