2500
64577 1 4717
64578 2 5633
64579 3 4425
64580 4 4485
64581 5 5242
64582 6 4961
64583 7 2738
64584 8 7086
64585 9 7580
64586 10 6551
64587 11 5172
64588 12 0
64589 13 5851
64590 14 2010
64591 15 2857
64592 16 1987
64593 17 6394
64594 18 2192
64595 19 3279
64596 20 1990
64597 21 4987
64598 22 4732
64599 23 5449
64600 24 2300
64601 25 4719
64602 26 5609
64603 27 3711
64604 28 4448
64605 29 4721
64606 30 0
64607 31 3006
64608 32 6144
64609 33 5236
64610 34 7372
64611 35 4784
64612 36 2958
64613 37 11543
64614 38 2394
64615 39 3284
64616 40 5706
64617 41 2027
64618 42 5102
64619 43 3798
64620 44 5243
64621 45 4376
64622 46 2756
64623 47 7023
64624 48 5002
64625 49 4328
64626 50 10241
64627 51 2173
64628 52 2870
64629 53 6146
64630 54 4300
64631 55 7571
64632 56 1939
64633 57 5134
64634 58 3592
64635 59 3575
64636 60 1427
64637 61 5134
64638 62 3310
64639 63 1611
64640 64 8148
64641 65 2688
64642 66 3247
64643 67 12381
64644 68 2285
64645 69 3555
64646 70 1674
64647 71 5706
64648 72 4858
64649 73 4236
64650 74 6734
64651 75 2530
64652 76 4085
64653 77 3482
64654 78 6859
64655 79 2779
64656 80 4390
64657 81 2592
64658 82 7174
64659 83 0
64660 84 4921
64661 85 3034
64662 86 6663
64663 87 4380
64664 88 2908
64665 89 1490
64666 90 9136
64667 91 2352
64668 92 3373
64669 93 8837
64670 94 5049
64671 95 2642
64672 96 5996
64673 97 4807
64674 98 4541
64675 99 1736
64676 100 4722
64677 101 6600
64678 102 7804
64679 103 8615
64680 104 7535
64681 105 5614
64682 106 2405
64683 107 3700
64684 108 3809
64685 109 3808
64686 110 5204
64687 111 2801
64688 112 1442
64689 113 2580
64690 114 2694
64691 115 1160
64692 116 1407
64693 117 4302
64694 118 6240
64695 119 1676
64696 120 3406
64697 121 3286
64698 122 6444
64699 123 6340
64700 124 2003
