2500
64577 1 2639
64578 2 0
64579 3 3448
64580 4 4693
64581 5 7882
64582 6 5687
64583 7 2429
64584 8 3547
64585 9 4823
64586 10 3176
64587 11 2130
64588 12 4598
64589 13 2743
64590 14 3470
64591 15 4653
64592 16 2160
64593 17 3304
64594 18 5629
64595 19 4723
64596 20 5000
64597 21 4839
64598 22 2067
64599 23 3438
64600 24 2954
64601 25 4740
64602 26 3332
64603 27 4514
64604 28 0
64605 29 2908
64606 30 9992
64607 31 2325
64608 32 3564
64609 33 4490
64610 34 3957
64611 35 1817
64612 36 2376
64613 37 3402
64614 38 2595
64615 39 3863
64616 40 3541
64617 41 7058
64618 42 6213
64619 43 1799
64620 44 3845
64621 45 2964
64622 46 1954
64623 47 5358
64624 48 2498
64625 49 6818
64626 50 0
64627 51 3386
64628 52 4242
64629 53 0
64630 54 1495
64631 55 2517
64632 56 4012
64633 57 2358
64634 58 2692
64635 59 2414
64636 60 4294
64637 61 0
64638 62 6236
64639 63 2697
64640 64 3690
64641 65 6363
64642 66 0
64643 67 2740
64644 68 5796
64645 69 1769
64646 70 3728
64647 71 6159
64648 72 4218
64649 73 0
64650 74 4391
64651 75 2820
64652 76 3418
64653 77 0
64654 78 3606
64655 79 4582
64656 80 4675
64657 81 1809
64658 82 5775
64659 83 6651
64660 84 5799
64661 85 4364
64662 86 5159
64663 87 7482
64664 88 6360
64665 89 0
64666 90 4732
64667 91 7078
64668 92 3059
64669 93 4219
64670 94 2120
64671 95 4039
64672 96 5644
64673 97 3175
64674 98 2432
64675 99 3808
64676 100 6755
64677 101 2306
64678 102 1941
64679 103 3777
64680 104 3716
64681 105 5363
64682 106 4316
64683 107 5140
64684 108 2965
64685 109 5606
64686 110 4808
64687 111 6257
64688 112 3397
64689 113 5997
64690 114 7760
64691 115 0
64692 116 1625
64693 117 4424
64694 118 2875
64695 119 5042
64696 120 2508
64697 121 4524
64698 122 0
64699 123 5184
64700 124 4864
64701 125 4009
64702 126 6122
64703 127 1880
64704 128 2340
64705 129 1882
64706 130 6272
64707 131 3444
64708 132 6118
64709 133 2739
64710 134 4066
64711 135 2773
64712 136 1919
64713 137 7421
64714 138 6545
64715 139 4741
64716 140 4150
64717 141 8885
64718 142 2003
