2500
64577 1 2239
64578 2 3982
64579 3 1421
64580 4 6877
64581 5 4537
64582 6 4953
64583 7 4734
64584 8 4049
64585 9 6068
64586 10 2880
64587 11 5204
64588 12 2863
64589 13 2741
64590 14 5123
64591 15 7884
64592 16 2296
64593 17 4808
64594 18 5353
64595 19 3946
64596 20 2691
64597 21 5867
64598 22 6938
64599 23 1923
64600 24 2367
64601 25 5803
64602 26 4373
64603 27 4966
64604 28 7799
64605 29 6940
64606 30 4656
64607 31 6940
64608 32 0
64609 33 4480
64610 34 2537
64611 35 5353
64612 36 5857
64613 37 1607
64614 38 4865
64615 39 5824
64616 40 2384
64617 41 7092
64618 42 3888
64619 43 7232
64620 44 4584
64621 45 7029
64622 46 3413
64623 47 4376
64624 48 0
64625 49 5623
64626 50 6942
64627 51 1873
64628 52 4863
64629 53 2623
64630 54 3207
64631 55 8688
64632 56 2071
64633 57 1189
64634 58 2866
64635 59 5372
64636 60 2814
64637 61 5614
64638 62 4511
64639 63 9914
64640 64 4740
64641 65 4585
64642 66 4898
64643 67 5551
64644 68 0
64645 69 4315
64646 70 4588
64647 71 1421
64648 72 5278
64649 73 4352
64650 74 1883
64651 75 6085
64652 76 5933
64653 77 2176
64654 78 2955
64655 79 3069
64656 80 5482
64657 81 4110
64658 82 4410
64659 83 6575
64660 84 1503
64661 85 5195
64662 86 1405
64663 87 4567
64664 88 3478
64665 89 7382
64666 90 3138
64667 91 4429
64668 92 1199
64669 93 3608
64670 94 1561
64671 95 4564
64672 96 2736
64673 97 2773
64674 98 4750
64675 99 0
64676 100 7190
64677 101 2708
64678 102 7582
64679 103 1523
64680 104 5916
64681 105 7766
64682 106 2087
64683 107 4055
64684 108 4612
64685 109 5118
64686 110 2559
64687 111 4592
64688 112 2375
64689 113 4967
64690 114 6802
64691 115 5335
64692 116 6606
64693 117 1712
64694 118 3825
64695 119 5242
64696 120 0
64697 121 5182
64698 122 4571
64699 123 4451
64700 124 9562
64701 125 2212
64702 126 1247
64703 127 6444
64704 128 5790
64705 129 1875
64706 130 5804
64707 131 2589
64708 132 6281
64709 133 4415
64710 134 4589
64711 135 5761
64712 136 2003
