2500
64577 1 3925
64578 2 5793
64579 3 3526
64580 4 1277
64581 5 5474
64582 6 5698
64583 7 0
64584 8 1968
64585 9 2676
64586 10 2776
64587 11 6055
64588 12 4484
64589 13 0
64590 14 2525
64591 15 4859
64592 16 2050
64593 17 7023
64594 18 2168
64595 19 3596
64596 20 4990
64597 21 4016
64598 22 3425
64599 23 2993
64600 24 4000
64601 25 2858
64602 26 2979
64603 27 2332
64604 28 5579
64605 29 6992
64606 30 5508
64607 31 5558
64608 32 8075
64609 33 2908
64610 34 3255
64611 35 4268
64612 36 5792
64613 37 3242
64614 38 3038
64615 39 5953
64616 40 2226
64617 41 4778
64618 42 1769
64619 43 4486
64620 44 4607
64621 45 2939
64622 46 4704
64623 47 3858
64624 48 2612
64625 49 7221
64626 50 2003
64627 51 2684
64628 52 4629
64629 53 4233
64630 54 1696
64631 55 5290
64632 56 2784
64633 57 3101
64634 58 6249
64635 59 0
64636 60 4758
64637 61 3431
64638 62 4123
64639 63 2779
64640 64 1990
64641 65 4907
64642 66 0
64643 67 11188
64644 68 2540
64645 69 0
64646 70 2492
64647 71 4773
64648 72 4295
64649 73 2288
64650 74 5545
64651 75 2773
64652 76 3525
64653 77 5111
64654 78 4031
64655 79 2872
64656 80 6302
64657 81 0
64658 82 3875
64659 83 2319
64660 84 8260
64661 85 2180
64662 86 2087
64663 87 7427
64664 88 1959
64665 89 2777
64666 90 3058
64667 91 3851
64668 92 7275
64669 93 3258
64670 94 5473
64671 95 6158
64672 96 8522
64673 97 3875
64674 98 2455
64675 99 7608
64676 100 2003
64677 101 1798
64678 102 6120
64679 103 2066
64680 104 6019
64681 105 8108
64682 106 6875
64683 107 7892
64684 108 8492
64685 109 6102
64686 110 3775
64687 111 1513
64688 112 5729
64689 113 0
64690 114 2340
64691 115 4854
64692 116 4537
64693 117 1666
64694 118 2862
64695 119 0
64696 120 3425
64697 121 3718
64698 122 3587
64699 123 5496
64700 124 5838
64701 125 4799
64702 126 2303
64703 127 2604
64704 128 0
64705 129 2192
64706 130 2365
64707 131 4138
64708 132 2849
64709 133 6117
64710 134 2067
64711 135 3369
64712 136 2872
64713 137 1887
64714 138 4060
64715 139 0
64716 140 2594
64717 141 1595
64718 142 7732
64719 143 6542
64720 144 1598
64721 145 7568
64722 146 0
64723 147 2625
64724 148 5185
64725 149 2347
64726 150 4031
64727 151 7100
64728 152 2003
