2500
64577 1 3083
64578 2 3313
64579 3 4977
64580 4 5669
64581 5 4428
64582 6 2776
64583 7 6547
64584 8 1636
64585 9 6488
64586 10 5354
64587 11 3262
64588 12 6465
64589 13 2571
64590 14 4239
64591 15 1774
64592 16 4452
64593 17 0
64594 18 2156
64595 19 1453
64596 20 7274
64597 21 2040
64598 22 2089
64599 23 5052
64600 24 2456
64601 25 5884
64602 26 3982
64603 27 0
64604 28 2533
64605 29 3464
64606 30 2634
64607 31 1402
64608 32 4864
64609 33 2290
64610 34 0
64611 35 2940
64612 36 4672
64613 37 2460
64614 38 6627
64615 39 4447
64616 40 5134
64617 41 2854
64618 42 5565
64619 43 2398
64620 44 1894
64621 45 1380
64622 46 3744
64623 47 3003
64624 48 1677
64625 49 5843
64626 50 7624
64627 51 3234
64628 52 8850
64629 53 3083
64630 54 0
64631 55 3453
64632 56 4045
64633 57 6507
64634 58 4159
64635 59 2697
64636 60 4631
64637 61 0
64638 62 3625
64639 63 7573
64640 64 2003
64641 65 3777
64642 66 3884
64643 67 4164
64644 68 5204
64645 69 2550
64646 70 2982
64647 71 6099
64648 72 883
64649 73 4001
64650 74 5182
64651 75 0
64652 76 4088
64653 77 1545
64654 78 4599
64655 79 10643
64656 80 2171
64657 81 7556
64658 82 2593
64659 83 3194
64660 84 2729
64661 85 1784
64662 86 1583
64663 87 6346
64664 88 2836
64665 89 6704
64666 90 7771
64667 91 4915
64668 92 6539
64669 93 3282
64670 94 3008
64671 95 0
64672 96 2222
64673 97 6070
64674 98 2711
64675 99 3144
64676 100 1549
64677 101 4838
64678 102 1838
64679 103 7428
64680 104 2657
64681 105 1759
64682 106 6111
64683 107 0
64684 108 7561
64685 109 5511
64686 110 3633
64687 111 10046
64688 112 2126
64689 113 2278
64690 114 5825
64691 115 5495
64692 116 3259
64693 117 3335
64694 118 5624
64695 119 6695
64696 120 0
64697 121 3319
64698 122 5329
64699 123 5950
64700 124 2651
64701 125 5572
64702 126 4564
64703 127 4752
64704 128 3544
64705 129 3060
64706 130 8524
64707 131 2181
64708 132 8301
64709 133 3440
64710 134 3764
64711 135 4364
64712 136 4034
64713 137 2549
64714 138 3615
64715 139 0
64716 140 3526
64717 141 3161
64718 142 5415
64719 143 2667
64720 144 6610
64721 145 2802
64722 146 7198
64723 147 4069
64724 148 8336
64725 149 2003
