2500
64577 1 3070
64578 2 3528
64579 3 4775
64580 4 4220
64581 5 2535
64582 6 2766
64583 7 4025
64584 8 5187
64585 9 2395
64586 10 2910
64587 11 3542
64588 12 1743
64589 13 5019
64590 14 0
64591 15 1927
64592 16 2909
64593 17 4117
64594 18 3364
64595 19 0
64596 20 2451
64597 21 4431
64598 22 6010
64599 23 1532
64600 24 5340
64601 25 2256
64602 26 1924
64603 27 3947
64604 28 5389
64605 29 1781
64606 30 2942
64607 31 5230
64608 32 0
64609 33 3389
64610 34 1735
64611 35 4137
64612 36 1675
64613 37 4325
64614 38 4581
64615 39 3879
64616 40 3883
64617 41 4890
64618 42 5606
64619 43 2702
64620 44 5308
64621 45 2540
64622 46 5299
64623 47 5952
64624 48 4604
64625 49 2334
64626 50 5178
64627 51 4410
64628 52 4415
64629 53 3732
64630 54 4176
64631 55 3750
64632 56 3378
64633 57 3031
64634 58 7086
64635 59 1466
64636 60 4036
64637 61 2694
64638 62 5244
64639 63 2429
64640 64 4129
64641 65 5229
64642 66 2290
64643 67 6700
64644 68 2229
64645 69 3023
64646 70 4795
64647 71 2349
64648 72 1797
64649 73 4311
64650 74 1657
64651 75 5655
64652 76 4311
64653 77 3634
64654 78 0
64655 79 4463
64656 80 4479
64657 81 3412
64658 82 4545
64659 83 2762
64660 84 6061
64661 85 0
64662 86 3394
64663 87 6012
64664 88 4371
64665 89 0
64666 90 1779
64667 91 4381
64668 92 9124
64669 93 6184
64670 94 1641
64671 95 4287
64672 96 5247
64673 97 2003
64674 98 3311
64675 99 3424
64676 100 4574
64677 101 4385
64678 102 6061
64679 103 4241
64680 104 2186
64681 105 4990
64682 106 5940
64683 107 2772
64684 108 3805
64685 109 5694
64686 110 2694
64687 111 5805
64688 112 5831
64689 113 6499
64690 114 3142
64691 115 2740
64692 116 4931
64693 117 5711
64694 118 5507
64695 119 6009
64696 120 3550
64697 121 4117
64698 122 3595
64699 123 5398
64700 124 4182
64701 125 3613
64702 126 3439
64703 127 3249
64704 128 1286
64705 129 3830
64706 130 6244
64707 131 5220
64708 132 3499
64709 133 1216
64710 134 3085
64711 135 5065
64712 136 0
64713 137 5166
64714 138 4552
64715 139 5185
64716 140 3650
64717 141 6318
64718 142 2153
64719 143 3098
64720 144 3987
64721 145 2592
64722 146 2312
64723 147 5408
64724 148 6759
64725 149 2384
64726 150 3781
64727 151 2579
64728 152 4669
64729 153 6273
64730 154 2003
