2500
64577 1 1260
64578 2 4424
64579 3 5673
64580 4 5452
64581 5 5060
64582 6 0
64583 7 2210
64584 8 4829
64585 9 6487
64586 10 3021
64587 11 2160
64588 12 2938
64589 13 0
64590 14 4983
64591 15 6312
64592 16 3930
64593 17 0
64594 18 2456
64595 19 3035
64596 20 6064
64597 21 2246
64598 22 4693
64599 23 4695
64600 24 6479
64601 25 3846
64602 26 4255
64603 27 5163
64604 28 7027
64605 29 2807
64606 30 0
64607 31 1838
64608 32 3296
64609 33 2401
64610 34 2730
64611 35 2185
64612 36 4224
64613 37 0
64614 38 4206
64615 39 5632
64616 40 6279
64617 41 3866
64618 42 3444
64619 43 3899
64620 44 4468
64621 45 0
64622 46 4525
64623 47 4894
64624 48 3345
64625 49 0
64626 50 2182
64627 51 2787
64628 52 5854
64629 53 2100
64630 54 3432
64631 55 5779
64632 56 4142
64633 57 1382
64634 58 3454
64635 59 4276
64636 60 4911
64637 61 5657
64638 62 3222
64639 63 7096
64640 64 0
64641 65 4588
64642 66 4369
64643 67 0
64644 68 3729
64645 69 7041
64646 70 764
64647 71 4143
64648 72 3377
64649 73 6072
64650 74 2200
64651 75 3781
64652 76 3499
64653 77 5273
64654 78 3847
64655 79 4931
64656 80 2265
64657 81 4540
64658 82 2568
64659 83 6807
64660 84 6641
64661 85 2003
64662 86 4946
64663 87 3433
64664 88 4760
64665 89 3858
64666 90 1753
64667 91 5637
64668 92 0
64669 93 4186
64670 94 2442
64671 95 2894
64672 96 5096
64673 97 3607
64674 98 0
64675 99 4167
64676 100 4321
64677 101 1516
64678 102 5351
64679 103 5695
64680 104 2208
64681 105 2106
64682 106 2091
64683 107 5535
64684 108 2319
64685 109 5542
64686 110 6550
64687 111 2791
64688 112 4522
64689 113 5031
64690 114 6997
64691 115 3422
64692 116 4014
64693 117 3005
64694 118 2334
64695 119 4990
64696 120 4613
64697 121 4817
64698 122 2319
64699 123 3936
64700 124 4862
64701 125 3614
64702 126 4456
64703 127 0
64704 128 7061
64705 129 2789
64706 130 0
64707 131 3418
64708 132 2965
64709 133 4865
64710 134 2290
64711 135 7443
64712 136 2884
64713 137 5087
64714 138 3633
64715 139 0
64716 140 4245
64717 141 3045
64718 142 3392
64719 143 2480
64720 144 5276
64721 145 0
64722 146 2892
64723 147 7623
64724 148 1412
64725 149 5052
64726 150 3838
64727 151 4860
64728 152 3777
64729 153 2456
64730 154 4438
64731 155 5525
64732 156 4361
64733 157 1486
64734 158 6241
64735 159 2003
