2500
64577 1 1865
64578 2 2706
64579 3 2433
64580 4 6395
64581 5 2311
64582 6 4534
64583 7 4505
64584 8 1837
64585 9 4722
64586 10 0
64587 11 1798
64588 12 2222
64589 13 3641
64590 14 4420
64591 15 1707
64592 16 5225
64593 17 0
64594 18 2930
64595 19 5465
64596 20 2243
64597 21 1599
64598 22 2455
64599 23 2158
64600 24 5172
64601 25 1898
64602 26 3996
64603 27 2181
64604 28 3453
64605 29 0
64606 30 1947
64607 31 2596
64608 32 4797
64609 33 4464
64610 34 0
64611 35 3589
64612 36 4705
64613 37 2602
64614 38 3595
64615 39 3395
64616 40 1615
64617 41 3280
64618 42 2579
64619 43 1454
64620 44 4843
64621 45 2934
64622 46 1824
64623 47 5136
64624 48 0
64625 49 2299
64626 50 2007
64627 51 3866
64628 52 6797
64629 53 2003
64630 54 2575
64631 55 3405
64632 56 6743
64633 57 2408
64634 58 2564
64635 59 0
64636 60 2127
64637 61 3974
64638 62 1456
64639 63 3137
64640 64 2226
64641 65 3756
64642 66 4311
64643 67 0
64644 68 2162
64645 69 2625
64646 70 3520
64647 71 2328
64648 72 5243
64649 73 2190
64650 74 1935
64651 75 3419
64652 76 2899
64653 77 5894
64654 78 1976
64655 79 4820
64656 80 2520
64657 81 3019
64658 82 2629
64659 83 4285
64660 84 5236
64661 85 3781
64662 86 2603
64663 87 3387
64664 88 6575
64665 89 4990
64666 90 1444
64667 91 3228
64668 92 2902
64669 93 2251
64670 94 2853
64671 95 5956
64672 96 2191
64673 97 1263
64674 98 5080
64675 99 5193
64676 100 0
64677 101 2220
64678 102 3902
64679 103 4836
64680 104 4183
64681 105 4505
64682 106 2132
64683 107 6583
64684 108 2345
64685 109 3056
64686 110 2305
64687 111 1167
64688 112 3207
64689 113 4791
64690 114 2141
64691 115 1401
64692 116 3994
64693 117 2551
64694 118 1065
64695 119 4729
64696 120 4694
64697 121 3045
64698 122 4361
64699 123 5024
64700 124 0
64701 125 5995
64702 126 4131
64703 127 3976
64704 128 2440
64705 129 4739
64706 130 0
64707 131 3576
64708 132 3398
64709 133 3665
64710 134 4317
64711 135 7243
64712 136 2003
64713 137 4975
64714 138 2262
64715 139 3766
64716 140 2794
64717 141 5745
64718 142 2228
64719 143 1503
64720 144 5269
64721 145 2724
64722 146 0
64723 147 4425
64724 148 3231
64725 149 8551
64726 150 2168
64727 151 2175
64728 152 5129
64729 153 3180
64730 154 1754
64731 155 3813
64732 156 3485
64733 157 5296
64734 158 0
64735 159 3740
64736 160 4785
64737 161 3123
64738 162 4451
64739 163 2695
64740 164 4021
64741 165 3238
64742 166 7867
64743 167 2197
64744 168 4675
64745 169 1914
64746 170 7290
64747 171 4380
64748 172 0
64749 173 4416
64750 174 4270
64751 175 4629
64752 176 1715
64753 177 3538
64754 178 1299
64755 179 5540
64756 180 2003
