2500
64577 1 5017
64578 2 2104
64579 3 3140
64580 4 4074
64581 5 0
64582 6 3968
64583 7 4447
64584 8 4201
64585 9 1703
64586 10 3509
64587 11 1259
64588 12 5362
64589 13 1836
64590 14 2181
64591 15 2535
64592 16 1326
64593 17 3898
64594 18 5006
64595 19 3663
64596 20 6464
64597 21 5112
64598 22 6653
64599 23 6412
64600 24 2118
64601 25 3290
64602 26 5340
64603 27 3340
64604 28 1217
64605 29 4298
64606 30 2272
64607 31 4079
64608 32 2413
64609 33 4410
64610 34 6651
64611 35 4460
64612 36 0
64613 37 1644
64614 38 3898
64615 39 3518
64616 40 4408
64617 41 4673
64618 42 2980
64619 43 2426
64620 44 4159
64621 45 6599
64622 46 2309
64623 47 3310
64624 48 5010
64625 49 3881
64626 50 4416
64627 51 6165
64628 52 1143
64629 53 5881
64630 54 4492
64631 55 6541
64632 56 2300
64633 57 2811
64634 58 4767
64635 59 2568
64636 60 1327
64637 61 5942
64638 62 2086
64639 63 6032
64640 64 3125
64641 65 5061
64642 66 0
64643 67 2825
64644 68 3844
64645 69 6789
64646 70 3603
64647 71 4483
64648 72 5897
64649 73 3139
64650 74 1542
64651 75 6098
64652 76 2243
64653 77 6162
64654 78 2749
64655 79 3098
64656 80 3916
64657 81 1698
64658 82 4285
64659 83 7053
64660 84 2202
64661 85 1913
64662 86 1995
64663 87 3738
64664 88 4987
64665 89 3203
64666 90 2777
64667 91 3132
64668 92 2793
64669 93 1651
64670 94 3103
64671 95 2254
64672 96 0
64673 97 3118
64674 98 2116
64675 99 2866
64676 100 0
64677 101 2248
64678 102 3058
64679 103 5149
64680 104 2179
64681 105 8273
64682 106 3967
64683 107 1994
64684 108 7437
64685 109 2003
64686 110 2102
64687 111 5258
64688 112 2379
64689 113 3764
64690 114 4706
64691 115 3304
64692 116 1237
64693 117 3910
64694 118 2603
64695 119 6755
64696 120 2814
64697 121 7105
64698 122 2255
64699 123 2207
64700 124 2426
64701 125 1582
64702 126 2753
64703 127 5297
64704 128 2746
64705 129 0
64706 130 4264
64707 131 2195
64708 132 3606
64709 133 2640
64710 134 8309
64711 135 2258
64712 136 1790
64713 137 3295
64714 138 4430
64715 139 4768
64716 140 3650
64717 141 4788
64718 142 5077
64719 143 2507
64720 144 4489
64721 145 2526
64722 146 2843
64723 147 5673
64724 148 6696
64725 149 2096
64726 150 1455
64727 151 10632
64728 152 3363
64729 153 2443
64730 154 0
64731 155 1790
64732 156 2708
64733 157 3752
64734 158 3881
64735 159 3870
64736 160 0
64737 161 3109
64738 162 3337
64739 163 8926
64740 164 2003
