2500
64577 1 2227
64578 2 1832
64579 3 3421
64580 4 3662
64581 5 5494
64582 6 1289
64583 7 1702
64584 8 5674
64585 9 6049
64586 10 2485
64587 11 0
64588 12 5064
64589 13 6204
64590 14 2250
64591 15 2896
64592 16 6410
64593 17 0
64594 18 5978
64595 19 4610
64596 20 6895
64597 21 3659
64598 22 1326
64599 23 6872
64600 24 2208
64601 25 2206
64602 26 2236
64603 27 2549
64604 28 1480
64605 29 1818
64606 30 7202
64607 31 6716
64608 32 0
64609 33 2057
64610 34 2020
64611 35 3031
64612 36 2639
64613 37 3308
64614 38 4458
64615 39 6827
64616 40 1368
64617 41 5138
64618 42 2250
64619 43 1770
64620 44 3430
64621 45 4836
64622 46 3808
64623 47 7490
64624 48 2225
64625 49 4086
64626 50 4685
64627 51 1881
64628 52 8555
64629 53 6283
64630 54 2333
64631 55 3826
64632 56 4774
64633 57 2263
64634 58 1922
64635 59 6907
64636 60 5099
64637 61 5143
64638 62 6699
64639 63 2183
64640 64 1888
64641 65 4842
64642 66 2832
64643 67 7330
64644 68 5218
64645 69 6761
64646 70 1925
64647 71 2867
64648 72 3008
64649 73 7842
64650 74 2219
64651 75 2129
64652 76 5252
64653 77 1809
64654 78 3334
64655 79 2793
64656 80 5115
64657 81 4311
64658 82 3752
64659 83 6069
64660 84 3042
64661 85 4772
64662 86 5714
64663 87 2004
64664 88 3819
64665 89 4607
64666 90 5307
64667 91 0
64668 92 1223
64669 93 2177
64670 94 2801
64671 95 5734
64672 96 2184
64673 97 2525
64674 98 2573
64675 99 5155
64676 100 7054
64677 101 2388
64678 102 2679
64679 103 5727
64680 104 2688
64681 105 5368
64682 106 0
64683 107 2289
64684 108 2795
64685 109 2850
64686 110 3918
64687 111 2270
64688 112 4770
64689 113 4300
64690 114 7963
64691 115 1496
64692 116 6842
64693 117 2277
64694 118 2648
64695 119 4013
64696 120 1968
64697 121 3728
64698 122 2613
64699 123 3423
64700 124 3880
64701 125 2513
64702 126 3591
64703 127 2499
64704 128 5518
64705 129 2393
64706 130 4105
64707 131 2509
64708 132 4499
64709 133 4701
64710 134 4508
64711 135 2050
64712 136 6249
64713 137 2982
64714 138 0
64715 139 2315
64716 140 3998
64717 141 2552
64718 142 3331
64719 143 2319
64720 144 4528
64721 145 3023
64722 146 3327
64723 147 5837
64724 148 3017
64725 149 1669
64726 150 5338
64727 151 2947
64728 152 4086
64729 153 2594
64730 154 3349
64731 155 2930
64732 156 4608
64733 157 2175
64734 158 937
64735 159 4345
64736 160 3869
64737 161 2003
