2500
64577 1 2122
64578 2 4146
64579 3 4873
64580 4 2793
64581 5 1283
64582 6 4669
64583 7 5052
64584 8 2577
64585 9 2605
64586 10 7042
64587 11 2003
64588 12 6139
64589 13 4770
64590 14 6695
64591 15 8057
64592 16 2272
64593 17 3385
64594 18 7778
64595 19 1938
64596 20 6191
64597 21 5208
64598 22 4406
64599 23 6873
64600 24 0
64601 25 1680
64602 26 4856
64603 27 7793
64604 28 3084
64605 29 0
64606 30 5251
64607 31 1880
64608 32 4536
64609 33 6295
64610 34 2307
64611 35 2702
64612 36 7075
64613 37 4044
64614 38 0
64615 39 1803
64616 40 5572
64617 41 2465
64618 42 5974
64619 43 0
64620 44 2048
64621 45 6453
64622 46 6062
64623 47 2265
64624 48 2230
64625 49 3399
64626 50 2495
64627 51 2277
64628 52 3188
64629 53 8037
64630 54 3434
64631 55 3047
64632 56 6077
64633 57 0
64634 58 2618
64635 59 4047
64636 60 5666
64637 61 7099
64638 62 2606
64639 63 3565
64640 64 3056
64641 65 7229
64642 66 0
64643 67 2306
64644 68 7099
64645 69 2247
64646 70 3482
64647 71 3141
64648 72 2950
64649 73 2420
64650 74 9794
64651 75 2435
64652 76 2398
64653 77 5330
64654 78 5142
64655 79 5371
64656 80 3801
64657 81 8599
64658 82 3498
64659 83 6005
64660 84 5198
64661 85 0
64662 86 4098
64663 87 2118
64664 88 5525
64665 89 4504
64666 90 4262
64667 91 9287
64668 92 2302
64669 93 4627
64670 94 6135
64671 95 3031
64672 96 4567
64673 97 0
64674 98 7746
64675 99 0
64676 100 2033
64677 101 4345
64678 102 0
64679 103 2570
64680 104 1434
64681 105 2014
64682 106 7975
64683 107 2974
64684 108 1756
64685 109 5791
64686 110 0
64687 111 2305
64688 112 8634
64689 113 2895
64690 114 6452
64691 115 5441
64692 116 0
64693 117 8376
64694 118 2444
64695 119 2742
64696 120 1692
64697 121 1614
64698 122 6235
64699 123 2277
64700 124 1922
64701 125 2327
64702 126 4284
64703 127 5916
64704 128 2449
64705 129 2772
64706 130 7486
64707 131 1413
64708 132 8600
64709 133 2259
64710 134 3171
64711 135 1604
64712 136 5347
64713 137 2123
64714 138 4545
64715 139 7217
64716 140 2914
64717 141 6355
64718 142 6382
64719 143 6802
64720 144 3072
64721 145 6136
64722 146 8479
64723 147 2003
