2500
64577 1 1188
64578 2 3362
64579 3 4733
64580 4 2160
64581 5 2694
64582 6 1746
64583 7 2438
64584 8 5091
64585 9 3683
64586 10 2335
64587 11 5481
64588 12 3457
64589 13 4362
64590 14 4803
64591 15 6033
64592 16 5235
64593 17 2785
64594 18 3602
64595 19 3158
64596 20 8933
64597 21 5501
64598 22 3612
64599 23 6637
64600 24 1414
64601 25 1426
64602 26 3606
64603 27 3581
64604 28 7399
64605 29 3901
64606 30 1540
64607 31 4372
64608 32 2655
64609 33 2584
64610 34 5652
64611 35 2205
64612 36 2457
64613 37 4851
64614 38 2727
64615 39 5754
64616 40 2638
64617 41 3268
64618 42 0
64619 43 2247
64620 44 4203
64621 45 2544
64622 46 2421
64623 47 2689
64624 48 0
64625 49 5409
64626 50 1932
64627 51 5604
64628 52 2416
64629 53 7653
64630 54 2003
64631 55 5360
64632 56 5894
64633 57 3198
64634 58 3549
64635 59 1709
64636 60 6074
64637 61 7620
64638 62 5358
64639 63 4979
64640 64 3395
64641 65 4271
64642 66 5293
64643 67 0
64644 68 3166
64645 69 3146
64646 70 3292
64647 71 4175
64648 72 6984
64649 73 2399
64650 74 1942
64651 75 3392
64652 76 2524
64653 77 4549
64654 78 4167
64655 79 2788
64656 80 5083
64657 81 6301
64658 82 5611
64659 83 1805
64660 84 3441
64661 85 5046
64662 86 1693
64663 87 4613
64664 88 2739
64665 89 2426
64666 90 2350
64667 91 0
64668 92 5111
64669 93 3193
64670 94 2422
64671 95 3717
64672 96 7714
64673 97 2279
64674 98 2114
64675 99 2978
64676 100 2471
64677 101 4482
64678 102 4024
64679 103 5092
64680 104 2522
64681 105 5022
64682 106 5849
64683 107 5727
64684 108 8609
64685 109 6647
64686 110 3161
64687 111 6984
64688 112 2003
64689 113 2889
64690 114 4995
64691 115 3442
64692 116 2280
64693 117 4488
64694 118 2887
64695 119 2408
64696 120 3011
64697 121 4979
64698 122 5572
64699 123 2003
64700 124 2555
64701 125 4412
64702 126 5905
64703 127 4713
64704 128 2412
64705 129 4769
64706 130 0
64707 131 4635
64708 132 3637
64709 133 2287
64710 134 3543
64711 135 8215
64712 136 2108
64713 137 3313
64714 138 4775
64715 139 5809
64716 140 2566
64717 141 4385
64718 142 3565
64719 143 4400
64720 144 4989
64721 145 3697
64722 146 6142
64723 147 1709
64724 148 5474
64725 149 2533
64726 150 3139
64727 151 3140
64728 152 6572
64729 153 2003
