2500
64577 1 3716
64578 2 5543
64579 3 5061
64580 4 3962
64581 5 4347
64582 6 3811
64583 7 2098
64584 8 2561
64585 9 2682
64586 10 5244
64587 11 2752
64588 12 2994
64589 13 4499
64590 14 3726
64591 15 1911
64592 16 3473
64593 17 7080
64594 18 2237
64595 19 3463
64596 20 3577
64597 21 3109
64598 22 4471
64599 23 1510
64600 24 4899
64601 25 1820
64602 26 4959
64603 27 0
64604 28 2366
64605 29 2706
64606 30 6110
64607 31 2173
64608 32 2455
64609 33 1340
64610 34 3975
64611 35 3610
64612 36 8501
64613 37 2191
64614 38 3947
64615 39 2600
64616 40 3485
64617 41 6911
64618 42 2178
64619 43 5294
64620 44 8446
64621 45 2217
64622 46 2767
64623 47 4269
64624 48 5473
64625 49 2631
64626 50 4330
64627 51 2491
64628 52 3820
64629 53 2398
64630 54 3961
64631 55 2372
64632 56 4856
64633 57 7299
64634 58 1836
64635 59 5828
64636 60 0
64637 61 2888
64638 62 6924
64639 63 2896
64640 64 1633
64641 65 5626
64642 66 4039
64643 67 2873
64644 68 7910
64645 69 2201
64646 70 3809
64647 71 5197
64648 72 3575
64649 73 1888
64650 74 4224
64651 75 5201
64652 76 3627
64653 77 4731
64654 78 6265
64655 79 1641
64656 80 4328
64657 81 7056
64658 82 2003
64659 83 4226
64660 84 2349
64661 85 2918
64662 86 4086
64663 87 3395
64664 88 1411
64665 89 5027
64666 90 3504
64667 91 4823
64668 92 6849
64669 93 2293
64670 94 3468
64671 95 6046
64672 96 2347
64673 97 4143
64674 98 6592
64675 99 2238
64676 100 5595
64677 101 2559
64678 102 3707
64679 103 5301
64680 104 1978
64681 105 3177
64682 106 8945
64683 107 5060
64684 108 3728
64685 109 5982
64686 110 4702
64687 111 3758
64688 112 5522
64689 113 6057
64690 114 0
64691 115 4011
64692 116 9146
64693 117 2148
64694 118 3763
64695 119 4309
64696 120 2988
64697 121 3730
64698 122 5406
64699 123 6754
64700 124 5135
64701 125 3801
64702 126 4951
64703 127 1852
64704 128 4402
64705 129 4348
64706 130 3062
64707 131 5483
64708 132 2811
64709 133 7204
64710 134 0
64711 135 3079
64712 136 5416
64713 137 2840
64714 138 5009
64715 139 5190
64716 140 2637
64717 141 5071
64718 142 2096
64719 143 4416
64720 144 3497
64721 145 3437
64722 146 6096
64723 147 4899
64724 148 2003
