2500
64577 1 2897
64578 2 2203
64579 3 6071
64580 4 9416
64581 5 7078
64582 6 2320
64583 7 4813
64584 8 4114
64585 9 4112
64586 10 1477
64587 11 6209
64588 12 2118
64589 13 1332
64590 14 5346
64591 15 3008
64592 16 6119
64593 17 3943
64594 18 5381
64595 19 5226
64596 20 7025
64597 21 3433
64598 22 5123
64599 23 0
64600 24 3304
64601 25 2659
64602 26 7048
64603 27 4901
64604 28 2829
64605 29 5701
64606 30 3240
64607 31 1620
64608 32 2877
64609 33 2656
64610 34 4082
64611 35 4536
64612 36 2579
64613 37 2345
64614 38 6255
64615 39 2642
64616 40 2551
64617 41 7937
64618 42 2167
64619 43 4401
64620 44 2816
64621 45 6270
64622 46 2725
64623 47 7041
64624 48 2582
64625 49 7982
64626 50 2275
64627 51 4791
64628 52 5332
64629 53 5501
64630 54 7280
64631 55 3199
64632 56 5036
64633 57 4112
64634 58 0
64635 59 3072
64636 60 6258
64637 61 2545
64638 62 4504
64639 63 2683
64640 64 4862
64641 65 5631
64642 66 2191
64643 67 3667
64644 68 3419
64645 69 2297
64646 70 6569
64647 71 3239
64648 72 7268
64649 73 7934
64650 74 2254
64651 75 6931
64652 76 2808
64653 77 5791
64654 78 3386
64655 79 5652
64656 80 4058
64657 81 0
64658 82 2478
64659 83 3236
64660 84 4304
64661 85 3814
64662 86 2469
64663 87 5072
64664 88 2741
64665 89 3649
64666 90 2846
64667 91 6355
64668 92 2146
64669 93 1590
64670 94 3715
64671 95 1705
64672 96 2918
64673 97 3217
64674 98 3602
64675 99 4428
64676 100 4304
64677 101 5610
64678 102 6586
64679 103 8814
64680 104 2186
64681 105 3726
64682 106 0
64683 107 2760
64684 108 4774
64685 109 3294
64686 110 2433
64687 111 3662
64688 112 2211
64689 113 4379
64690 114 2347
64691 115 7182
64692 116 2003
64693 117 2468
64694 118 4857
64695 119 2347
64696 120 3321
64697 121 4385
64698 122 4863
64699 123 2751
64700 124 5084
64701 125 2532
64702 126 6216
64703 127 1910
64704 128 2206
64705 129 3976
64706 130 4800
64707 131 5010
64708 132 7312
64709 133 3889
64710 134 1435
64711 135 6350
64712 136 2003
64713 137 2014
64714 138 6741
64715 139 4960
64716 140 3985
64717 141 3578
64718 142 3778
64719 143 6557
64720 144 5451
64721 145 2003
