2500
64577 1 1395
64578 2 5177
64579 3 6154
64580 4 2418
64581 5 4754
64582 6 1615
64583 7 4540
64584 8 2403
64585 9 4643
64586 10 2060
64587 11 3554
64588 12 3953
64589 13 0
64590 14 1961
64591 15 2105
64592 16 5872
64593 17 6808
64594 18 0
64595 19 5284
64596 20 2177
64597 21 3857
64598 22 2423
64599 23 4395
64600 24 6640
64601 25 2320
64602 26 7758
64603 27 8860
64604 28 3037
64605 29 4708
64606 30 5372
64607 31 5851
64608 32 2313
64609 33 4758
64610 34 5275
64611 35 5551
64612 36 7113
64613 37 5695
64614 38 0
64615 39 2142
64616 40 4926
64617 41 5256
64618 42 2608
64619 43 4349
64620 44 4147
64621 45 2580
64622 46 4308
64623 47 2292
64624 48 3576
64625 49 4794
64626 50 3305
64627 51 4886
64628 52 2373
64629 53 5004
64630 54 0
64631 55 3008
64632 56 6188
64633 57 5510
64634 58 2463
64635 59 2091
64636 60 3771
64637 61 4299
64638 62 2744
64639 63 0
64640 64 2592
64641 65 5245
64642 66 2468
64643 67 5330
64644 68 9205
64645 69 0
64646 70 4108
64647 71 2541
64648 72 5725
64649 73 5405
64650 74 4700
64651 75 2316
64652 76 1629
64653 77 3493
64654 78 4367
64655 79 5471
64656 80 1605
64657 81 4531
64658 82 0
64659 83 7253
64660 84 3960
64661 85 6333
64662 86 0
64663 87 3021
64664 88 6823
64665 89 4333
64666 90 6854
64667 91 6171
64668 92 0
64669 93 5108
64670 94 1650
64671 95 6356
64672 96 3392
64673 97 9376
64674 98 4808
64675 99 0
64676 100 2325
64677 101 4058
64678 102 3159
64679 103 8065
64680 104 6666
64681 105 2325
64682 106 3832
64683 107 2233
64684 108 4211
64685 109 0
64686 110 2292
64687 111 2337
64688 112 4689
64689 113 3021
64690 114 6311
64691 115 2158
64692 116 3758
64693 117 3765
64694 118 5279
64695 119 3512
64696 120 6709
64697 121 5528
64698 122 4065
64699 123 1596
64700 124 3794
64701 125 6938
64702 126 0
64703 127 2942
64704 128 2590
64705 129 4841
64706 130 6563
64707 131 0
64708 132 2558
64709 133 5969
64710 134 4116
64711 135 3760
64712 136 4215
64713 137 0
64714 138 3692
64715 139 5345
64716 140 6892
64717 141 2135
64718 142 3623
64719 143 1434
64720 144 4916
64721 145 2384
64722 146 4798
64723 147 4001
64724 148 2502
64725 149 4103
64726 150 9333
64727 151 2003
