2500
64577 1 3379
64578 2 6248
64579 3 3535
64580 4 5471
64581 5 5207
64582 6 5911
64583 7 2707
64584 8 2463
64585 9 3897
64586 10 2310
64587 11 4488
64588 12 7277
64589 13 4412
64590 14 4651
64591 15 4519
64592 16 1897
64593 17 4858
64594 18 4203
64595 19 7054
64596 20 2648
64597 21 3576
64598 22 2220
64599 23 2495
64600 24 3634
64601 25 3690
64602 26 4423
64603 27 2321
64604 28 1689
64605 29 5178
64606 30 4207
64607 31 4764
64608 32 0
64609 33 4880
64610 34 3886
64611 35 5203
64612 36 3902
64613 37 4923
64614 38 7115
64615 39 2262
64616 40 2715
64617 41 5487
64618 42 4980
64619 43 2083
64620 44 3340
64621 45 1999
64622 46 4271
64623 47 2524
64624 48 0
64625 49 4478
64626 50 4965
64627 51 2473
64628 52 4183
64629 53 1358
64630 54 8289
64631 55 2219
64632 56 2123
64633 57 5466
64634 58 2917
64635 59 1871
64636 60 7779
64637 61 6824
64638 62 0
64639 63 2926
64640 64 3458
64641 65 6076
64642 66 5340
64643 67 2827
64644 68 2544
64645 69 1388
64646 70 7226
64647 71 2272
64648 72 3688
64649 73 7470
64650 74 2359
64651 75 4239
64652 76 3544
64653 77 4509
64654 78 4052
64655 79 2542
64656 80 4548
64657 81 0
64658 82 2179
64659 83 6357
64660 84 2582
64661 85 6899
64662 86 2585
64663 87 7798
64664 88 2224
64665 89 3120
64666 90 5083
64667 91 4493
64668 92 4880
64669 93 4898
64670 94 0
64671 95 7085
64672 96 3088
64673 97 3567
64674 98 2677
64675 99 6565
64676 100 2003
64677 101 2049
64678 102 4415
64679 103 4433
64680 104 1425
64681 105 4067
64682 106 1853
64683 107 3496
64684 108 2562
64685 109 3807
64686 110 2709
64687 111 3679
64688 112 4355
64689 113 5742
64690 114 2579
64691 115 3509
64692 116 2728
64693 117 4545
64694 118 3870
64695 119 2600
64696 120 4045
64697 121 5284
64698 122 0
64699 123 4133
64700 124 1924
64701 125 5703
64702 126 2328
64703 127 7258
64704 128 2276
64705 129 3146
64706 130 3036
64707 131 5139
64708 132 3719
64709 133 4195
64710 134 2284
64711 135 4709
64712 136 2449
64713 137 7549
64714 138 2301
64715 139 2332
64716 140 3173
64717 141 2450
64718 142 4791
64719 143 3162
64720 144 2054
64721 145 1468
64722 146 5221
64723 147 2428
64724 148 5249
64725 149 0
64726 150 2711
64727 151 4608
64728 152 3501
64729 153 2334
64730 154 4018
64731 155 7185
64732 156 2003
