2500
64577 1 2805
64578 2 7249
64579 3 2414
64580 4 3686
64581 5 2147
64582 6 7528
64583 7 1975
64584 8 2361
64585 9 2289
64586 10 0
64587 11 2675
64588 12 3780
64589 13 4280
64590 14 2587
64591 15 2399
64592 16 6402
64593 17 0
64594 18 5353
64595 19 2795
64596 20 2303
64597 21 4169
64598 22 2340
64599 23 6371
64600 24 0
64601 25 2936
64602 26 4720
64603 27 5830
64604 28 2317
64605 29 2030
64606 30 4618
64607 31 5063
64608 32 1942
64609 33 4700
64610 34 4552
64611 35 2707
64612 36 4055
64613 37 0
64614 38 3461
64615 39 5892
64616 40 3850
64617 41 6053
64618 42 5935
64619 43 0
64620 44 3440
64621 45 3419
64622 46 3895
64623 47 4146
64624 48 4291
64625 49 0
64626 50 2908
64627 51 1754
64628 52 4218
64629 53 7182
64630 54 2204
64631 55 3702
64632 56 1012
64633 57 3554
64634 58 4388
64635 59 4794
64636 60 3517
64637 61 6553
64638 62 1978
64639 63 1067
64640 64 2927
64641 65 3494
64642 66 8389
64643 67 2003
64644 68 2194
64645 69 0
64646 70 4399
64647 71 5998
64648 72 5294
64649 73 1512
64650 74 5171
64651 75 2338
64652 76 2803
64653 77 3479
64654 78 3752
64655 79 2003
64656 80 2075
64657 81 4279
64658 82 2486
64659 83 2107
64660 84 0
64661 85 2837
64662 86 2126
64663 87 3035
64664 88 2997
64665 89 5214
64666 90 2159
64667 91 2628
64668 92 6961
64669 93 3437
64670 94 1431
64671 95 2807
64672 96 3352
64673 97 5312
64674 98 3392
64675 99 4468
64676 100 2842
64677 101 2829
64678 102 4790
64679 103 4131
64680 104 2640
64681 105 2688
64682 106 4162
64683 107 5474
64684 108 0
64685 109 3011
64686 110 3428
64687 111 3157
64688 112 4394
64689 113 4079
64690 114 4023
64691 115 1974
64692 116 3556
64693 117 1914
64694 118 2518
64695 119 2754
64696 120 5999
64697 121 0
64698 122 2656
64699 123 2049
64700 124 2585
64701 125 3564
64702 126 3862
64703 127 2240
64704 128 1963
64705 129 3879
64706 130 4687
64707 131 6904
64708 132 7821
64709 133 3126
64710 134 0
64711 135 1794
64712 136 3470
64713 137 7132
64714 138 4484
64715 139 3343
64716 140 1406
64717 141 5764
64718 142 2581
64719 143 7131
64720 144 0
64721 145 3219
64722 146 3671
64723 147 4160
64724 148 6201
64725 149 2003
