2500
64577 1 1341
64578 2 2686
64579 3 2723
64580 4 4354
64581 5 1793
64582 6 5839
64583 7 2659
64584 8 2804
64585 9 2991
64586 10 5486
64587 11 5693
64588 12 8110
64589 13 9305
64590 14 0
64591 15 2698
64592 16 2202
64593 17 7216
64594 18 4021
64595 19 2139
64596 20 3192
64597 21 4122
64598 22 3965
64599 23 7936
64600 24 6849
64601 25 1954
64602 26 4458
64603 27 3747
64604 28 5513
64605 29 5606
64606 30 2540
64607 31 3787
64608 32 8779
64609 33 3386
64610 34 5413
64611 35 5407
64612 36 0
64613 37 3616
64614 38 3098
64615 39 3946
64616 40 6397
64617 41 2676
64618 42 3384
64619 43 5617
64620 44 5558
64621 45 3424
64622 46 4917
64623 47 2366
64624 48 3334
64625 49 2571
64626 50 4424
64627 51 4123
64628 52 2121
64629 53 3653
64630 54 4063
64631 55 4279
64632 56 5509
64633 57 2508
64634 58 3478
64635 59 7540
64636 60 5878
64637 61 1515
64638 62 6633
64639 63 0
64640 64 1941
64641 65 2761
64642 66 5768
64643 67 3241
64644 68 5956
64645 69 4765
64646 70 4339
64647 71 3763
64648 72 1626
64649 73 5856
64650 74 2538
64651 75 9606
64652 76 2230
64653 77 3643
64654 78 4067
64655 79 6480
64656 80 3083
64657 81 5507
64658 82 2432
64659 83 5075
64660 84 3194
64661 85 3466
64662 86 4675
64663 87 7265
64664 88 2358
64665 89 4149
64666 90 5797
64667 91 5884
64668 92 4056
64669 93 4667
64670 94 5404
64671 95 5893
64672 96 4487
64673 97 7232
64674 98 2904
64675 99 0
64676 100 3513
64677 101 4997
64678 102 4441
64679 103 1963
64680 104 2863
64681 105 4296
64682 106 5706
64683 107 6352
64684 108 8980
64685 109 5405
64686 110 3334
64687 111 5238
64688 112 3634
64689 113 5776
64690 114 2222
64691 115 4872
64692 116 4344
64693 117 3925
64694 118 1317
64695 119 3654
64696 120 3795
64697 121 5738
64698 122 2738
64699 123 6215
64700 124 1785
64701 125 4873
64702 126 3313
64703 127 3299
64704 128 3063
64705 129 3598
64706 130 1307
64707 131 2845
64708 132 4201
64709 133 3238
64710 134 0
64711 135 4069
64712 136 3245
64713 137 3644
64714 138 0
64715 139 3752
64716 140 2456
64717 141 5205
64718 142 3429
64719 143 3778
64720 144 2003
