2500
64577 1 1508
64578 2 7244
64579 3 5415
64580 4 0
64581 5 2317
64582 6 3857
64583 7 4091
64584 8 4012
64585 9 4449
64586 10 5930
64587 11 4814
64588 12 2285
64589 13 7555
64590 14 2832
64591 15 3532
64592 16 2666
64593 17 1749
64594 18 4254
64595 19 7305
64596 20 2003
64597 21 3090
64598 22 8355
64599 23 5663
64600 24 6150
64601 25 3722
64602 26 3179
64603 27 3233
64604 28 2874
64605 29 2395
64606 30 1623
64607 31 2793
64608 32 2522
64609 33 2387
64610 34 0
64611 35 3748
64612 36 3476
64613 37 6643
64614 38 2232
64615 39 1796
64616 40 3333
64617 41 3745
64618 42 4587
64619 43 4422
64620 44 6354
64621 45 3348
64622 46 5354
64623 47 7387
64624 48 3831
64625 49 3888
64626 50 3979
64627 51 1716
64628 52 7129
64629 53 2370
64630 54 5354
64631 55 4461
64632 56 3134
64633 57 3113
64634 58 3101
64635 59 6154
64636 60 2270
64637 61 4387
64638 62 0
64639 63 5513
64640 64 1521
64641 65 4663
64642 66 3215
64643 67 4833
64644 68 938
64645 69 3713
64646 70 8421
64647 71 2003
64648 72 2728
64649 73 3313
64650 74 2624
64651 75 3722
64652 76 2532
64653 77 3475
64654 78 5362
64655 79 4831
64656 80 3276
64657 81 3047
64658 82 3681
64659 83 4453
64660 84 4171
64661 85 4245
64662 86 6307
64663 87 0
64664 88 5348
64665 89 5528
64666 90 2934
64667 91 0
64668 92 2953
64669 93 3663
64670 94 2710
64671 95 2448
64672 96 7342
64673 97 4511
64674 98 6361
64675 99 0
64676 100 2565
64677 101 2573
64678 102 1878
64679 103 4110
64680 104 2693
64681 105 0
64682 106 2208
64683 107 4444
64684 108 2544
64685 109 3355
64686 110 4521
64687 111 5477
64688 112 5029
64689 113 1503
64690 114 6720
64691 115 2222
64692 116 2905
64693 117 3577
64694 118 3752
64695 119 5837
64696 120 2336
64697 121 2846
64698 122 6115
64699 123 0
64700 124 5613
64701 125 6544
64702 126 2148
64703 127 4726
64704 128 5220
64705 129 7500
64706 130 5386
64707 131 4928
64708 132 4717
64709 133 2652
64710 134 4137
64711 135 0
64712 136 2573
64713 137 4103
64714 138 2682
64715 139 2487
64716 140 9230
64717 141 2094
64718 142 4202
64719 143 5444
64720 144 2219
64721 145 3918
64722 146 3037
64723 147 7327
64724 148 4824
64725 149 3888
64726 150 7075
64727 151 2907
64728 152 8079
64729 153 2003
