2500
64577 1 5214
64578 2 1554
64579 3 4882
64580 4 6588
64581 5 1771
64582 6 5583
64583 7 1772
64584 8 3173
64585 9 2516
64586 10 2615
64587 11 2944
64588 12 2682
64589 13 2371
64590 14 4126
64591 15 0
64592 16 5329
64593 17 2277
64594 18 6376
64595 19 0
64596 20 1577
64597 21 5951
64598 22 8176
64599 23 5357
64600 24 2778
64601 25 5938
64602 26 6278
64603 27 2282
64604 28 5399
64605 29 5625
64606 30 5382
64607 31 6095
64608 32 4094
64609 33 4765
64610 34 1578
64611 35 5698
64612 36 6098
64613 37 2059
64614 38 1055
64615 39 3542
64616 40 3484
64617 41 1684
64618 42 6170
64619 43 2306
64620 44 8487
64621 45 1701
64622 46 2447
64623 47 5510
64624 48 5409
64625 49 5495
64626 50 8193
64627 51 6313
64628 52 2465
64629 53 4649
64630 54 5693
64631 55 6493
64632 56 5111
64633 57 0
64634 58 2573
64635 59 3116
64636 60 6256
64637 61 2142
64638 62 1160
64639 63 3009
64640 64 6889
64641 65 8199
64642 66 5899
64643 67 6228
64644 68 6689
64645 69 0
64646 70 2826
64647 71 7137
64648 72 4055
64649 73 0
64650 74 2898
64651 75 8983
64652 76 2364
64653 77 4066
64654 78 5494
64655 79 3198
64656 80 3001
64657 81 4218
64658 82 3132
64659 83 2991
64660 84 3339
64661 85 5335
64662 86 2003
64663 87 1706
64664 88 1474
64665 89 4766
64666 90 2786
64667 91 2381
64668 92 0
64669 93 2745
64670 94 4315
64671 95 4641
64672 96 4794
64673 97 3106
64674 98 4078
64675 99 2003
64676 100 4063
64677 101 4645
64678 102 4409
64679 103 5143
64680 104 2634
64681 105 4398
64682 106 1652
64683 107 3337
64684 108 2348
64685 109 2702
64686 110 3543
64687 111 2562
64688 112 5019
64689 113 5782
64690 114 2807
64691 115 5648
64692 116 2755
64693 117 4887
64694 118 5539
64695 119 3808
64696 120 2571
64697 121 3590
64698 122 5201
64699 123 4283
64700 124 2485
64701 125 4209
64702 126 2235
64703 127 4512
64704 128 7828
64705 129 2003
64706 130 2410
64707 131 3743
64708 132 4489
64709 133 1572
64710 134 3623
64711 135 2653
64712 136 3345
64713 137 2560
64714 138 2696
64715 139 5673
64716 140 4094
64717 141 2009
64718 142 5012
64719 143 5247
64720 144 4902
64721 145 9205
64722 146 4141
64723 147 1924
64724 148 6514
64725 149 2003
