2500
64577 1 4679
64578 2 1974
64579 3 7222
64580 4 3383
64581 5 2390
64582 6 0
64583 7 2474
64584 8 3708
64585 9 2413
64586 10 2405
64587 11 2874
64588 12 0
64589 13 2891
64590 14 2453
64591 15 4977
64592 16 4120
64593 17 4520
64594 18 0
64595 19 4170
64596 20 4383
64597 21 4297
64598 22 4867
64599 23 4385
64600 24 3162
64601 25 6056
64602 26 2224
64603 27 5282
64604 28 2407
64605 29 5787
64606 30 3662
64607 31 2669
64608 32 2263
64609 33 6380
64610 34 0
64611 35 2477
64612 36 10545
64613 37 2119
64614 38 2861
64615 39 3639
64616 40 2670
64617 41 4957
64618 42 6929
64619 43 2670
64620 44 2851
64621 45 2832
64622 46 5034
64623 47 2980
64624 48 3110
64625 49 2981
64626 50 5020
64627 51 3227
64628 52 3550
64629 53 4933
64630 54 4901
64631 55 5938
64632 56 1848
64633 57 5405
64634 58 2795
64635 59 3734
64636 60 0
64637 61 2945
64638 62 3753
64639 63 2827
64640 64 2142
64641 65 5204
64642 66 2330
64643 67 2616
64644 68 3048
64645 69 7090
64646 70 2160
64647 71 2627
64648 72 3943
64649 73 1766
64650 74 5587
64651 75 5908
64652 76 4431
64653 77 3480
64654 78 3046
64655 79 3845
64656 80 2439
64657 81 6353
64658 82 2457
64659 83 9756
64660 84 2176
64661 85 2318
64662 86 3188
64663 87 7609
64664 88 2083
64665 89 2611
64666 90 2483
64667 91 3305
64668 92 2910
64669 93 2772
64670 94 6581
64671 95 2060
64672 96 2264
64673 97 4568
64674 98 4748
64675 99 2663
64676 100 4829
64677 101 2167
64678 102 4728
64679 103 5150
64680 104 1706
64681 105 3742
64682 106 2829
64683 107 4471
64684 108 1652
64685 109 5455
64686 110 0
64687 111 2123
64688 112 4359
64689 113 4333
64690 114 8096
64691 115 2202
64692 116 1387
64693 117 5812
64694 118 5098
64695 119 0
64696 120 1859
64697 121 2428
64698 122 6854
64699 123 3988
64700 124 6272
64701 125 3404
64702 126 4255
64703 127 3414
64704 128 6073
64705 129 2264
64706 130 4808
64707 131 2800
64708 132 2993
64709 133 3222
64710 134 1819
64711 135 3989
64712 136 2766
64713 137 4535
64714 138 2391
64715 139 2143
64716 140 1779
64717 141 3437
64718 142 2402
64719 143 5564
64720 144 2339
64721 145 5709
64722 146 6058
64723 147 2130
64724 148 5243
64725 149 4744
64726 150 4917
64727 151 6053
64728 152 2723
64729 153 5975
64730 154 1789
64731 155 4388
64732 156 4720
64733 157 4404
64734 158 7219
64735 159 2003
