2500
64577 1 4962
64578 2 4740
64579 3 6378
64580 4 1827
64581 5 3762
64582 6 2626
64583 7 2379
64584 8 4343
64585 9 5143
64586 10 2669
64587 11 0
64588 12 2292
64589 13 2540
64590 14 6185
64591 15 3087
64592 16 2883
64593 17 4454
64594 18 4084
64595 19 5082
64596 20 8100
64597 21 2365
64598 22 4841
64599 23 6045
64600 24 2332
64601 25 4244
64602 26 4658
64603 27 4039
64604 28 3448
64605 29 3279
64606 30 3878
64607 31 4233
64608 32 2464
64609 33 2970
64610 34 2292
64611 35 3208
64612 36 3761
64613 37 3661
64614 38 5316
64615 39 3108
64616 40 4945
64617 41 2729
64618 42 2519
64619 43 5226
64620 44 5705
64621 45 4341
64622 46 5148
64623 47 2800
64624 48 2446
64625 49 3586
64626 50 3323
64627 51 3739
64628 52 3545
64629 53 4134
64630 54 0
64631 55 2581
64632 56 4166
64633 57 4037
64634 58 2707
64635 59 3903
64636 60 2148
64637 61 1414
64638 62 3855
64639 63 6380
64640 64 3093
64641 65 5017
64642 66 3163
64643 67 6240
64644 68 6856
64645 69 0
64646 70 2567
64647 71 2867
64648 72 4522
64649 73 4731
64650 74 2255
64651 75 3351
64652 76 3836
64653 77 4003
64654 78 1901
64655 79 3114
64656 80 7702
64657 81 5723
64658 82 3095
64659 83 3978
64660 84 3572
64661 85 1996
64662 86 4479
64663 87 3693
64664 88 3996
64665 89 3598
64666 90 2430
64667 91 3494
64668 92 2084
64669 93 7621
64670 94 2003
64671 95 2809
64672 96 5230
64673 97 2543
64674 98 3687
64675 99 6633
64676 100 2331
64677 101 4020
64678 102 0
64679 103 2532
64680 104 1341
64681 105 4326
64682 106 3331
64683 107 2701
64684 108 2615
64685 109 2666
64686 110 2787
64687 111 2501
64688 112 3947
64689 113 0
64690 114 4360
64691 115 5254
64692 116 5029
64693 117 4565
64694 118 2239
64695 119 7441
64696 120 2240
64697 121 4201
64698 122 5371
64699 123 4369
64700 124 4495
64701 125 6663
64702 126 4042
64703 127 5201
64704 128 4140
64705 129 4634
64706 130 4806
64707 131 6732
64708 132 2491
64709 133 7514
64710 134 0
64711 135 3510
64712 136 2979
64713 137 4344
64714 138 6973
64715 139 2242
64716 140 4953
64717 141 2777
64718 142 3515
64719 143 3811
64720 144 2516
64721 145 2068
64722 146 2747
64723 147 2747
64724 148 3615
64725 149 3298
64726 150 5310
64727 151 4539
64728 152 4121
64729 153 6971
64730 154 6734
64731 155 2003
