2500
64577 1 2499
64578 2 4106
64579 3 3416
64580 4 3272
64581 5 2430
64582 6 3922
64583 7 0
64584 8 3308
64585 9 3758
64586 10 2513
64587 11 3758
64588 12 0
64589 13 2028
64590 14 3790
64591 15 1621
64592 16 3440
64593 17 2417
64594 18 2978
64595 19 2718
64596 20 0
64597 21 2939
64598 22 5352
64599 23 1968
64600 24 4326
64601 25 2557
64602 26 8453
64603 27 2286
64604 28 2736
64605 29 2704
64606 30 2914
64607 31 3392
64608 32 2979
64609 33 2092
64610 34 5427
64611 35 1748
64612 36 3374
64613 37 1588
64614 38 2499
64615 39 2532
64616 40 0
64617 41 2782
64618 42 3466
64619 43 1853
64620 44 7426
64621 45 4937
64622 46 2250
64623 47 9346
64624 48 1951
64625 49 3821
64626 50 3908
64627 51 4591
64628 52 4950
64629 53 3097
64630 54 7757
64631 55 4442
64632 56 4266
64633 57 2931
64634 58 3787
64635 59 3548
64636 60 0
64637 61 4143
64638 62 8835
64639 63 1550
64640 64 5999
64641 65 2892
64642 66 5524
64643 67 3913
64644 68 2125
64645 69 3790
64646 70 2673
64647 71 3628
64648 72 5592
64649 73 5031
64650 74 5726
64651 75 0
64652 76 1584
64653 77 5849
64654 78 5863
64655 79 2659
64656 80 2754
64657 81 4449
64658 82 2553
64659 83 3039
64660 84 3693
64661 85 0
64662 86 4502
64663 87 0
64664 88 2259
64665 89 5581
64666 90 8209
64667 91 2003
64668 92 3269
64669 93 2904
64670 94 4476
64671 95 3900
64672 96 0
64673 97 2632
64674 98 4719
64675 99 5766
64676 100 2872
64677 101 1647
64678 102 4584
64679 103 2029
64680 104 2943
64681 105 3792
64682 106 0
64683 107 2520
64684 108 3576
64685 109 2503
64686 110 7466
64687 111 2055
64688 112 3883
64689 113 2091
64690 114 4766
64691 115 3458
64692 116 3445
64693 117 0
64694 118 2378
64695 119 4864
64696 120 2520
64697 121 2608
64698 122 4298
64699 123 5478
64700 124 0
64701 125 3339
64702 126 7819
64703 127 2003
64704 128 5016
64705 129 7677
64706 130 6372
64707 131 3006
64708 132 3085
64709 133 3705
64710 134 5046
64711 135 4876
64712 136 7211
64713 137 5440
64714 138 6157
64715 139 2561
64716 140 2773
64717 141 8134
64718 142 2552
64719 143 4247
64720 144 8811
64721 145 2358
64722 146 4027
64723 147 5345
64724 148 1641
64725 149 5193
64726 150 5833
64727 151 2414
64728 152 2918
64729 153 7864
64730 154 5976
64731 155 2803
64732 156 4183
64733 157 2671
64734 158 3278
64735 159 2458
64736 160 7903
64737 161 2003
