2500
64577 1 2326
64578 2 3670
64579 3 2823
64580 4 5941
64581 5 4034
64582 6 5115
64583 7 4204
64584 8 0
64585 9 2356
64586 10 2562
64587 11 3773
64588 12 2425
64589 13 7185
64590 14 2201
64591 15 3728
64592 16 3135
64593 17 7614
64594 18 2170
64595 19 2529
64596 20 4522
64597 21 0
64598 22 5942
64599 23 4300
64600 24 2184
64601 25 1652
64602 26 6602
64603 27 1879
64604 28 2785
64605 29 6995
64606 30 2512
64607 31 2803
64608 32 2524
64609 33 4696
64610 34 0
64611 35 1267
64612 36 2458
64613 37 2986
64614 38 2569
64615 39 2114
64616 40 3837
64617 41 6547
64618 42 0
64619 43 2410
64620 44 2303
64621 45 2373
64622 46 4285
64623 47 5866
64624 48 2204
64625 49 2662
64626 50 3292
64627 51 3284
64628 52 5981
64629 53 1852
64630 54 5188
64631 55 2303
64632 56 4445
64633 57 0
64634 58 7728
64635 59 2806
64636 60 3155
64637 61 4204
64638 62 2703
64639 63 6885
64640 64 3360
64641 65 0
64642 66 2300
64643 67 2485
64644 68 1831
64645 69 1993
64646 70 2845
64647 71 4529
64648 72 2147
64649 73 3104
64650 74 3200
64651 75 3430
64652 76 4200
64653 77 3559
64654 78 4896
64655 79 4494
64656 80 3349
64657 81 4007
64658 82 2411
64659 83 6231
64660 84 2535
64661 85 5002
64662 86 4456
64663 87 2245
64664 88 4458
64665 89 2772
64666 90 0
64667 91 6225
64668 92 4831
64669 93 3891
64670 94 5068
64671 95 4583
64672 96 5020
64673 97 1531
64674 98 2566
64675 99 3669
64676 100 4475
64677 101 2196
64678 102 4467
64679 103 1520
64680 104 3292
64681 105 4332
64682 106 3566
64683 107 3466
64684 108 5758
64685 109 0
64686 110 2094
64687 111 2437
64688 112 2662
64689 113 4580
64690 114 4412
64691 115 0
64692 116 2114
64693 117 3078
64694 118 3603
64695 119 2628
64696 120 3155
64697 121 2169
64698 122 1220
64699 123 3371
64700 124 3892
64701 125 4655
64702 126 4749
64703 127 0
64704 128 2487
64705 129 4146
64706 130 5232
64707 131 2927
64708 132 1738
64709 133 5255
64710 134 2221
64711 135 3120
64712 136 4020
64713 137 0
64714 138 2101
64715 139 4850
64716 140 2497
64717 141 4880
64718 142 7786
64719 143 3165
64720 144 7751
64721 145 1409
64722 146 2993
64723 147 3050
64724 148 0
64725 149 2112
64726 150 2578
64727 151 3788
64728 152 4210
64729 153 2202
64730 154 2995
64731 155 5087
64732 156 1331
64733 157 3578
64734 158 3210
64735 159 4451
64736 160 2768
64737 161 3373
64738 162 0
64739 163 4537
64740 164 1870
64741 165 3397
64742 166 1330
64743 167 3936
64744 168 5056
64745 169 3561
64746 170 3152
64747 171 3786
64748 172 3134
64749 173 5082
64750 174 3675
64751 175 4035
64752 176 2003
