2500
64577 1 2662
64578 2 4162
64579 3 5020
64580 4 2184
64581 5 5638
64582 6 2577
64583 7 3870
64584 8 2558
64585 9 3783
64586 10 6264
64587 11 3225
64588 12 5009
64589 13 3276
64590 14 5611
64591 15 2655
64592 16 2527
64593 17 2254
64594 18 6831
64595 19 0
64596 20 1809
64597 21 5669
64598 22 2585
64599 23 6093
64600 24 2334
64601 25 5684
64602 26 5028
64603 27 4320
64604 28 3043
64605 29 5782
64606 30 3768
64607 31 0
64608 32 6122
64609 33 6047
64610 34 2048
64611 35 3849
64612 36 2760
64613 37 0
64614 38 2706
64615 39 5467
64616 40 4238
64617 41 5760
64618 42 4833
64619 43 3976
64620 44 2193
64621 45 7616
64622 46 4368
64623 47 5831
64624 48 2336
64625 49 7320
64626 50 4406
64627 51 3622
64628 52 0
64629 53 3573
64630 54 3928
64631 55 3058
64632 56 8888
64633 57 2168
64634 58 2798
64635 59 2976
64636 60 3498
64637 61 4575
64638 62 5378
64639 63 6502
64640 64 5141
64641 65 4056
64642 66 6147
64643 67 3655
64644 68 3363
64645 69 4123
64646 70 5304
64647 71 0
64648 72 2537
64649 73 4752
64650 74 1954
64651 75 4731
64652 76 5437
64653 77 2306
64654 78 3848
64655 79 3875
64656 80 5033
64657 81 6761
64658 82 7290
64659 83 3084
64660 84 6335
64661 85 8387
64662 86 2003
64663 87 5816
64664 88 1517
64665 89 4037
64666 90 3919
64667 91 0
64668 92 2271
64669 93 2706
64670 94 4902
64671 95 7287
64672 96 4098
64673 97 0
64674 98 2188
64675 99 3066
64676 100 4794
64677 101 2184
64678 102 4428
64679 103 5105
64680 104 4321
64681 105 6482
64682 106 5500
64683 107 3024
64684 108 4512
64685 109 0
64686 110 2827
64687 111 3715
64688 112 0
64689 113 2707
64690 114 3388
64691 115 2055
64692 116 2480
64693 117 4638
64694 118 4271
64695 119 2215
64696 120 3711
64697 121 2399
64698 122 5678
64699 123 1663
64700 124 3990
64701 125 3496
64702 126 7712
64703 127 6550
64704 128 4289
64705 129 5368
64706 130 0
64707 131 3395
64708 132 1528
64709 133 3916
64710 134 2713
64711 135 5410
64712 136 2595
64713 137 2841
64714 138 3486
64715 139 2287
64716 140 6264
64717 141 4823
64718 142 7206
64719 143 5733
64720 144 6731
64721 145 3629
64722 146 2888
64723 147 5406
64724 148 5289
64725 149 2003
