2500
64577 1 3757
64578 2 5978
64579 3 7598
64580 4 5843
64581 5 3217
64582 6 6918
64583 7 5761
64584 8 0
64585 9 2975
64586 10 3818
64587 11 4695
64588 12 8617
64589 13 4450
64590 14 3558
64591 15 5343
64592 16 1934
64593 17 3667
64594 18 2330
64595 19 3655
64596 20 2492
64597 21 5070
64598 22 2292
64599 23 8725
64600 24 2145
64601 25 6592
64602 26 5545
64603 27 2159
64604 28 4783
64605 29 0
64606 30 7228
64607 31 6190
64608 32 0
64609 33 2513
64610 34 1706
64611 35 4444
64612 36 2709
64613 37 4649
64614 38 2450
64615 39 4302
64616 40 0
64617 41 2070
64618 42 2813
64619 43 2421
64620 44 4556
64621 45 3727
64622 46 4368
64623 47 2137
64624 48 3275
64625 49 4014
64626 50 5219
64627 51 2792
64628 52 5987
64629 53 4113
64630 54 6914
64631 55 5596
64632 56 0
64633 57 3958
64634 58 3724
64635 59 2193
64636 60 3270
64637 61 0
64638 62 2608
64639 63 2482
64640 64 4859
64641 65 3451
64642 66 7850
64643 67 2154
64644 68 2825
64645 69 4068
64646 70 5892
64647 71 2638
64648 72 6124
64649 73 4088
64650 74 6972
64651 75 6025
64652 76 0
64653 77 4958
64654 78 1638
64655 79 5987
64656 80 3112
64657 81 9058
64658 82 4748
64659 83 3165
64660 84 3869
64661 85 4309
64662 86 4083
64663 87 4195
64664 88 2362
64665 89 3206
64666 90 4278
64667 91 4682
64668 92 2262
64669 93 6241
64670 94 6975
64671 95 4542
64672 96 4721
64673 97 4928
64674 98 5692
64675 99 6431
64676 100 1408
64677 101 3252
64678 102 4759
64679 103 4107
64680 104 4258
64681 105 5764
64682 106 3227
64683 107 4800
64684 108 4881
64685 109 8092
64686 110 6692
64687 111 7963
64688 112 6492
64689 113 6842
64690 114 1557
64691 115 1539
64692 116 5158
64693 117 7679
64694 118 2077
64695 119 8951
64696 120 5469
64697 121 9042
64698 122 2084
64699 123 2942
64700 124 8576
64701 125 2139
64702 126 5005
64703 127 4839
64704 128 4432
64705 129 7809
64706 130 5974
64707 131 7308
64708 132 0
64709 133 2364
64710 134 2847
64711 135 2167
64712 136 8854
64713 137 2003
