2500
64577 1 3251
64578 2 5173
64579 3 3638
64580 4 2984
64581 5 5290
64582 6 4369
64583 7 3302
64584 8 5041
64585 9 0
64586 10 2494
64587 11 3258
64588 12 4231
64589 13 5809
64590 14 2315
64591 15 3511
64592 16 6492
64593 17 2695
64594 18 3073
64595 19 3051
64596 20 0
64597 21 5362
64598 22 2612
64599 23 5953
64600 24 5017
64601 25 3131
64602 26 4540
64603 27 0
64604 28 3223
64605 29 4119
64606 30 4440
64607 31 2207
64608 32 2756
64609 33 3688
64610 34 2284
64611 35 5587
64612 36 4251
64613 37 5944
64614 38 5646
64615 39 5024
64616 40 2036
64617 41 3014
64618 42 3436
64619 43 2003
64620 44 2004
64621 45 4951
64622 46 3971
64623 47 2691
64624 48 4606
64625 49 2030
64626 50 6210
64627 51 4456
64628 52 2683
64629 53 2971
64630 54 0
64631 55 2956
64632 56 1833
64633 57 2967
64634 58 2420
64635 59 3522
64636 60 0
64637 61 4597
64638 62 5295
64639 63 5128
64640 64 2952
64641 65 5423
64642 66 2199
64643 67 2775
64644 68 4818
64645 69 4923
64646 70 3229
64647 71 3603
64648 72 3842
64649 73 4701
64650 74 3412
64651 75 3368
64652 76 3629
64653 77 3301
64654 78 2392
64655 79 5915
64656 80 2135
64657 81 5115
64658 82 4216
64659 83 5597
64660 84 3816
64661 85 3468
64662 86 2820
64663 87 3606
64664 88 5393
64665 89 6335
64666 90 0
64667 91 2489
64668 92 4327
64669 93 4970
64670 94 3822
64671 95 2755
64672 96 3860
64673 97 5003
64674 98 0
64675 99 4414
64676 100 2733
64677 101 2386
64678 102 5494
64679 103 1902
64680 104 4899
64681 105 0
64682 106 3859
64683 107 3686
64684 108 3283
64685 109 4592
64686 110 2003
64687 111 3263
64688 112 2802
64689 113 4931
64690 114 1625
64691 115 1706
64692 116 1812
64693 117 4632
64694 118 2171
64695 119 3094
64696 120 4075
64697 121 3556
64698 122 1596
64699 123 3554
64700 124 2277
64701 125 2488
64702 126 1434
64703 127 1872
64704 128 1560
64705 129 2964
64706 130 2867
64707 131 1623
64708 132 3842
64709 133 2849
64710 134 5085
64711 135 4745
64712 136 2322
64713 137 3260
64714 138 4734
64715 139 2387
64716 140 4226
64717 141 3610
64718 142 1898
64719 143 4616
64720 144 4232
64721 145 0
64722 146 4040
64723 147 4314
64724 148 4757
64725 149 2514
64726 150 3733
64727 151 2633
64728 152 4959
64729 153 6781
64730 154 2604
64731 155 2683
64732 156 4802
64733 157 0
64734 158 2943
64735 159 5285
64736 160 1820
64737 161 5628
64738 162 0
64739 163 2516
64740 164 6255
64741 165 5506
64742 166 0
64743 167 3921
64744 168 5849
64745 169 5431
64746 170 2003
