2500
64577 1 3445
64578 2 3812
64579 3 3636
64580 4 5057
64581 5 5068
64582 6 5951
64583 7 6777
64584 8 4794
64585 9 6536
64586 10 2797
64587 11 5681
64588 12 6186
64589 13 2430
64590 14 6184
64591 15 4267
64592 16 4739
64593 17 0
64594 18 2524
64595 19 2678
64596 20 2508
64597 21 7128
64598 22 5278
64599 23 2169
64600 24 1276
64601 25 3725
64602 26 5820
64603 27 5836
64604 28 4956
64605 29 0
64606 30 2747
64607 31 4674
64608 32 5871
64609 33 2818
64610 34 1988
64611 35 5518
64612 36 2660
64613 37 3238
64614 38 4137
64615 39 0
64616 40 2543
64617 41 5903
64618 42 9114
64619 43 7911
64620 44 0
64621 45 2867
64622 46 6445
64623 47 3891
64624 48 3425
64625 49 4882
64626 50 7283
64627 51 5465
64628 52 3204
64629 53 6885
64630 54 2165
64631 55 5624
64632 56 3183
64633 57 9088
64634 58 6884
64635 59 7295
64636 60 0
64637 61 2727
64638 62 5504
64639 63 4066
64640 64 7835
64641 65 2679
64642 66 4518
64643 67 1880
64644 68 6068
64645 69 8676
64646 70 2205
64647 71 4534
64648 72 3162
64649 73 3525
64650 74 5160
64651 75 1474
64652 76 4810
64653 77 8391
64654 78 0
64655 79 3018
64656 80 1764
64657 81 7470
64658 82 7003
64659 83 2272
64660 84 3142
64661 85 7091
64662 86 8105
64663 87 5288
64664 88 2200
64665 89 3746
64666 90 1394
64667 91 4329
64668 92 6256
64669 93 1590
64670 94 2126
64671 95 4987
64672 96 2087
64673 97 5206
64674 98 1778
64675 99 4052
64676 100 0
64677 101 4596
64678 102 4200
64679 103 5508
64680 104 6473
64681 105 2193
64682 106 2685
64683 107 4954
64684 108 5659
64685 109 1856
64686 110 5175
64687 111 2634
64688 112 4163
64689 113 2692
64690 114 2982
64691 115 6205
64692 116 3293
64693 117 3595
64694 118 5116
64695 119 0
64696 120 3066
64697 121 3447
64698 122 1557
64699 123 8625
64700 124 2872
64701 125 1936
64702 126 7297
64703 127 2941
64704 128 0
64705 129 2460
64706 130 3856
64707 131 2638
64708 132 6052
64709 133 1455
64710 134 7148
64711 135 0
64712 136 2834
64713 137 5007
64714 138 2325
64715 139 3486
64716 140 0
64717 141 3520
64718 142 4169
64719 143 3638
64720 144 3626
64721 145 2003
