2500
64577 1 5155
64578 2 1469
64579 3 9505
64580 4 5241
64581 5 1753
64582 6 5926
64583 7 3934
64584 8 1812
64585 9 4227
64586 10 3043
64587 11 3167
64588 12 1477
64589 13 2712
64590 14 3523
64591 15 1401
64592 16 2676
64593 17 4885
64594 18 0
64595 19 2801
64596 20 3343
64597 21 3684
64598 22 6236
64599 23 5191
64600 24 2245
64601 25 8514
64602 26 6135
64603 27 2529
64604 28 3073
64605 29 3663
64606 30 0
64607 31 4576
64608 32 3361
64609 33 4756
64610 34 4202
64611 35 2217
64612 36 2931
64613 37 7495
64614 38 1507
64615 39 4042
64616 40 6226
64617 41 2373
64618 42 3196
64619 43 2711
64620 44 4216
64621 45 3802
64622 46 5869
64623 47 0
64624 48 3696
64625 49 5959
64626 50 7052
64627 51 0
64628 52 2680
64629 53 2672
64630 54 4212
64631 55 5235
64632 56 2342
64633 57 2545
64634 58 4490
64635 59 5681
64636 60 2865
64637 61 6763
64638 62 2308
64639 63 2623
64640 64 9077
64641 65 8164
64642 66 4943
64643 67 0
64644 68 2507
64645 69 3858
64646 70 2919
64647 71 7196
64648 72 6145
64649 73 2233
64650 74 5325
64651 75 5388
64652 76 2583
64653 77 9044
64654 78 2689
64655 79 5287
64656 80 0
64657 81 4403
64658 82 7582
64659 83 2364
64660 84 4605
64661 85 5020
64662 86 5202
64663 87 3374
64664 88 1376
64665 89 4805
64666 90 0
64667 91 6422
64668 92 2797
64669 93 7273
64670 94 4764
64671 95 2191
64672 96 3586
64673 97 3780
64674 98 3404
64675 99 4528
64676 100 5814
64677 101 7216
64678 102 4875
64679 103 4368
64680 104 6124
64681 105 3454
64682 106 6804
64683 107 4239
64684 108 5050
64685 109 7119
64686 110 6715
64687 111 2031
64688 112 5142
64689 113 6871
64690 114 2003
64691 115 3612
64692 116 1429
64693 117 4301
64694 118 3839
64695 119 0
64696 120 2321
64697 121 3344
64698 122 5092
64699 123 5123
64700 124 4818
64701 125 3452
64702 126 2003
64703 127 3938
64704 128 5172
64705 129 4030
64706 130 5405
64707 131 6452
64708 132 4400
64709 133 1985
64710 134 2455
64711 135 4967
64712 136 6864
64713 137 5736
64714 138 2160
64715 139 5377
64716 140 0
64717 141 3022
64718 142 2401
64719 143 6616
64720 144 5143
64721 145 2003
