2500
64577 1 4731
64578 2 4569
64579 3 3110
64580 4 5909
64581 5 7578
64582 6 4252
64583 7 0
64584 8 4861
64585 9 3897
64586 10 6426
64587 11 2238
64588 12 4970
64589 13 1954
64590 14 4482
64591 15 3928
64592 16 3803
64593 17 6203
64594 18 0
64595 19 5054
64596 20 4387
64597 21 5987
64598 22 2202
64599 23 3723
64600 24 2773
64601 25 4125
64602 26 5283
64603 27 5321
64604 28 5249
64605 29 0
64606 30 3807
64607 31 4345
64608 32 6933
64609 33 2216
64610 34 2799
64611 35 6955
64612 36 6896
64613 37 4731
64614 38 6741
64615 39 0
64616 40 2327
64617 41 4481
64618 42 4620
64619 43 6838
64620 44 3051
64621 45 4704
64622 46 2551
64623 47 3251
64624 48 2612
64625 49 2391
64626 50 3887
64627 51 2201
64628 52 3254
64629 53 2343
64630 54 3797
64631 55 0
64632 56 2591
64633 57 5780
64634 58 3115
64635 59 5037
64636 60 2003
64637 61 5540
64638 62 3309
64639 63 3300
64640 64 2742
64641 65 3440
64642 66 5556
64643 67 3613
64644 68 4252
64645 69 0
64646 70 2760
64647 71 4298
64648 72 3211
64649 73 4971
64650 74 1621
64651 75 2245
64652 76 1926
64653 77 3462
64654 78 3405
64655 79 3479
64656 80 4191
64657 81 4795
64658 82 5589
64659 83 0
64660 84 3297
64661 85 3114
64662 86 6563
64663 87 1551
64664 88 5614
64665 89 6191
64666 90 3311
64667 91 6908
64668 92 2003
64669 93 2808
64670 94 5209
64671 95 2652
64672 96 4778
64673 97 6170
64674 98 2109
64675 99 2856
64676 100 3508
64677 101 1616
64678 102 3527
64679 103 3529
64680 104 1951
64681 105 5827
64682 106 0
64683 107 4793
64684 108 3907
64685 109 5856
64686 110 2113
64687 111 2917
64688 112 4360
64689 113 4512
64690 114 2904
64691 115 3466
64692 116 2414
64693 117 2839
64694 118 2935
64695 119 5277
64696 120 2218
64697 121 5030
64698 122 3331
64699 123 1537
64700 124 3907
64701 125 6094
64702 126 6010
64703 127 2564
64704 128 1531
64705 129 3343
64706 130 4787
64707 131 0
64708 132 2557
64709 133 4754
64710 134 4050
64711 135 2342
64712 136 4977
64713 137 2003
64714 138 1380
64715 139 3116
64716 140 4357
64717 141 5592
64718 142 3324
64719 143 4531
64720 144 6005
64721 145 3636
64722 146 1713
64723 147 4679
64724 148 7703
64725 149 6688
64726 150 2507
64727 151 1636
64728 152 3323
64729 153 3748
64730 154 0
64731 155 4435
64732 156 2361
64733 157 4751
64734 158 2003
