2500
64577 1 2320
64578 2 2337
64579 3 1858
64580 4 3583
64581 5 2876
64582 6 4301
64583 7 4994
64584 8 0
64585 9 1369
64586 10 6362
64587 11 2332
64588 12 2852
64589 13 3767
64590 14 7315
64591 15 2680
64592 16 3628
64593 17 0
64594 18 3222
64595 19 7066
64596 20 6343
64597 21 3251
64598 22 5309
64599 23 2260
64600 24 3880
64601 25 4998
64602 26 3913
64603 27 8037
64604 28 6386
64605 29 2886
64606 30 0
64607 31 3393
64608 32 3434
64609 33 5491
64610 34 2656
64611 35 3896
64612 36 4396
64613 37 4774
64614 38 0
64615 39 4945
64616 40 2900
64617 41 3159
64618 42 2962
64619 43 3485
64620 44 2290
64621 45 2573
64622 46 2955
64623 47 2514
64624 48 6722
64625 49 4886
64626 50 6255
64627 51 0
64628 52 3094
64629 53 2477
64630 54 5138
64631 55 4679
64632 56 2282
64633 57 6132
64634 58 3475
64635 59 4381
64636 60 3520
64637 61 3454
64638 62 4227
64639 63 2744
64640 64 4069
64641 65 0
64642 66 3138
64643 67 2911
64644 68 6085
64645 69 4598
64646 70 2210
64647 71 2510
64648 72 6181
64649 73 2466
64650 74 4379
64651 75 5030
64652 76 6624
64653 77 4143
64654 78 2826
64655 79 5405
64656 80 2924
64657 81 3863
64658 82 3089
64659 83 2643
64660 84 5225
64661 85 2119
64662 86 1686
64663 87 7945
64664 88 2140
64665 89 4096
64666 90 6255
64667 91 4131
64668 92 5551
64669 93 4592
64670 94 2291
64671 95 3934
64672 96 0
64673 97 2522
64674 98 8674
64675 99 5491
64676 100 7767
64677 101 0
64678 102 3710
64679 103 6592
64680 104 8812
64681 105 2286
64682 106 5620
64683 107 2770
64684 108 2946
64685 109 1363
64686 110 4832
64687 111 2586
64688 112 7823
64689 113 2208
64690 114 3441
64691 115 5057
64692 116 2524
64693 117 5922
64694 118 2536
64695 119 4501
64696 120 3207
64697 121 4102
64698 122 5650
64699 123 2611
64700 124 5545
64701 125 1962
64702 126 5513
64703 127 2701
64704 128 4061
64705 129 4044
64706 130 4308
64707 131 4268
64708 132 0
64709 133 3772
64710 134 5416
64711 135 4654
64712 136 1834
64713 137 3799
64714 138 3487
64715 139 6638
64716 140 8787
64717 141 2137
64718 142 2321
64719 143 5328
64720 144 3481
64721 145 5442
64722 146 4898
64723 147 4575
64724 148 5863
64725 149 7526
64726 150 2003
