2500
64577 1 2423
64578 2 3105
64579 3 3709
64580 4 4068
64581 5 4727
64582 6 2776
64583 7 4667
64584 8 0
64585 9 2147
64586 10 5037
64587 11 6105
64588 12 1855
64589 13 2755
64590 14 2211
64591 15 3474
64592 16 3508
64593 17 0
64594 18 5237
64595 19 5931
64596 20 0
64597 21 5053
64598 22 5676
64599 23 3112
64600 24 5462
64601 25 4629
64602 26 2471
64603 27 4077
64604 28 5893
64605 29 6903
64606 30 2213
64607 31 3333
64608 32 3820
64609 33 4264
64610 34 2587
64611 35 3373
64612 36 4917
64613 37 1635
64614 38 4047
64615 39 2700
64616 40 4562
64617 41 0
64618 42 6153
64619 43 1799
64620 44 3275
64621 45 3597
64622 46 6386
64623 47 4768
64624 48 6822
64625 49 2154
64626 50 2975
64627 51 5490
64628 52 1509
64629 53 5252
64630 54 4673
64631 55 2541
64632 56 5892
64633 57 2112
64634 58 5457
64635 59 2167
64636 60 6147
64637 61 2278
64638 62 7843
64639 63 2237
64640 64 3269
64641 65 4061
64642 66 7349
64643 67 6920
64644 68 3894
64645 69 4079
64646 70 3417
64647 71 3632
64648 72 5240
64649 73 7186
64650 74 2682
64651 75 993
64652 76 2745
64653 77 3331
64654 78 4810
64655 79 3065
64656 80 6514
64657 81 2003
64658 82 2827
64659 83 0
64660 84 3448
64661 85 4793
64662 86 8040
64663 87 5952
64664 88 1932
64665 89 2516
64666 90 4782
64667 91 4307
64668 92 4450
64669 93 6879
64670 94 5777
64671 95 2238
64672 96 3446
64673 97 4248
64674 98 6160
64675 99 5382
64676 100 6008
64677 101 2746
64678 102 4308
64679 103 4188
64680 104 3279
64681 105 6070
64682 106 2276
64683 107 3946
64684 108 2415
64685 109 3745
64686 110 3086
64687 111 6502
64688 112 1961
64689 113 2008
64690 114 2755
64691 115 5738
64692 116 4436
64693 117 4346
64694 118 4062
64695 119 3793
64696 120 3053
64697 121 3159
64698 122 6532
64699 123 6938
64700 124 5403
64701 125 4913
64702 126 1796
64703 127 5397
64704 128 2003
