2500
64577 1 2548
64578 2 3460
64579 3 1809
64580 4 6388
64581 5 4821
64582 6 2401
64583 7 5456
64584 8 6014
64585 9 1581
64586 10 4266
64587 11 0
64588 12 2167
64589 13 6795
64590 14 6279
64591 15 3887
64592 16 4415
64593 17 2201
64594 18 6392
64595 19 6768
64596 20 3570
64597 21 6960
64598 22 2545
64599 23 4475
64600 24 7553
64601 25 3921
64602 26 5582
64603 27 4109
64604 28 3226
64605 29 3020
64606 30 5101
64607 31 3439
64608 32 4396
64609 33 2795
64610 34 4435
64611 35 2608
64612 36 3373
64613 37 6414
64614 38 5953
64615 39 0
64616 40 2541
64617 41 3714
64618 42 3874
64619 43 5006
64620 44 2160
64621 45 1420
64622 46 2410
64623 47 3813
64624 48 3377
64625 49 4661
64626 50 6548
64627 51 4372
64628 52 7163
64629 53 1795
64630 54 1925
64631 55 3492
64632 56 5863
64633 57 4397
64634 58 3304
64635 59 2609
64636 60 2899
64637 61 2991
64638 62 3866
64639 63 5249
64640 64 2655
64641 65 3222
64642 66 2686
64643 67 4636
64644 68 6112
64645 69 2003
64646 70 4445
64647 71 6057
64648 72 1524
64649 73 5977
64650 74 3785
64651 75 3789
64652 76 5170
64653 77 3982
64654 78 4246
64655 79 5258
64656 80 2718
64657 81 4823
64658 82 2941
64659 83 8639
64660 84 2187
64661 85 2859
64662 86 4366
64663 87 4890
64664 88 1570
64665 89 4211
64666 90 5308
64667 91 4809
64668 92 1750
64669 93 5474
64670 94 4806
64671 95 6266
64672 96 4452
64673 97 6056
64674 98 1309
64675 99 4481
64676 100 4847
64677 101 2284
64678 102 3018
64679 103 4328
64680 104 1566
64681 105 2543
64682 106 1626
64683 107 4229
64684 108 2496
64685 109 5103
64686 110 2677
64687 111 2213
64688 112 7058
64689 113 2227
64690 114 4776
64691 115 3474
64692 116 3076
64693 117 3915
64694 118 4772
64695 119 2668
64696 120 2221
64697 121 6914
64698 122 2198
64699 123 2178
64700 124 2684
64701 125 5854
64702 126 1907
64703 127 5033
64704 128 2428
64705 129 4827
64706 130 1966
64707 131 6146
64708 132 5042
64709 133 4278
64710 134 3587
64711 135 7945
64712 136 2217
64713 137 4350
64714 138 3259
64715 139 5658
64716 140 4992
64717 141 3866
64718 142 6055
64719 143 2759
64720 144 2691
64721 145 10510
64722 146 2003
