2500
64577 1 3070
64578 2 4445
64579 3 2985
64580 4 5625
64581 5 1779
64582 6 5273
64583 7 1951
64584 8 4594
64585 9 3612
64586 10 0
64587 11 6016
64588 12 3532
64589 13 6942
64590 14 5064
64591 15 3842
64592 16 4310
64593 17 1609
64594 18 7033
64595 19 2175
64596 20 4722
64597 21 5036
64598 22 5004
64599 23 8292
64600 24 2213
64601 25 3048
64602 26 4262
64603 27 2277
64604 28 4215
64605 29 4561
64606 30 6508
64607 31 5355
64608 32 3855
64609 33 5030
64610 34 6153
64611 35 5202
64612 36 0
64613 37 3387
64614 38 2893
64615 39 5781
64616 40 2049
64617 41 2253
64618 42 4858
64619 43 6839
64620 44 2192
64621 45 5264
64622 46 2772
64623 47 6812
64624 48 2961
64625 49 4702
64626 50 0
64627 51 2612
64628 52 2205
64629 53 4972
64630 54 5371
64631 55 5760
64632 56 2649
64633 57 0
64634 58 3834
64635 59 4021
64636 60 0
64637 61 3608
64638 62 8958
64639 63 2836
64640 64 1777
64641 65 8275
64642 66 2220
64643 67 6568
64644 68 4813
64645 69 6314
64646 70 6280
64647 71 4394
64648 72 3659
64649 73 0
64650 74 2536
64651 75 5833
64652 76 2592
64653 77 2629
64654 78 0
64655 79 4601
64656 80 5576
64657 81 0
64658 82 3658
64659 83 3937
64660 84 2607
64661 85 7435
64662 86 2169
64663 87 5374
64664 88 4436
64665 89 3996
64666 90 5103
64667 91 6823
64668 92 6277
64669 93 3311
64670 94 2555
64671 95 8550
64672 96 2238
64673 97 3728
64674 98 4072
64675 99 5752
64676 100 2563
64677 101 4040
64678 102 7324
64679 103 6675
64680 104 4516
64681 105 3858
64682 106 1955
64683 107 5394
64684 108 1458
64685 109 5834
64686 110 3195
64687 111 0
64688 112 8234
64689 113 3792
64690 114 7043
64691 115 1578
64692 116 5712
64693 117 6889
64694 118 2618
64695 119 5062
64696 120 8132
64697 121 0
64698 122 3638
64699 123 4190
64700 124 2630
64701 125 4148
64702 126 4812
64703 127 5625
64704 128 5142
64705 129 1432
64706 130 5567
64707 131 2172
64708 132 3126
64709 133 2252
64710 134 4626
64711 135 5880
64712 136 5018
64713 137 4842
64714 138 0
64715 139 7883
64716 140 4475
64717 141 8662
64718 142 2003
