2500
64577 1 6517
64578 2 3143
64579 3 2508
64580 4 1923
64581 5 4633
64582 6 2968
64583 7 5739
64584 8 5787
64585 9 5540
64586 10 5012
64587 11 4282
64588 12 2710
64589 13 0
64590 14 2850
64591 15 4387
64592 16 2694
64593 17 0
64594 18 3836
64595 19 2896
64596 20 5369
64597 21 4766
64598 22 0
64599 23 3326
64600 24 1387
64601 25 4098
64602 26 9450
64603 27 2226
64604 28 4130
64605 29 4844
64606 30 3125
64607 31 0
64608 32 3925
64609 33 2582
64610 34 3635
64611 35 2142
64612 36 2758
64613 37 5771
64614 38 3879
64615 39 0
64616 40 6971
64617 41 6246
64618 42 2976
64619 43 4213
64620 44 7970
64621 45 0
64622 46 3761
64623 47 2429
64624 48 5340
64625 49 10655
64626 50 2252
64627 51 6366
64628 52 4688
64629 53 5261
64630 54 6368
64631 55 2444
64632 56 2936
64633 57 5181
64634 58 6082
64635 59 2090
64636 60 3911
64637 61 0
64638 62 3819
64639 63 1476
64640 64 4107
64641 65 2487
64642 66 2966
64643 67 5681
64644 68 3670
64645 69 2885
64646 70 1708
64647 71 4425
64648 72 1263
64649 73 4187
64650 74 3558
64651 75 2307
64652 76 2779
64653 77 2500
64654 78 6323
64655 79 2704
64656 80 4265
64657 81 0
64658 82 5885
64659 83 5845
64660 84 2286
64661 85 3923
64662 86 2245
64663 87 5800
64664 88 6629
64665 89 1921
64666 90 2524
64667 91 3203
64668 92 7127
64669 93 2971
64670 94 2258
64671 95 7266
64672 96 2242
64673 97 2499
64674 98 3161
64675 99 6593
64676 100 1790
64677 101 2501
64678 102 2860
64679 103 7351
64680 104 3052
64681 105 2314
64682 106 7685
64683 107 2215
64684 108 3521
64685 109 2598
64686 110 6487
64687 111 1957
64688 112 2554
64689 113 3705
64690 114 2459
64691 115 3204
64692 116 1927
64693 117 8615
64694 118 0
64695 119 2084
64696 120 7765
64697 121 4772
64698 122 2232
64699 123 5526
64700 124 3641
64701 125 2247
64702 126 3464
64703 127 0
64704 128 9128
64705 129 5342
64706 130 0
64707 131 3557
64708 132 6173
64709 133 2460
64710 134 8658
64711 135 2206
64712 136 1145
64713 137 3827
64714 138 4227
64715 139 1972
64716 140 6931
64717 141 4633
64718 142 4616
64719 143 4689
64720 144 4433
64721 145 2733
64722 146 5481
64723 147 0
64724 148 2045
64725 149 5677
64726 150 2961
64727 151 0
64728 152 2525
64729 153 4411
64730 154 2117
64731 155 4890
64732 156 4081
64733 157 2003
