2500
64577 1 2911
64578 2 5290
64579 3 6450
64580 4 4852
64581 5 4368
64582 6 6377
64583 7 3476
64584 8 4925
64585 9 4047
64586 10 2655
64587 11 4346
64588 12 4268
64589 13 4392
64590 14 4417
64591 15 4054
64592 16 4840
64593 17 0
64594 18 2572
64595 19 3621
64596 20 5237
64597 21 5471
64598 22 5103
64599 23 3260
64600 24 4074
64601 25 2536
64602 26 1471
64603 27 2716
64604 28 3201
64605 29 2278
64606 30 3383
64607 31 2459
64608 32 2537
64609 33 3554
64610 34 2147
64611 35 3653
64612 36 4956
64613 37 4306
64614 38 4701
64615 39 2561
64616 40 0
64617 41 3760
64618 42 4860
64619 43 2475
64620 44 5222
64621 45 7749
64622 46 0
64623 47 3815
64624 48 1343
64625 49 3928
64626 50 1668
64627 51 4472
64628 52 8373
64629 53 5073
64630 54 2355
64631 55 6781
64632 56 2204
64633 57 2604
64634 58 2748
64635 59 5114
64636 60 2986
64637 61 2379
64638 62 1984
64639 63 4909
64640 64 3183
64641 65 0
64642 66 3094
64643 67 4225
64644 68 2205
64645 69 5365
64646 70 3373
64647 71 4480
64648 72 3427
64649 73 2371
64650 74 7035
64651 75 2230
64652 76 7765
64653 77 2122
64654 78 3473
64655 79 5043
64656 80 2531
64657 81 5241
64658 82 0
64659 83 3180
64660 84 1993
64661 85 5259
64662 86 5175
64663 87 2431
64664 88 2058
64665 89 2710
64666 90 3259
64667 91 2613
64668 92 3327
64669 93 1722
64670 94 3053
64671 95 5417
64672 96 7205
64673 97 2744
64674 98 3597
64675 99 2243
64676 100 4888
64677 101 3268
64678 102 5944
64679 103 4877
64680 104 0
64681 105 2864
64682 106 5973
64683 107 2523
64684 108 4302
64685 109 4369
64686 110 3771
64687 111 0
64688 112 3788
64689 113 4394
64690 114 2786
64691 115 3934
64692 116 4547
64693 117 2822
64694 118 3880
64695 119 3955
64696 120 6096
64697 121 4510
64698 122 3452
64699 123 0
64700 124 3688
64701 125 6890
64702 126 0
64703 127 2295
64704 128 5483
64705 129 2197
64706 130 8003
64707 131 2195
64708 132 2671
64709 133 1319
64710 134 5445
64711 135 4234
64712 136 6590
64713 137 2642
64714 138 5728
64715 139 6626
64716 140 3309
64717 141 2042
64718 142 5938
64719 143 0
64720 144 4874
64721 145 2944
64722 146 4337
64723 147 2412
64724 148 0
64725 149 2725
64726 150 3759
64727 151 3288
64728 152 3217
64729 153 1413
64730 154 5773
64731 155 3728
64732 156 3529
64733 157 6151
64734 158 2838
64735 159 7279
64736 160 2003
