2500
64577 1 2475
64578 2 4149
64579 3 3053
64580 4 4200
64581 5 1850
64582 6 4464
64583 7 2718
64584 8 4632
64585 9 0
64586 10 2089
64587 11 5493
64588 12 3808
64589 13 1743
64590 14 8221
64591 15 2012
64592 16 9142
64593 17 4356
64594 18 2316
64595 19 5822
64596 20 5392
64597 21 4992
64598 22 2266
64599 23 5795
64600 24 6942
64601 25 7325
64602 26 0
64603 27 3475
64604 28 6394
64605 29 2003
64606 30 3630
64607 31 2789
64608 32 6765
64609 33 6115
64610 34 2970
64611 35 2006
64612 36 2440
64613 37 2708
64614 38 3207
64615 39 6089
64616 40 2152
64617 41 5004
64618 42 4838
64619 43 5858
64620 44 2486
64621 45 4718
64622 46 6475
64623 47 0
64624 48 7508
64625 49 2556
64626 50 9939
64627 51 2183
64628 52 804
64629 53 2137
64630 54 5210
64631 55 6108
64632 56 2451
64633 57 4942
64634 58 2393
64635 59 0
64636 60 2772
64637 61 3208
64638 62 4742
64639 63 1258
64640 64 4549
64641 65 2489
64642 66 4804
64643 67 3782
64644 68 1730
64645 69 4849
64646 70 4510
64647 71 0
64648 72 3358
64649 73 4102
64650 74 4016
64651 75 4432
64652 76 2858
64653 77 6252
64654 78 4154
64655 79 1791
64656 80 2297
64657 81 5418
64658 82 6242
64659 83 1700
64660 84 3763
64661 85 2430
64662 86 6290
64663 87 6542
64664 88 2520
64665 89 3505
64666 90 1529
64667 91 4074
64668 92 5387
64669 93 1586
64670 94 7443
64671 95 5081
64672 96 5300
64673 97 2632
64674 98 6058
64675 99 5594
64676 100 1807
64677 101 2430
64678 102 4242
64679 103 3913
64680 104 6875
64681 105 4558
64682 106 6089
64683 107 3728
64684 108 5298
64685 109 2808
64686 110 5628
64687 111 6446
64688 112 1846
64689 113 2189
64690 114 4084
64691 115 7381
64692 116 5108
64693 117 3558
64694 118 5864
64695 119 5127
64696 120 4826
64697 121 3593
64698 122 2617
64699 123 7375
64700 124 5008
64701 125 4399
64702 126 2163
64703 127 4919
64704 128 3212
64705 129 1650
64706 130 5352
64707 131 4073
64708 132 5934
64709 133 2508
64710 134 1988
64711 135 5376
64712 136 2003
64713 137 5792
64714 138 3079
64715 139 4034
64716 140 0
64717 141 1498
64718 142 2925
64719 143 2642
64720 144 2013
64721 145 7390
64722 146 7153
64723 147 2003
