2500
64577 1 5616
64578 2 2905
64579 3 5248
64580 4 5804
64581 5 6229
64582 6 6391
64583 7 0
64584 8 1442
64585 9 4966
64586 10 2216
64587 11 2055
64588 12 4483
64589 13 3655
64590 14 2467
64591 15 3834
64592 16 0
64593 17 4291
64594 18 2429
64595 19 4000
64596 20 2642
64597 21 4049
64598 22 2716
64599 23 4951
64600 24 4625
64601 25 5005
64602 26 5068
64603 27 1518
64604 28 9266
64605 29 2157
64606 30 6466
64607 31 5936
64608 32 6168
64609 33 6924
64610 34 3912
64611 35 1704
64612 36 2780
64613 37 5539
64614 38 6005
64615 39 2174
64616 40 1703
64617 41 7390
64618 42 2596
64619 43 4056
64620 44 3049
64621 45 5513
64622 46 9263
64623 47 3265
64624 48 9498
64625 49 1639
64626 50 3140
64627 51 2490
64628 52 2594
64629 53 2627
64630 54 5872
64631 55 0
64632 56 2449
64633 57 3676
64634 58 2293
64635 59 2436
64636 60 2353
64637 61 2195
64638 62 5030
64639 63 2395
64640 64 3624
64641 65 0
64642 66 3303
64643 67 4185
64644 68 4846
64645 69 4436
64646 70 6039
64647 71 5201
64648 72 1331
64649 73 8259
64650 74 2049
64651 75 6497
64652 76 5906
64653 77 2413
64654 78 7088
64655 79 4672
64656 80 3582
64657 81 4149
64658 82 0
64659 83 3202
64660 84 5250
64661 85 6465
64662 86 7093
64663 87 4401
64664 88 2703
64665 89 5640
64666 90 0
64667 91 3872
64668 92 4591
64669 93 4214
64670 94 3478
64671 95 8968
64672 96 2169
64673 97 3211
64674 98 4037
64675 99 2876
64676 100 2901
64677 101 2649
64678 102 4757
64679 103 7128
64680 104 3477
64681 105 4811
64682 106 6138
64683 107 7211
64684 108 5141
64685 109 4177
64686 110 4104
64687 111 1727
64688 112 6207
64689 113 4237
64690 114 6164
64691 115 2236
64692 116 3662
64693 117 4974
64694 118 2843
64695 119 3563
64696 120 4210
64697 121 5631
64698 122 4975
64699 123 6807
64700 124 3750
64701 125 5737
64702 126 5346
64703 127 6983
64704 128 4401
64705 129 3851
64706 130 5097
64707 131 0
64708 132 3600
64709 133 5014
64710 134 5363
64711 135 2061
64712 136 4659
64713 137 2542
64714 138 6450
64715 139 4673
64716 140 6085
64717 141 2003
