2500
64577 1 3273
64578 2 5807
64579 3 3672
64580 4 0
64581 5 2608
64582 6 2909
64583 7 5179
64584 8 5482
64585 9 8083
64586 10 2003
64587 11 3842
64588 12 4037
64589 13 2142
64590 14 4956
64591 15 6274
64592 16 3137
64593 17 2893
64594 18 1734
64595 19 4026
64596 20 5841
64597 21 7164
64598 22 2158
64599 23 5896
64600 24 3040
64601 25 6719
64602 26 3432
64603 27 2018
64604 28 3441
64605 29 4752
64606 30 5390
64607 31 8128
64608 32 3806
64609 33 5912
64610 34 4905
64611 35 6275
64612 36 4502
64613 37 3481
64614 38 5199
64615 39 3187
64616 40 3371
64617 41 2436
64618 42 4750
64619 43 4750
64620 44 7254
64621 45 2201
64622 46 2397
64623 47 5874
64624 48 3244
64625 49 4832
64626 50 2970
64627 51 1880
64628 52 6382
64629 53 4617
64630 54 1743
64631 55 4988
64632 56 2407
64633 57 3575
64634 58 2860
64635 59 5426
64636 60 2232
64637 61 2250
64638 62 2894
64639 63 2428
64640 64 2813
64641 65 3361
64642 66 3366
64643 67 3913
64644 68 3723
64645 69 1451
64646 70 4688
64647 71 2847
64648 72 2509
64649 73 3353
64650 74 2568
64651 75 6244
64652 76 2278
64653 77 1545
64654 78 2791
64655 79 2497
64656 80 2963
64657 81 3116
64658 82 2418
64659 83 2731
64660 84 4075
64661 85 4682
64662 86 3761
64663 87 6889
64664 88 2329
64665 89 3490
64666 90 4637
64667 91 3813
64668 92 2803
64669 93 0
64670 94 2961
64671 95 3608
64672 96 5742
64673 97 2845
64674 98 3807
64675 99 2757
64676 100 4943
64677 101 4770
64678 102 1665
64679 103 3020
64680 104 5158
64681 105 3527
64682 106 4891
64683 107 5600
64684 108 0
64685 109 2729
64686 110 2493
64687 111 8858
64688 112 3897
64689 113 2003
64690 114 2810
64691 115 1592
64692 116 6518
64693 117 2130
64694 118 5616
64695 119 5436
64696 120 2716
64697 121 5350
64698 122 0
64699 123 2305
64700 124 4115
64701 125 2897
64702 126 1572
64703 127 4104
64704 128 3655
64705 129 2260
64706 130 3279
64707 131 0
64708 132 3694
64709 133 4397
64710 134 3493
64711 135 2725
64712 136 6858
64713 137 3737
64714 138 1927
64715 139 5290
64716 140 2800
64717 141 5465
64718 142 4211
64719 143 2788
64720 144 7586
64721 145 2206
64722 146 3076
64723 147 3984
64724 148 2256
64725 149 1603
64726 150 3925
64727 151 5612
64728 152 2914
64729 153 2625
64730 154 1292
64731 155 4235
64732 156 3002
64733 157 5805
64734 158 2003
