2500
64336 3 81
64577 4 1206
64578 5 2702
64579 6 3643
64580 7 4083
64581 8 0
64582 9 2317
64583 10 5067
64584 11 5257
64585 12 5345
64586 13 2519
64587 14 1501
64588 15 2693
64589 16 2525
64590 17 0
64591 18 2392
64592 19 2696
64593 20 4679
64594 21 4575
64595 22 2301
64596 23 3524
64597 24 4967
64598 25 4034
64599 26 2590
64600 27 7079
64601 28 5218
64602 29 0
64603 30 2853
64604 31 6475
64605 32 2583
64606 33 3407
64607 34 4136
64608 35 3903
64609 36 4400
64610 37 4015
64611 38 2003
64612 39 2499
64613 40 5164
64614 41 2102
64615 42 5057
64616 43 5577
64617 44 0
64618 45 2434
64619 46 5024
64620 47 3871
64621 48 2175
64622 49 4808
64623 50 3289
64624 51 5846
64625 52 1758
64626 53 5971
64627 54 3514
64628 55 3596
64629 56 4306
64630 57 4368
64631 58 0
64632 59 5522
64633 60 6513
64634 61 2602
64635 62 3902
64636 63 0
64637 64 2609
64638 65 4495
64639 66 2705
64640 67 9153
64641 68 2166
64642 69 4937
64643 70 5708
64644 71 3511
64645 72 4714
64646 73 5023
64647 74 6904
64648 75 6126
64649 76 2168
64650 77 4687
64651 78 4001
64652 79 5674
64653 80 5161
64654 81 4041
64655 82 6621
64656 83 3477
64657 84 2457
64658 85 7416
64659 86 2238
64660 87 3219
64661 88 5832
64662 89 6558
64663 90 2661
64664 91 4371
64665 92 3023
64666 93 2650
64667 94 2734
64668 95 3306
64669 96 0
64670 97 2094
64671 98 3979
64672 99 2335
64673 100 3154
64674 101 5018
64675 102 2702
64676 103 3287
64677 104 7019
64678 105 2197
64679 106 3004
64680 107 1291
64681 108 4774
64682 109 2915
64683 110 2328
64684 111 4996
64685 112 2238
64686 113 4815
64687 114 2471
64688 115 5270
64689 116 2211
64690 117 2733
64691 118 4361
64692 119 2924
64693 120 2011
64694 121 2953
64695 122 6019
64696 123 2207
64697 124 3505
64698 125 5236
64699 126 5079
64700 127 6862
64701 128 1649
64702 129 5741
64703 130 4769
64704 131 6182
64705 132 2490
64706 133 4612
64707 134 2616
64708 135 5461
64709 136 5289
64710 137 7386
64711 138 2259
64712 139 3355
64713 140 4924
64714 141 2696
64715 142 4677
64716 143 3749
64717 144 4829
64718 145 2974
64719 146 2966
64720 147 6688
64721 148 6066
64722 149 3902
64723 150 4429
64724 151 6679
64725 152 3644
64726 153 2415
64727 154 9617
64728 155 2003
64858 156 1361
64859 157 1361
64860 158 1441
64861 159 1463
64862 160 1562
64863 161 1516
64864 162 1359
64865 163 1365
64866 164 979
64867 165 1029
64868 166 1196
64869 167 1194
64870 168 1329
64871 169 1381
64872 170 1292
64873 171 1306
64874 172 1535
64875 173 1541
64876 174 1355
64877 175 1355
64878 176 1530
64879 177 1537
64880 178 1348
64881 179 1382
64882 180 1368
64883 181 1362
64884 182 1139
64885 183 1153
64886 184 1638
64887 185 1665
64888 186 1665
64889 187 1672
