2500
64577 1 2910
64578 2 3154
64579 3 5883
64580 4 3946
64581 5 2588
64582 6 5228
64583 7 5485
64584 8 2748
64585 9 4882
64586 10 2017
64587 11 3208
64588 12 3386
64589 13 3019
64590 14 5300
64591 15 0
64592 16 3070
64593 17 3914
64594 18 6762
64595 19 2205
64596 20 3142
64597 21 4852
64598 22 6263
64599 23 5456
64600 24 8307
64601 25 4092
64602 26 5248
64603 27 0
64604 28 4233
64605 29 5113
64606 30 1576
64607 31 3737
64608 32 0
64609 33 4548
64610 34 7029
64611 35 3757
64612 36 4421
64613 37 0
64614 38 4185
64615 39 3862
64616 40 5536
64617 41 4193
64618 42 4938
64619 43 5630
64620 44 4005
64621 45 0
64622 46 3763
64623 47 5589
64624 48 4790
64625 49 2343
64626 50 3280
64627 51 2195
64628 52 5815
64629 53 6937
64630 54 3761
64631 55 4553
64632 56 3900
64633 57 2691
64634 58 2929
64635 59 5757
64636 60 2440
64637 61 3111
64638 62 1898
64639 63 4212
64640 64 3241
64641 65 0
64642 66 3520
64643 67 4153
64644 68 6040
64645 69 3652
64646 70 2628
64647 71 2681
64648 72 1425
64649 73 4236
64650 74 6857
64651 75 2187
64652 76 3614
64653 77 3705
64654 78 1626
64655 79 5428
64656 80 2564
64657 81 3464
64658 82 4967
64659 83 5518
64660 84 2805
64661 85 4484
64662 86 6081
64663 87 0
64664 88 3457
64665 89 3419
64666 90 6645
64667 91 2468
64668 92 2311
64669 93 2007
64670 94 3309
64671 95 0
64672 96 2688
64673 97 4081
64674 98 2288
64675 99 2639
64676 100 0
64677 101 4016
64678 102 7213
64679 103 0
64680 104 5019
64681 105 7335
64682 106 10478
64683 107 2115
64684 108 3260
64685 109 4769
64686 110 2256
64687 111 4540
64688 112 4163
64689 113 3589
64690 114 494
64691 115 3175
64692 116 3476
64693 117 4383
64694 118 3781
64695 119 2953
64696 120 2643
64697 121 3514
64698 122 2542
64699 123 5226
64700 124 1908
64701 125 3548
64702 126 4864
64703 127 6293
64704 128 0
64705 129 4230
64706 130 2732
64707 131 2556
64708 132 3051
64709 133 5977
64710 134 4802
64711 135 4869
64712 136 4230
64713 137 1455
64714 138 6756
64715 139 2107
64716 140 3632
64717 141 4660
64718 142 2632
64719 143 5762
64720 144 4051
64721 145 3927
64722 146 3848
64723 147 0
64724 148 2737
64725 149 3051
64726 150 2267
64727 151 4857
64728 152 3125
64729 153 6034
64730 154 2735
64731 155 5737
64732 156 6215
64733 157 2003
