2500
64577 1 3211
64578 2 6543
64579 3 7391
64580 4 4758
64581 5 7165
64582 6 2086
64583 7 4323
64584 8 3364
64585 9 2069
64586 10 3103
64587 11 4638
64588 12 3546
64589 13 4110
64590 14 6663
64591 15 8176
64592 16 2173
64593 17 4388
64594 18 5252
64595 19 5460
64596 20 3357
64597 21 6717
64598 22 2315
64599 23 3184
64600 24 3773
64601 25 4404
64602 26 4572
64603 27 3714
64604 28 3053
64605 29 2632
64606 30 4011
64607 31 3335
64608 32 2856
64609 33 2955
64610 34 5233
64611 35 2486
64612 36 4410
64613 37 4247
64614 38 3038
64615 39 5498
64616 40 1613
64617 41 3996
64618 42 5458
64619 43 1785
64620 44 5895
64621 45 1938
64622 46 3173
64623 47 6042
64624 48 2108
64625 49 3339
64626 50 2482
64627 51 5096
64628 52 2154
64629 53 4506
64630 54 7724
64631 55 2181
64632 56 3456
64633 57 5998
64634 58 2512
64635 59 4009
64636 60 2100
64637 61 5229
64638 62 2815
64639 63 5359
64640 64 0
64641 65 5059
64642 66 4350
64643 67 6909
64644 68 2216
64645 69 3676
64646 70 8408
64647 71 3051
64648 72 4998
64649 73 4531
64650 74 2110
64651 75 7998
64652 76 2134
64653 77 3847
64654 78 3754
64655 79 0
64656 80 5148
64657 81 5462
64658 82 6618
64659 83 0
64660 84 1104
64661 85 3421
64662 86 5979
64663 87 3371
64664 88 1803
64665 89 2970
64666 90 5155
64667 91 3016
64668 92 2001
64669 93 4528
64670 94 2873
64671 95 0
64672 96 4151
64673 97 6070
64674 98 2536
64675 99 3489
64676 100 0
64677 101 4276
64678 102 4959
64679 103 2891
64680 104 3246
64681 105 4695
64682 106 2163
64683 107 1470
64684 108 4331
64685 109 4236
64686 110 6096
64687 111 3589
64688 112 4583
64689 113 2442
64690 114 2133
64691 115 2775
64692 116 3821
64693 117 0
64694 118 6501
64695 119 5614
64696 120 2176
64697 121 4962
64698 122 2313
64699 123 5348
64700 124 3238
64701 125 0
64702 126 2789
64703 127 3612
64704 128 3252
64705 129 6521
64706 130 0
64707 131 4138
64708 132 4433
64709 133 2954
64710 134 6401
64711 135 2221
64712 136 3345
64713 137 4683
64714 138 5174
64715 139 2458
64716 140 2448
64717 141 1828
64718 142 4814
64719 143 5613
64720 144 4409
64721 145 5198
64722 146 7706
64723 147 0
64724 148 2449
64725 149 4293
64726 150 2659
64727 151 10255
64728 152 2003
