2500
64336 3 81
64577 4 2700
64578 5 3933
64579 6 2719
64580 7 2082
64581 8 4203
64582 9 2652
64583 10 2339
64584 11 5283
64585 12 5095
64586 13 4893
64587 14 3099
64588 15 2544
64589 16 8316
64590 17 2211
64591 18 3281
64592 19 7969
64593 20 3607
64594 21 6411
64595 22 4670
64596 23 0
64597 24 2700
64598 25 8815
64599 26 2174
64600 27 5647
64601 28 2097
64602 29 6490
64603 30 2147
64604 31 3835
64605 32 4907
64606 33 4232
64607 34 2673
64608 35 3026
64609 36 3404
64610 37 3714
64611 38 1733
64612 39 6066
64613 40 1901
64614 41 5708
64615 42 0
64616 43 3044
64617 44 3061
64618 45 5278
64619 46 3308
64620 47 3809
64621 48 2115
64622 49 2303
64623 50 1313
64624 51 3882
64625 52 2609
64626 53 2020
64627 54 0
64628 55 2746
64629 56 3266
64630 57 6200
64631 58 2061
64632 59 5297
64633 60 2790
64634 61 6813
64635 62 4752
64636 63 4450
64637 64 3771
64638 65 4338
64639 66 4598
64640 67 2765
64641 68 5573
64642 69 2350
64643 70 2912
64644 71 4768
64645 72 2746
64646 73 4468
64647 74 5489
64648 75 7714
64649 76 2218
64650 77 4450
64651 78 5412
64652 79 2938
64653 80 4644
64654 81 3561
64655 82 4411
64656 83 3404
64657 84 4425
64658 85 3229
64659 86 0
64660 87 2755
64661 88 7072
64662 89 2228
64663 90 2532
64664 91 2275
64665 92 4915
64666 93 5277
64667 94 9062
64668 95 2841
64669 96 0
64670 97 4290
64671 98 5037
64672 99 0
64673 100 5108
64674 101 3068
64675 102 1867
64676 103 5702
64677 104 3642
64678 105 4333
64679 106 0
64680 107 3048
64681 108 2473
64682 109 5174
64683 110 7909
64684 111 2346
64685 112 3966
64686 113 4986
64687 114 4576
64688 115 7243
64689 116 2420
64690 117 5893
64691 118 6678
64692 119 4755
64693 120 4128
64694 121 6083
64695 122 3204
64696 123 8096
64697 124 2273
64698 125 3099
64699 126 4094
64700 127 4496
64701 128 5894
64702 129 5330
64703 130 3445
64704 131 6346
64705 132 4110
64706 133 1604
64707 134 6367
64708 135 2352
64709 136 9567
64710 137 2103
64711 138 2430
64712 139 4269
64713 140 7145
64714 141 2696
64715 142 5467
64716 143 2702
64717 144 3102
64718 145 6077
64719 146 4223
64720 147 3170
64721 148 1793
64722 149 1771
64723 150 8495
64724 151 2003
64858 152 1361
64859 153 1361
64860 154 1441
64861 155 1463
64862 156 1562
64863 157 1516
64864 158 1359
64865 159 1365
64866 160 979
64867 161 1029
64868 162 1196
64869 163 1194
64870 164 1329
64871 165 1381
64872 166 1292
64873 167 1306
64874 168 1535
64875 169 1541
64876 170 1355
64877 171 1355
64878 172 1530
64879 173 1537
64880 174 1348
64881 175 1382
64882 176 1368
64883 177 1362
64884 178 1139
64885 179 1153
64886 180 1638
64887 181 1665
64888 182 1665
64889 183 1672
