2500
64336 3 81
64577 4 4024
64578 5 5698
64579 6 7671
64580 7 2535
64581 8 5801
64582 9 5028
64583 10 2448
64584 11 5768
64585 12 2796
64586 13 3914
64587 14 2836
64588 15 0
64589 16 3923
64590 17 1632
64591 18 5411
64592 19 4131
64593 20 3794
64594 21 2845
64595 22 2886
64596 23 4679
64597 24 11218
64598 25 2229
64599 26 3433
64600 27 4918
64601 28 4097
64602 29 3492
64603 30 4467
64604 31 5358
64605 32 4783
64606 33 5419
64607 34 5154
64608 35 4745
64609 36 7158
64610 37 5119
64611 38 3862
64612 39 2145
64613 40 7462
64614 41 7247
64615 42 4167
64616 43 0
64617 44 2518
64618 45 2730
64619 46 5013
64620 47 9471
64621 48 2155
64622 49 2644
64623 50 3416
64624 51 5388
64625 52 1648
64626 53 5161
64627 54 6748
64628 55 5410
64629 56 2227
64630 57 4222
64631 58 8115
64632 59 2229
64633 60 3464
64634 61 4329
64635 62 4080
64636 63 6021
64637 64 0
64638 65 3126
64639 66 1467
64640 67 5570
64641 68 4765
64642 69 3241
64643 70 0
64644 71 1958
64645 72 3642
64646 73 3147
64647 74 4557
64648 75 0
64649 76 3726
64650 77 2264
64651 78 3147
64652 79 5331
64653 80 2863
64654 81 2989
64655 82 1522
64656 83 5161
64657 84 3402
64658 85 10653
64659 86 2309
64660 87 4086
64661 88 4759
64662 89 3575
64663 90 5464
64664 91 2713
64665 92 4538
64666 93 3044
64667 94 4968
64668 95 6975
64669 96 2324
64670 97 3418
64671 98 1466
64672 99 4051
64673 100 7435
64674 101 4239
64675 102 0
64676 103 4371
64677 104 3059
64678 105 6033
64679 106 0
64680 107 3113
64681 108 3875
64682 109 6707
64683 110 2093
64684 111 6477
64685 112 7634
64686 113 3406
64687 114 5096
64688 115 2903
64689 116 4856
64690 117 2392
64691 118 3773
64692 119 5431
64693 120 6231
64694 121 9461
64695 122 7450
64696 123 2206
64697 124 3269
64698 125 5002
64699 126 5466
64700 127 3868
64701 128 5138
64702 129 4572
64703 130 4850
64704 131 3496
64705 132 6688
64706 133 0
64707 134 3029
64708 135 1628
64709 136 7176
64710 137 2278
64711 138 3781
64712 139 3911
64713 140 4969
64714 141 2846
64715 142 6371
64716 143 5809
64717 144 2003
64858 145 1361
64859 146 1361
64860 147 1441
64861 148 1463
64862 149 1562
64863 150 1516
64864 151 1359
64865 152 1365
64866 153 979
64867 154 1029
64868 155 1196
64869 156 1194
64870 157 1329
64871 158 1381
64872 159 1292
64873 160 1306
64874 161 1535
64875 162 1541
64876 163 1355
64877 164 1355
64878 165 1530
64879 166 1537
64880 167 1348
64881 168 1382
64882 169 1368
64883 170 1362
64884 171 1139
64885 172 1153
64886 173 1638
64887 174 1665
64888 175 1665
64889 176 1672
