2500
64577 1 3574
64578 2 2039
64579 3 3689
64580 4 5532
64581 5 4725
64582 6 2882
64583 7 5710
64584 8 4057
64585 9 4333
64586 10 0
64587 11 2272
64588 12 2198
64589 13 2770
64590 14 5232
64591 15 2857
64592 16 3584
64593 17 3859
64594 18 2975
64595 19 1741
64596 20 1657
64597 21 6428
64598 22 2213
64599 23 3125
64600 24 4558
64601 25 6141
64602 26 2309
64603 27 4325
64604 28 1841
64605 29 2880
64606 30 6899
64607 31 2445
64608 32 2927
64609 33 4410
64610 34 6262
64611 35 5572
64612 36 2478
64613 37 0
64614 38 3657
64615 39 2353
64616 40 6314
64617 41 6598
64618 42 2276
64619 43 3086
64620 44 4994
64621 45 2538
64622 46 6045
64623 47 3918
64624 48 3899
64625 49 3917
64626 50 3901
64627 51 5389
64628 52 4066
64629 53 2621
64630 54 3292
64631 55 2860
64632 56 5704
64633 57 2108
64634 58 4091
64635 59 4209
64636 60 2562
64637 61 6078
64638 62 5565
64639 63 2233
64640 64 4922
64641 65 0
64642 66 3474
64643 67 4584
64644 68 3497
64645 69 4816
64646 70 4076
64647 71 2259
64648 72 2762
64649 73 1532
64650 74 4538
64651 75 2614
64652 76 3284
64653 77 0
64654 78 2856
64655 79 4503
64656 80 1718
64657 81 2097
64658 82 5858
64659 83 2333
64660 84 5973
64661 85 4339
64662 86 3267
64663 87 2372
64664 88 4460
64665 89 2523
64666 90 3117
64667 91 1892
64668 92 2566
64669 93 6286
64670 94 3930
64671 95 3559
64672 96 5969
64673 97 0
64674 98 2017
64675 99 2944
64676 100 4762
64677 101 2660
64678 102 3851
64679 103 0
64680 104 3584
64681 105 2107
64682 106 5645
64683 107 6477
64684 108 2220
64685 109 1308
64686 110 2813
64687 111 2169
64688 112 6018
64689 113 2301
64690 114 5152
64691 115 7427
64692 116 2637
64693 117 5820
64694 118 7178
64695 119 0
64696 120 3617
64697 121 7424
64698 122 6848
64699 123 3017
64700 124 3847
64701 125 3229
64702 126 5068
64703 127 5774
64704 128 0
64705 129 4496
64706 130 5765
64707 131 6848
64708 132 9786
64709 133 2258
64710 134 3535
64711 135 2696
64712 136 3319
64713 137 5450
64714 138 4753
64715 139 4265
64716 140 0
64717 141 2656
64718 142 6045
64719 143 4434
64720 144 1770
64721 145 4692
64722 146 5186
64723 147 2770
64724 148 6073
64725 149 2204
64726 150 2732
64727 151 4902
64728 152 4985
64729 153 2191
64730 154 5490
64731 155 6119
64732 156 2003
