2500
64577 1 2668
64578 2 5603
64579 3 4076
64580 4 2552
64581 5 2944
64582 6 0
64583 7 2506
64584 8 2246
64585 9 2613
64586 10 5117
64587 11 8425
64588 12 2312
64589 13 6556
64590 14 2503
64591 15 3776
64592 16 1767
64593 17 7584
64594 18 6466
64595 19 4654
64596 20 3182
64597 21 3356
64598 22 3705
64599 23 8521
64600 24 2180
64601 25 2435
64602 26 4239
64603 27 8558
64604 28 3764
64605 29 2282
64606 30 3490
64607 31 7587
64608 32 2244
64609 33 5527
64610 34 2157
64611 35 5542
64612 36 5635
64613 37 2412
64614 38 4316
64615 39 2984
64616 40 1493
64617 41 5521
64618 42 6679
64619 43 4500
64620 44 3803
64621 45 1620
64622 46 8245
64623 47 2220
64624 48 1963
64625 49 4702
64626 50 5174
64627 51 3998
64628 52 3785
64629 53 2989
64630 54 0
64631 55 2776
64632 56 5969
64633 57 2064
64634 58 3106
64635 59 4042
64636 60 0
64637 61 6967
64638 62 2928
64639 63 2838
64640 64 1824
64641 65 2651
64642 66 9763
64643 67 2194
64644 68 3088
64645 69 4463
64646 70 2114
64647 71 3742
64648 72 2755
64649 73 5359
64650 74 3748
64651 75 4572
64652 76 2750
64653 77 3345
64654 78 4484
64655 79 0
64656 80 2548
64657 81 5569
64658 82 1776
64659 83 5772
64660 84 5754
64661 85 6268
64662 86 4956
64663 87 6082
64664 88 5747
64665 89 2277
64666 90 5186
64667 91 0
64668 92 4268
64669 93 5913
64670 94 3795
64671 95 4570
64672 96 4380
64673 97 0
64674 98 3127
64675 99 5541
64676 100 2003
64677 101 3314
64678 102 2318
64679 103 7256
64680 104 5522
64681 105 5599
64682 106 4761
64683 107 3021
64684 108 7064
64685 109 5789
64686 110 4411
64687 111 4340
64688 112 2542
64689 113 3863
64690 114 0
64691 115 2462
64692 116 3315
64693 117 4657
64694 118 2770
64695 119 4455
64696 120 8174
64697 121 2516
64698 122 2837
64699 123 5818
64700 124 2018
64701 125 6051
64702 126 3058
64703 127 3692
64704 128 4816
64705 129 0
64706 130 1092
64707 131 3394
64708 132 5185
64709 133 5093
64710 134 6978
64711 135 5794
64712 136 4118
64713 137 2775
64714 138 4343
64715 139 6663
64716 140 5516
64717 141 3996
64718 142 5429
64719 143 5581
64720 144 3634
64721 145 6076
64722 146 2003
