2500
64577 1 3751
64578 2 0
64579 3 3426
64580 4 4396
64581 5 5984
64582 6 0
64583 7 5056
64584 8 2483
64585 9 3761
64586 10 2284
64587 11 3260
64588 12 4028
64589 13 4211
64590 14 4882
64591 15 4589
64592 16 1351
64593 17 5337
64594 18 2119
64595 19 2483
64596 20 4384
64597 21 2922
64598 22 6761
64599 23 3046
64600 24 3401
64601 25 4600
64602 26 0
64603 27 1426
64604 28 5127
64605 29 2407
64606 30 5136
64607 31 0
64608 32 4002
64609 33 5668
64610 34 4619
64611 35 0
64612 36 2439
64613 37 4229
64614 38 4063
64615 39 4996
64616 40 0
64617 41 3021
64618 42 3793
64619 43 4971
64620 44 5572
64621 45 6351
64622 46 3888
64623 47 3960
64624 48 5027
64625 49 2075
64626 50 2597
64627 51 4225
64628 52 1990
64629 53 5349
64630 54 4182
64631 55 2474
64632 56 3301
64633 57 4344
64634 58 0
64635 59 2189
64636 60 2542
64637 61 5558
64638 62 3845
64639 63 2774
64640 64 4867
64641 65 4597
64642 66 0
64643 67 3974
64644 68 3892
64645 69 4434
64646 70 0
64647 71 2157
64648 72 2101
64649 73 3295
64650 74 4457
64651 75 3992
64652 76 7483
64653 77 2249
64654 78 2749
64655 79 5904
64656 80 3493
64657 81 7539
64658 82 5322
64659 83 2590
64660 84 4809
64661 85 4382
64662 86 5388
64663 87 5192
64664 88 3318
64665 89 5569
64666 90 4379
64667 91 3386
64668 92 3848
64669 93 6186
64670 94 5086
64671 95 2454
64672 96 4337
64673 97 1621
64674 98 6557
64675 99 0
64676 100 2100
64677 101 1976
64678 102 3295
64679 103 4624
64680 104 3431
64681 105 5234
64682 106 2068
64683 107 1131
64684 108 2578
64685 109 4695
64686 110 5545
64687 111 4930
64688 112 2962
64689 113 5275
64690 114 3597
64691 115 3214
64692 116 3211
64693 117 4228
64694 118 5681
64695 119 0
64696 120 5684
64697 121 4374
64698 122 7109
64699 123 6282
64700 124 0
64701 125 8284
64702 126 5434
64703 127 1717
64704 128 6802
64705 129 0
64706 130 6632
64707 131 6169
64708 132 3578
64709 133 0
64710 134 2743
64711 135 3464
64712 136 7767
64713 137 2003
