2500
64577 1 2203
64578 2 1759
64579 3 3561
64580 4 7401
64581 5 6325
64582 6 6942
64583 7 4664
64584 8 6308
64585 9 5358
64586 10 2947
64587 11 3999
64588 12 1636
64589 13 4642
64590 14 2580
64591 15 3761
64592 16 5084
64593 17 3042
64594 18 3193
64595 19 2660
64596 20 2132
64597 21 6249
64598 22 2306
64599 23 2782
64600 24 5012
64601 25 1960
64602 26 5448
64603 27 2854
64604 28 4263
64605 29 3092
64606 30 2778
64607 31 2292
64608 32 4803
64609 33 4366
64610 34 7275
64611 35 4899
64612 36 7408
64613 37 5544
64614 38 2114
64615 39 5949
64616 40 6208
64617 41 4577
64618 42 3693
64619 43 7655
64620 44 2180
64621 45 3075
64622 46 5498
64623 47 2095
64624 48 4717
64625 49 2366
64626 50 3483
64627 51 2641
64628 52 4743
64629 53 6142
64630 54 4749
64631 55 2842
64632 56 0
64633 57 4608
64634 58 5277
64635 59 3950
64636 60 2941
64637 61 2618
64638 62 0
64639 63 2242
64640 64 3822
64641 65 5367
64642 66 4968
64643 67 1890
64644 68 6017
64645 69 6545
64646 70 1861
64647 71 4203
64648 72 2409
64649 73 4999
64650 74 2942
64651 75 2841
64652 76 5304
64653 77 5842
64654 78 2003
64655 79 2177
64656 80 3302
64657 81 5142
64658 82 4786
64659 83 2405
64660 84 5043
64661 85 5472
64662 86 3942
64663 87 6841
64664 88 7125
64665 89 3822
64666 90 7747
64667 91 2263
64668 92 3442
64669 93 5175
64670 94 5199
64671 95 1818
64672 96 1960
64673 97 1821
64674 98 5171
64675 99 4322
64676 100 3399
64677 101 3004
64678 102 4408
64679 103 2795
64680 104 0
64681 105 6809
64682 106 4712
64683 107 2514
64684 108 6111
64685 109 6254
64686 110 4923
64687 111 0
64688 112 2775
64689 113 2570
64690 114 6487
64691 115 2357
64692 116 5165
64693 117 2003
64694 118 4132
64695 119 4607
64696 120 4911
64697 121 2753
64698 122 1758
64699 123 5268
64700 124 4538
64701 125 4216
64702 126 2425
64703 127 4707
64704 128 5989
64705 129 6567
64706 130 0
64707 131 3427
64708 132 4325
64709 133 3314
64710 134 3886
64711 135 1790
64712 136 3342
64713 137 6318
64714 138 5398
64715 139 7925
64716 140 2892
64717 141 4666
64718 142 2401
64719 143 2955
64720 144 1681
64721 145 1613
64722 146 7730
64723 147 2003
