2500
64577 1 10960
64578 2 7020
64579 3 3335
64580 4 7325
64581 5 2865
64582 6 4866
64583 7 2315
64584 8 4754
64585 9 6561
64586 10 0
64587 11 3082
64588 12 3415
64589 13 2709
64590 14 4732
64591 15 5042
64592 16 2744
64593 17 5817
64594 18 0
64595 19 3019
64596 20 3659
64597 21 5668
64598 22 6080
64599 23 2173
64600 24 5275
64601 25 5157
64602 26 4899
64603 27 3088
64604 28 3587
64605 29 4090
64606 30 4055
64607 31 2706
64608 32 3541
64609 33 0
64610 34 3882
64611 35 3139
64612 36 5159
64613 37 0
64614 38 6060
64615 39 2289
64616 40 3682
64617 41 2260
64618 42 2848
64619 43 3730
64620 44 1477
64621 45 4482
64622 46 5458
64623 47 2814
64624 48 2441
64625 49 3787
64626 50 5562
64627 51 2612
64628 52 4373
64629 53 0
64630 54 5816
64631 55 3866
64632 56 4701
64633 57 6914
64634 58 2241
64635 59 3530
64636 60 4731
64637 61 7828
64638 62 7653
64639 63 6596
64640 64 2301
64641 65 4127
64642 66 6650
64643 67 3564
64644 68 3134
64645 69 4545
64646 70 3163
64647 71 3704
64648 72 2502
64649 73 2193
64650 74 2215
64651 75 6699
64652 76 3982
64653 77 5971
64654 78 6352
64655 79 2401
64656 80 2526
64657 81 7088
64658 82 2569
64659 83 3750
64660 84 4509
64661 85 3560
64662 86 6030
64663 87 8337
64664 88 2662
64665 89 2685
64666 90 2524
64667 91 0
64668 92 2232
64669 93 2630
64670 94 1119
64671 95 3458
64672 96 1369
64673 97 3923
64674 98 3149
64675 99 4953
64676 100 1570
64677 101 8010
64678 102 0
64679 103 3371
64680 104 3003
64681 105 2657
64682 106 4617
64683 107 4120
64684 108 2399
64685 109 3007
64686 110 2587
64687 111 0
64688 112 3127
64689 113 2881
64690 114 2664
64691 115 4756
64692 116 2259
64693 117 3136
64694 118 2266
64695 119 1992
64696 120 3963
64697 121 6728
64698 122 4182
64699 123 3755
64700 124 5572
64701 125 5419
64702 126 6814
64703 127 4960
64704 128 2153
64705 129 5672
64706 130 3395
64707 131 5194
64708 132 8307
64709 133 2351
64710 134 6517
64711 135 5166
64712 136 6947
64713 137 6382
64714 138 3045
64715 139 2430
64716 140 4438
64717 141 3632
64718 142 5659
64719 143 3079
64720 144 2986
64721 145 3425
64722 146 5412
64723 147 5856
64724 148 2003
