2500
64577 1 1930
64578 2 3515
64579 3 3298
64580 4 0
64581 5 4254
64582 6 4593
64583 7 2328
64584 8 3692
64585 9 1173
64586 10 6801
64587 11 2081
64588 12 3278
64589 13 2080
64590 14 4373
64591 15 3764
64592 16 2348
64593 17 3283
64594 18 3664
64595 19 1989
64596 20 2357
64597 21 1919
64598 22 4869
64599 23 0
64600 24 2281
64601 25 2876
64602 26 5654
64603 27 2269
64604 28 1884
64605 29 4594
64606 30 2203
64607 31 3021
64608 32 0
64609 33 4824
64610 34 0
64611 35 2241
64612 36 1814
64613 37 7027
64614 38 5914
64615 39 3351
64616 40 3628
64617 41 5753
64618 42 5071
64619 43 6758
64620 44 1315
64621 45 2148
64622 46 2132
64623 47 2356
64624 48 2797
64625 49 7071
64626 50 6018
64627 51 1973
64628 52 2785
64629 53 0
64630 54 2081
64631 55 5904
64632 56 2483
64633 57 4420
64634 58 4456
64635 59 1498
64636 60 7268
64637 61 6673
64638 62 2988
64639 63 2063
64640 64 3013
64641 65 0
64642 66 1704
64643 67 2315
64644 68 4844
64645 69 5838
64646 70 5677
64647 71 1365
64648 72 2459
64649 73 4603
64650 74 6158
64651 75 4083
64652 76 0
64653 77 1279
64654 78 3805
64655 79 2353
64656 80 3685
64657 81 3320
64658 82 5115
64659 83 4364
64660 84 4084
64661 85 4337
64662 86 0
64663 87 1946
64664 88 2567
64665 89 2920
64666 90 2209
64667 91 3585
64668 92 2831
64669 93 4711
64670 94 4817
64671 95 2155
64672 96 2762
64673 97 2172
64674 98 5136
64675 99 2349
64676 100 5030
64677 101 3545
64678 102 5635
64679 103 5152
64680 104 4619
64681 105 2690
64682 106 2554
64683 107 0
64684 108 3524
64685 109 5594
64686 110 3607
64687 111 1666
64688 112 3432
64689 113 4378
64690 114 4540
64691 115 1472
64692 116 3304
64693 117 3192
64694 118 4368
64695 119 0
64696 120 4681
64697 121 5029
64698 122 2823
64699 123 3329
64700 124 5772
64701 125 0
64702 126 2843
64703 127 4376
64704 128 6019
64705 129 4333
64706 130 0
64707 131 3106
64708 132 1367
64709 133 3370
64710 134 5108
64711 135 5664
64712 136 1885
64713 137 4953
64714 138 0
64715 139 5550
64716 140 5087
64717 141 2552
64718 142 6242
64719 143 1965
64720 144 3983
64721 145 6596
64722 146 4544
64723 147 4588
64724 148 0
64725 149 4207
64726 150 1166
64727 151 6097
64728 152 2241
64729 153 1350
64730 154 1826
64731 155 2785
64732 156 1218
64733 157 1832
64734 158 5186
64735 159 4193
64736 160 5373
64737 161 4304
64738 162 5928
64739 163 2549
64740 164 0
64741 165 4979
64742 166 3161
64743 167 3247
64744 168 6346
64745 169 5980
64746 170 4794
64747 171 0
64748 172 4188
64749 173 4661
64750 174 2003
