2500
64577 1 1445
64578 2 3182
64579 3 3013
64580 4 2732
64581 5 2443
64582 6 3733
64583 7 2233
64584 8 2980
64585 9 2578
64586 10 2878
64587 11 1867
64588 12 3040
64589 13 0
64590 14 2568
64591 15 4006
64592 16 3096
64593 17 6287
64594 18 2288
64595 19 3751
64596 20 4020
64597 21 4406
64598 22 2515
64599 23 2107
64600 24 5421
64601 25 4687
64602 26 2267
64603 27 4626
64604 28 5650
64605 29 1883
64606 30 2116
64607 31 2665
64608 32 2966
64609 33 1778
64610 34 4991
64611 35 6052
64612 36 4151
64613 37 6292
64614 38 3406
64615 39 6480
64616 40 2276
64617 41 4505
64618 42 4827
64619 43 4146
64620 44 3306
64621 45 3921
64622 46 4876
64623 47 5603
64624 48 5135
64625 49 2967
64626 50 5598
64627 51 3300
64628 52 5903
64629 53 5644
64630 54 5714
64631 55 5235
64632 56 4864
64633 57 2420
64634 58 3631
64635 59 3613
64636 60 2146
64637 61 3650
64638 62 3239
64639 63 4842
64640 64 2894
64641 65 4026
64642 66 2134
64643 67 5139
64644 68 6635
64645 69 6533
64646 70 0
64647 71 6755
64648 72 4710
64649 73 3883
64650 74 1430
64651 75 2377
64652 76 3005
64653 77 2306
64654 78 3000
64655 79 3905
64656 80 2278
64657 81 4791
64658 82 0
64659 83 3277
64660 84 3266
64661 85 3988
64662 86 2003
64663 87 4542
64664 88 7549
64665 89 3944
64666 90 2753
64667 91 2617
64668 92 3139
64669 93 5538
64670 94 8487
64671 95 1747
64672 96 1998
64673 97 2412
64674 98 2737
64675 99 1749
64676 100 5160
64677 101 8080
64678 102 1926
64679 103 5454
64680 104 4742
64681 105 2958
64682 106 5134
64683 107 4413
64684 108 3365
64685 109 4151
64686 110 2127
64687 111 2781
64688 112 5180
64689 113 4586
64690 114 3523
64691 115 3757
64692 116 5052
64693 117 0
64694 118 5052
64695 119 5178
64696 120 4317
64697 121 2459
64698 122 4348
64699 123 4061
64700 124 1664
64701 125 4655
64702 126 2143
64703 127 3126
64704 128 2431
64705 129 4644
64706 130 3180
64707 131 4981
64708 132 3257
64709 133 2968
64710 134 3705
64711 135 3435
64712 136 2536
64713 137 3138
64714 138 0
64715 139 1790
64716 140 2143
64717 141 2524
64718 142 3544
64719 143 2179
64720 144 3450
64721 145 5635
64722 146 3497
64723 147 2378
64724 148 3377
64725 149 2066
64726 150 4191
64727 151 4301
64728 152 5913
64729 153 5038
64730 154 3302
64731 155 2822
64732 156 0
64733 157 1826
64734 158 3615
64735 159 2937
64736 160 5778
64737 161 5641
64738 162 2003
