2500
64577 1 3896
64578 2 4434
64579 3 5024
64580 4 7675
64581 5 3941
64582 6 3265
64583 7 5275
64584 8 3706
64585 9 2003
64586 10 7003
64587 11 6450
64588 12 2010
64589 13 2863
64590 14 1624
64591 15 3850
64592 16 2449
64593 17 4082
64594 18 3004
64595 19 5393
64596 20 4733
64597 21 4234
64598 22 4905
64599 23 4311
64600 24 2949
64601 25 6200
64602 26 5402
64603 27 0
64604 28 1761
64605 29 2095
64606 30 2259
64607 31 1329
64608 32 2362
64609 33 2499
64610 34 2066
64611 35 3994
64612 36 7343
64613 37 4425
64614 38 4757
64615 39 2147
64616 40 2128
64617 41 1836
64618 42 3898
64619 43 5135
64620 44 2089
64621 45 5143
64622 46 1436
64623 47 5004
64624 48 2022
64625 49 5800
64626 50 1285
64627 51 4792
64628 52 1659
64629 53 4276
64630 54 0
64631 55 1863
64632 56 2295
64633 57 4016
64634 58 4750
64635 59 0
64636 60 3245
64637 61 4915
64638 62 5606
64639 63 4615
64640 64 1929
64641 65 1654
64642 66 3751
64643 67 2822
64644 68 4959
64645 69 5014
64646 70 4668
64647 71 0
64648 72 2369
64649 73 4036
64650 74 3209
64651 75 4786
64652 76 6969
64653 77 2783
64654 78 4859
64655 79 5325
64656 80 1437
64657 81 3587
64658 82 3741
64659 83 2881
64660 84 5078
64661 85 3428
64662 86 2834
64663 87 2807
64664 88 2510
64665 89 0
64666 90 2331
64667 91 2748
64668 92 1649
64669 93 4917
64670 94 6010
64671 95 2205
64672 96 4116
64673 97 6412
64674 98 3981
64675 99 2000
64676 100 3955
64677 101 5552
64678 102 4405
64679 103 7041
64680 104 2388
64681 105 6936
64682 106 0
64683 107 4516
64684 108 4087
64685 109 5129
64686 110 2367
64687 111 4039
64688 112 2171
64689 113 3290
64690 114 2090
64691 115 2595
64692 116 3745
64693 117 1798
64694 118 5991
64695 119 0
64696 120 5680
64697 121 2556
64698 122 6566
64699 123 2027
64700 124 5294
64701 125 0
64702 126 1658
64703 127 5373
64704 128 2804
64705 129 1262
64706 130 3402
64707 131 1608
64708 132 5028
64709 133 1706
64710 134 4150
64711 135 2477
64712 136 4491
64713 137 0
64714 138 2105
64715 139 2793
64716 140 4145
64717 141 6722
64718 142 4808
64719 143 5168
64720 144 2340
64721 145 5756
64722 146 0
64723 147 3190
64724 148 4647
64725 149 2867
64726 150 1824
64727 151 1721
64728 152 2214
64729 153 2625
64730 154 2195
64731 155 2258
64732 156 3975
64733 157 1753
64734 158 4064
64735 159 4297
64736 160 0
64737 161 6191
64738 162 5659
64739 163 3622
64740 164 0
64741 165 2775
64742 166 3024
64743 167 2381
64744 168 2858
64745 169 2398
64746 170 3572
64747 171 2003
