2500
64577 1 1364
64578 2 3507
64579 3 4330
64580 4 3024
64581 5 3217
64582 6 6324
64583 7 0
64584 8 4160
64585 9 2388
64586 10 4196
64587 11 6132
64588 12 0
64589 13 6462
64590 14 4268
64591 15 5167
64592 16 0
64593 17 4545
64594 18 4175
64595 19 4340
64596 20 4509
64597 21 0
64598 22 5111
64599 23 8541
64600 24 4377
64601 25 2262
64602 26 5037
64603 27 6103
64604 28 6180
64605 29 6251
64606 30 3224
64607 31 2866
64608 32 4441
64609 33 0
64610 34 3375
64611 35 7737
64612 36 2300
64613 37 4238
64614 38 5722
64615 39 0
64616 40 2131
64617 41 3363
64618 42 4244
64619 43 2016
64620 44 3719
64621 45 2735
64622 46 2861
64623 47 3908
64624 48 2190
64625 49 0
64626 50 3567
64627 51 3875
64628 52 4906
64629 53 4522
64630 54 2189
64631 55 5522
64632 56 4919
64633 57 4636
64634 58 4853
64635 59 0
64636 60 3534
64637 61 5179
64638 62 5656
64639 63 2490
64640 64 1391
64641 65 4110
64642 66 2254
64643 67 3732
64644 68 1598
64645 69 2290
64646 70 2472
64647 71 2808
64648 72 2409
64649 73 2956
64650 74 2525
64651 75 3089
64652 76 2198
64653 77 4589
64654 78 5401
64655 79 4251
64656 80 2696
64657 81 3991
64658 82 5858
64659 83 3149
64660 84 4663
64661 85 4393
64662 86 0
64663 87 1620
64664 88 2830
64665 89 5357
64666 90 1892
64667 91 2870
64668 92 3846
64669 93 2193
64670 94 4867
64671 95 2647
64672 96 0
64673 97 3751
64674 98 3252
64675 99 6262
64676 100 2003
64677 101 4861
64678 102 2838
64679 103 1437
64680 104 4168
64681 105 5579
64682 106 0
64683 107 6381
64684 108 1812
64685 109 5775
64686 110 2142
64687 111 2693
64688 112 1402
64689 113 4711
64690 114 4000
64691 115 4168
64692 116 5585
64693 117 1421
64694 118 7119
64695 119 3549
64696 120 4388
64697 121 3838
64698 122 5700
64699 123 7775
64700 124 2359
64701 125 2786
64702 126 3728
64703 127 1996
64704 128 3287
64705 129 5610
64706 130 5521
64707 131 2516
64708 132 6136
64709 133 0
64710 134 3552
64711 135 6209
64712 136 1446
64713 137 5095
64714 138 6731
64715 139 0
64716 140 2759
64717 141 4142
64718 142 6906
64719 143 2204
64720 144 2992
64721 145 3241
64722 146 4161
64723 147 2418
64724 148 4400
64725 149 2709
64726 150 6005
64727 151 4015
64728 152 0
64729 153 2998
64730 154 1519
64731 155 3984
64732 156 2790
64733 157 3479
64734 158 0
64735 159 5494
64736 160 6738
64737 161 3142
64738 162 3868
64739 163 3610
64740 164 2003
