2500
64577 1 4901
64578 2 3890
64579 3 6647
64580 4 3997
64581 5 5322
64582 6 0
64583 7 1712
64584 8 4884
64585 9 3383
64586 10 4284
64587 11 3000
64588 12 8004
64589 13 3212
64590 14 4636
64591 15 2372
64592 16 7206
64593 17 2003
64594 18 2618
64595 19 0
64596 20 6701
64597 21 4203
64598 22 4210
64599 23 5368
64600 24 5212
64601 25 2576
64602 26 7391
64603 27 2596
64604 28 4109
64605 29 4819
64606 30 4450
64607 31 2642
64608 32 4969
64609 33 5159
64610 34 7941
64611 35 2003
64612 36 2692
64613 37 5837
64614 38 2121
64615 39 1399
64616 40 2039
64617 41 8015
64618 42 2719
64619 43 3215
64620 44 5942
64621 45 0
64622 46 4806
64623 47 8669
64624 48 2456
64625 49 5508
64626 50 5772
64627 51 2119
64628 52 6062
64629 53 8117
64630 54 6208
64631 55 5315
64632 56 2608
64633 57 6601
64634 58 9627
64635 59 2840
64636 60 5537
64637 61 2986
64638 62 7236
64639 63 5003
64640 64 0
64641 65 5391
64642 66 3400
64643 67 4596
64644 68 4696
64645 69 2157
64646 70 3326
64647 71 5609
64648 72 2616
64649 73 4791
64650 74 2356
64651 75 6722
64652 76 4551
64653 77 7645
64654 78 4409
64655 79 0
64656 80 5216
64657 81 2751
64658 82 2459
64659 83 4598
64660 84 7843
64661 85 2487
64662 86 4529
64663 87 0
64664 88 3184
64665 89 5806
64666 90 8076
64667 91 2288
64668 92 4427
64669 93 5564
64670 94 6138
64671 95 6482
64672 96 1983
64673 97 3883
64674 98 5986
64675 99 2520
64676 100 8197
64677 101 4111
64678 102 4579
64679 103 8925
64680 104 4527
64681 105 2490
64682 106 0
64683 107 3853
64684 108 2091
64685 109 5330
64686 110 5206
64687 111 6220
64688 112 5423
64689 113 6177
64690 114 2003
