2500
64577 1 2607
64578 2 2794
64579 3 5326
64580 4 4630
64581 5 6952
64582 6 5239
64583 7 2763
64584 8 8283
64585 9 1832
64586 10 7692
64587 11 2641
64588 12 2677
64589 13 6557
64590 14 8363
64591 15 3226
64592 16 6081
64593 17 9315
64594 18 7951
64595 19 10807
64596 20 8121
64597 21 0
64598 22 2505
64599 23 6473
64600 24 3527
64601 25 2699
64602 26 6325
64603 27 5016
64604 28 2178
64605 29 2719
64606 30 4119
64607 31 5845
64608 32 2777
64609 33 8401
64610 34 11040
64611 35 0
64612 36 3699
64613 37 6626
64614 38 2241
64615 39 4010
64616 40 5948
64617 41 2207
64618 42 3848
64619 43 5183
64620 44 2666
64621 45 7995
64622 46 4009
64623 47 4902
64624 48 1633
64625 49 5464
64626 50 5192
64627 51 4176
64628 52 3005
64629 53 3271
64630 54 5282
64631 55 2271
64632 56 2117
64633 57 4935
64634 58 3234
64635 59 4389
64636 60 2637
64637 61 7446
64638 62 3195
64639 63 3340
64640 64 4940
64641 65 6106
64642 66 6721
64643 67 2581
64644 68 6298
64645 69 1633
64646 70 7589
64647 71 2903
64648 72 2987
64649 73 0
64650 74 7914
64651 75 6714
64652 76 7229
64653 77 4479
64654 78 6449
64655 79 2108
64656 80 6549
64657 81 4363
64658 82 2210
64659 83 5558
64660 84 2602
64661 85 5630
64662 86 2362
64663 87 2794
64664 88 2661
64665 89 3712
64666 90 3291
64667 91 6072
64668 92 3740
64669 93 4232
64670 94 2003
64671 95 1385
64672 96 3677
64673 97 6657
64674 98 2255
64675 99 2863
64676 100 3928
64677 101 4635
64678 102 7724
64679 103 5574
64680 104 0
64681 105 5498
64682 106 5185
64683 107 5158
64684 108 2626
64685 109 8101
64686 110 6488
64687 111 2629
64688 112 3175
64689 113 5204
64690 114 0
64691 115 3105
64692 116 2390
64693 117 3436
64694 118 2534
64695 119 3250
64696 120 4615
64697 121 6245
64698 122 2088
64699 123 5746
64700 124 3214
64701 125 5390
64702 126 3980
64703 127 5366
64704 128 5550
64705 129 7422
64706 130 6042
64707 131 2003
64708 132 3436
64709 133 2534
64710 134 3250
64711 135 4615
64712 136 6245
64713 137 2088
64714 138 5746
64715 139 3214
64716 140 5390
64717 141 3980
64718 142 5366
64719 143 5550
64720 144 7422
64721 145 6042
64722 146 2003
