2500
64577 1 3560
64578 2 3224
64579 3 6332
64580 4 2232
64581 5 2937
64582 6 2760
64583 7 3339
64584 8 7730
64585 9 4312
64586 10 2519
64587 11 3337
64588 12 2723
64589 13 2299
64590 14 4102
64591 15 2460
64592 16 5790
64593 17 0
64594 18 2538
64595 19 5199
64596 20 2555
64597 21 2105
64598 22 6146
64599 23 6480
64600 24 2073
64601 25 5093
64602 26 2828
64603 27 0
64604 28 3597
64605 29 2966
64606 30 8779
64607 31 7248
64608 32 2163
64609 33 2710
64610 34 2567
64611 35 2081
64612 36 6820
64613 37 2590
64614 38 2639
64615 39 3015
64616 40 4439
64617 41 4294
64618 42 0
64619 43 5717
64620 44 2569
64621 45 1768
64622 46 8523
64623 47 0
64624 48 3692
64625 49 2912
64626 50 9444
64627 51 9619
64628 52 2197
64629 53 3520
64630 54 4803
64631 55 6530
64632 56 6661
64633 57 7884
64634 58 2754
64635 59 4715
64636 60 1456
64637 61 7687
64638 62 1995
64639 63 4591
64640 64 0
64641 65 5994
64642 66 4845
64643 67 4464
64644 68 7586
64645 69 9372
64646 70 2343
64647 71 11257
64648 72 7519
64649 73 2587
64650 74 5950
64651 75 0
64652 76 4873
64653 77 3183
64654 78 5946
64655 79 5627
64656 80 4967
64657 81 4308
64658 82 2217
64659 83 7819
64660 84 5002
64661 85 5260
64662 86 4230
64663 87 4766
64664 88 2224
64665 89 2805
64666 90 5660
64667 91 4385
64668 92 4511
64669 93 2486
64670 94 2775
64671 95 6457
64672 96 2152
64673 97 7252
64674 98 2434
64675 99 5637
64676 100 5640
64677 101 4312
64678 102 5502
64679 103 2171
64680 104 5152
64681 105 6862
64682 106 2727
64683 107 2535
64684 108 4953
64685 109 0
64686 110 3821
64687 111 5323
64688 112 5721
64689 113 4738
64690 114 2335
64691 115 3464
64692 116 4355
64693 117 7009
64694 118 5085
64695 119 0
64696 120 6106
64697 121 7136
64698 122 6927
64699 123 2060
64700 124 4654
64701 125 1897
64702 126 3016
64703 127 5815
64704 128 0
64705 129 1419
64706 130 5901
64707 131 3185
64708 132 7359
64709 133 2620
64710 134 5503
64711 135 0
64712 136 4665
64713 137 2112
64714 138 5898
64715 139 5649
64716 140 2003
