2500
64577 1 2376
64578 2 2037
64579 3 3817
64580 4 2738
64581 5 3782
64582 6 7595
64583 7 6393
64584 8 4607
64585 9 0
64586 10 2252
64587 11 3207
64588 12 6345
64589 13 3700
64590 14 4216
64591 15 4682
64592 16 2173
64593 17 2519
64594 18 4436
64595 19 2599
64596 20 2596
64597 21 5512
64598 22 2268
64599 23 5127
64600 24 2443
64601 25 5092
64602 26 4106
64603 27 7180
64604 28 6009
64605 29 6812
64606 30 2158
64607 31 4695
64608 32 2922
64609 33 2954
64610 34 3947
64611 35 3652
64612 36 6514
64613 37 2580
64614 38 2420
64615 39 4941
64616 40 2566
64617 41 2487
64618 42 5102
64619 43 0
64620 44 3384
64621 45 1266
64622 46 5374
64623 47 2891
64624 48 10375
64625 49 0
64626 50 3784
64627 51 4495
64628 52 5656
64629 53 1434
64630 54 5067
64631 55 1752
64632 56 2110
64633 57 2646
64634 58 6081
64635 59 2257
64636 60 3662
64637 61 5983
64638 62 2018
64639 63 3765
64640 64 4334
64641 65 2199
64642 66 2933
64643 67 7833
64644 68 3209
64645 69 4729
64646 70 9814
64647 71 10687
64648 72 0
64649 73 2604
64650 74 5667
64651 75 1888
64652 76 7225
64653 77 2506
64654 78 5608
64655 79 2711
64656 80 1960
64657 81 8130
64658 82 8080
64659 83 1902
64660 84 0
64661 85 2455
64662 86 5230
64663 87 4739
64664 88 6085
64665 89 0
64666 90 1859
64667 91 1641
64668 92 11200
64669 93 2944
64670 94 3229
64671 95 7239
64672 96 3607
64673 97 6801
64674 98 3338
64675 99 10545
64676 100 2421
64677 101 3147
64678 102 0
64679 103 2309
64680 104 9154
64681 105 3229
64682 106 4760
64683 107 3968
64684 108 2341
64685 109 5373
64686 110 5736
64687 111 4534
64688 112 5051
64689 113 7191
64690 114 4438
64691 115 4306
64692 116 2576
64693 117 4457
64694 118 5381
64695 119 5378
64696 120 2970
64697 121 4419
64698 122 3747
64699 123 0
64700 124 5880
64701 125 3577
64702 126 4649
64703 127 2482
64704 128 1844
64705 129 1030
64706 130 4445
64707 131 4475
64708 132 3101
64709 133 3620
64710 134 6210
64711 135 4017
64712 136 6824
64713 137 5411
64714 138 5531
64715 139 4636
64716 140 5883
64717 141 3297
64718 142 6087
64719 143 2003
