2500
64577 1 3358
64578 2 5354
64579 3 2550
64580 4 3744
64581 5 4722
64582 6 3578
64583 7 0
64584 8 6228
64585 9 2885
64586 10 6508
64587 11 5107
64588 12 5853
64589 13 10244
64590 14 2187
64591 15 4289
64592 16 6287
64593 17 5275
64594 18 9066
64595 19 5573
64596 20 5670
64597 21 2374
64598 22 2980
64599 23 6240
64600 24 1954
64601 25 2622
64602 26 2196
64603 27 3855
64604 28 2193
64605 29 4559
64606 30 2795
64607 31 4233
64608 32 4692
64609 33 4847
64610 34 4745
64611 35 1693
64612 36 5211
64613 37 4821
64614 38 2842
64615 39 6469
64616 40 0
64617 41 5556
64618 42 2657
64619 43 9330
64620 44 0
64621 45 4743
64622 46 2530
64623 47 1532
64624 48 4553
64625 49 2216
64626 50 1378
64627 51 1895
64628 52 1870
64629 53 2555
64630 54 5575
64631 55 3378
64632 56 4889
64633 57 2839
64634 58 6208
64635 59 5566
64636 60 5779
64637 61 2300
64638 62 4744
64639 63 2244
64640 64 5960
64641 65 7314
64642 66 0
64643 67 4781
64644 68 6122
64645 69 2283
64646 70 5906
64647 71 2800
64648 72 4534
64649 73 5198
64650 74 2884
64651 75 6716
64652 76 0
64653 77 2420
64654 78 5422
64655 79 2954
64656 80 8957
64657 81 2680
64658 82 4089
64659 83 2290
64660 84 2096
64661 85 6150
64662 86 3878
64663 87 4392
64664 88 5154
64665 89 5934
64666 90 5254
64667 91 3284
64668 92 6173
64669 93 3511
64670 94 5575
64671 95 2628
64672 96 3189
64673 97 2069
64674 98 3086
64675 99 3296
64676 100 1739
64677 101 2386
64678 102 3005
64679 103 2123
64680 104 4522
64681 105 2125
64682 106 2922
64683 107 5732
64684 108 3757
64685 109 7494
64686 110 6625
64687 111 4790
64688 112 2549
64689 113 6202
64690 114 2717
64691 115 4581
64692 116 2827
64693 117 2338
64694 118 6336
64695 119 3816
64696 120 5674
64697 121 0
64698 122 5329
64699 123 2695
64700 124 4611
64701 125 5509
64702 126 1797
64703 127 5079
64704 128 5063
64705 129 0
64706 130 5074
64707 131 5209
64708 132 6126
64709 133 2200
64710 134 5320
64711 135 3189
64712 136 6461
64713 137 5604
64714 138 5417
64715 139 0
64716 140 5140
64717 141 5122
64718 142 3597
64719 143 5906
64720 144 2003
