2500
64577 1 2642
64578 2 3431
64579 3 3127
64580 4 5315
64581 5 1981
64582 6 3229
64583 7 2812
64584 8 3498
64585 9 2521
64586 10 4056
64587 11 1812
64588 12 4493
64589 13 4041
64590 14 6059
64591 15 0
64592 16 2782
64593 17 5228
64594 18 7509
64595 19 1436
64596 20 6162
64597 21 3552
64598 22 2192
64599 23 8256
64600 24 2182
64601 25 4192
64602 26 4002
64603 27 6658
64604 28 6327
64605 29 3600
64606 30 3525
64607 31 2905
64608 32 1491
64609 33 4354
64610 34 2455
64611 35 4031
64612 36 4242
64613 37 0
64614 38 3118
64615 39 2902
64616 40 3775
64617 41 3350
64618 42 1235
64619 43 5036
64620 44 2082
64621 45 4588
64622 46 5340
64623 47 4371
64624 48 5154
64625 49 2353
64626 50 5283
64627 51 1507
64628 52 8274
64629 53 8358
64630 54 1953
64631 55 2388
64632 56 6027
64633 57 3231
64634 58 7833
64635 59 1762
64636 60 3420
64637 61 3940
64638 62 6965
64639 63 5675
64640 64 4542
64641 65 4742
64642 66 6337
64643 67 2692
64644 68 2755
64645 69 2145
64646 70 3219
64647 71 2759
64648 72 0
64649 73 3135
64650 74 5047
64651 75 2756
64652 76 3140
64653 77 2192
64654 78 3371
64655 79 2389
64656 80 3261
64657 81 4334
64658 82 0
64659 83 3870
64660 84 2590
64661 85 4599
64662 86 4837
64663 87 1902
64664 88 2187
64665 89 4241
64666 90 9810
64667 91 1790
64668 92 4093
64669 93 2699
64670 94 2490
64671 95 8150
64672 96 8358
64673 97 3048
64674 98 3603
64675 99 3936
64676 100 4578
64677 101 1438
64678 102 5855
64679 103 1860
64680 104 5850
64681 105 2520
64682 106 4283
64683 107 2575
64684 108 9474
64685 109 2565
64686 110 2984
64687 111 6694
64688 112 2542
64689 113 8251
64690 114 4392
64691 115 5735
64692 116 4024
64693 117 2240
64694 118 6293
64695 119 5384
64696 120 5854
64697 121 6268
64698 122 6911
64699 123 8658
64700 124 8138
64701 125 0
64702 126 3323
64703 127 6832
64704 128 2478
64705 129 5004
64706 130 2444
64707 131 3232
64708 132 2757
64709 133 2487
64710 134 3112
64711 135 7170
64712 136 3454
64713 137 0
64714 138 2958
64715 139 5364
64716 140 6195
64717 141 1707
64718 142 8160
64719 143 2721
64720 144 4915
64721 145 4908
64722 146 2003
