2500
64577 1 6656
64578 2 2574
64579 3 5207
64580 4 1672
64581 5 7402
64582 6 0
64583 7 3199
64584 8 4791
64585 9 4808
64586 10 2568
64587 11 1560
64588 12 6371
64589 13 0
64590 14 2394
64591 15 6001
64592 16 4486
64593 17 6109
64594 18 2229
64595 19 2312
64596 20 2357
64597 21 5737
64598 22 3131
64599 23 5130
64600 24 3746
64601 25 4562
64602 26 4631
64603 27 6320
64604 28 3723
64605 29 2218
64606 30 5283
64607 31 6619
64608 32 2260
64609 33 2851
64610 34 4659
64611 35 5520
64612 36 6300
64613 37 3827
64614 38 4737
64615 39 0
64616 40 2309
64617 41 3912
64618 42 4150
64619 43 3019
64620 44 0
64621 45 3284
64622 46 6380
64623 47 4929
64624 48 4585
64625 49 3928
64626 50 2102
64627 51 2782
64628 52 2650
64629 53 8389
64630 54 2553
64631 55 4455
64632 56 3032
64633 57 3266
64634 58 2834
64635 59 3140
64636 60 3679
64637 61 5153
64638 62 6944
64639 63 3019
64640 64 6662
64641 65 6155
64642 66 5690
64643 67 3942
64644 68 2134
64645 69 4309
64646 70 4165
64647 71 5079
64648 72 6787
64649 73 2526
64650 74 6929
64651 75 5765
64652 76 7532
64653 77 2205
64654 78 2932
64655 79 3701
64656 80 3862
64657 81 1552
64658 82 4363
64659 83 2854
64660 84 5601
64661 85 0
64662 86 2536
64663 87 3905
64664 88 2369
64665 89 2818
64666 90 2558
64667 91 3640
64668 92 1705
64669 93 5605
64670 94 2695
64671 95 1910
64672 96 6281
64673 97 2180
64674 98 4948
64675 99 2598
64676 100 4736
64677 101 3965
64678 102 1838
64679 103 2403
64680 104 6445
64681 105 7652
64682 106 6366
64683 107 0
64684 108 2401
64685 109 3086
64686 110 4615
64687 111 4770
64688 112 2281
64689 113 3043
64690 114 6146
64691 115 4641
64692 116 6364
64693 117 3751
64694 118 4963
64695 119 0
64696 120 3078
64697 121 5376
64698 122 4522
64699 123 2448
64700 124 3555
64701 125 4525
64702 126 2102
64703 127 6198
64704 128 10103
64705 129 2751
64706 130 4357
64707 131 6567
64708 132 2176
64709 133 2546
64710 134 5917
64711 135 2711
64712 136 4628
64713 137 3266
64714 138 4122
64715 139 8365
64716 140 0
64717 141 3357
64718 142 6968
64719 143 4165
64720 144 6507
64721 145 2469
64722 146 5742
64723 147 2003
