2500
64577 1 7384
64578 2 4918
64579 3 7979
64580 4 1440
64581 5 4358
64582 6 5155
64583 7 7243
64584 8 0
64585 9 8215
64586 10 3870
64587 11 2305
64588 12 4601
64589 13 5009
64590 14 3396
64591 15 5517
64592 16 6513
64593 17 4953
64594 18 4451
64595 19 4934
64596 20 3548
64597 21 4024
64598 22 2893
64599 23 4272
64600 24 5696
64601 25 3840
64602 26 5640
64603 27 4776
64604 28 5471
64605 29 0
64606 30 3059
64607 31 6912
64608 32 6781
64609 33 2824
64610 34 3343
64611 35 1719
64612 36 5288
64613 37 2788
64614 38 4143
64615 39 2154
64616 40 7317
64617 41 1878
64618 42 5020
64619 43 3820
64620 44 4695
64621 45 6197
64622 46 5067
64623 47 2818
64624 48 6376
64625 49 3888
64626 50 3708
64627 51 5363
64628 52 5317
64629 53 6729
64630 54 2275
64631 55 3179
64632 56 4776
64633 57 7772
64634 58 4583
64635 59 2823
64636 60 6930
64637 61 3133
64638 62 5751
64639 63 8575
64640 64 4577
64641 65 3844
64642 66 7193
64643 67 2135
64644 68 3496
64645 69 6976
64646 70 3040
64647 71 5678
64648 72 5970
64649 73 4986
64650 74 0
64651 75 4793
64652 76 3103
64653 77 4403
64654 78 1703
64655 79 4662
64656 80 2108
64657 81 2687
64658 82 4582
64659 83 7257
64660 84 2452
64661 85 5914
64662 86 7492
64663 87 0
64664 88 5427
64665 89 2453
64666 90 5307
64667 91 5581
64668 92 2165
64669 93 4767
64670 94 8330
64671 95 4862
64672 96 5738
64673 97 3344
64674 98 7140
64675 99 2227
64676 100 7404
64677 101 2455
64678 102 4810
64679 103 5409
64680 104 7345
64681 105 4775
64682 106 2081
64683 107 6049
64684 108 2827
64685 109 5285
64686 110 4021
64687 111 840
64688 112 5429
64689 113 0
64690 114 2250
64691 115 2904
64692 116 4618
64693 117 7152
64694 118 2137
64695 119 3103
64696 120 2517
64697 121 5587
64698 122 6776
64699 123 2321
64700 124 6868
64701 125 3465
64702 126 2162
64703 127 3246
64704 128 4442
64705 129 7703
64706 130 3102
64707 131 5984
64708 132 2003
