2500
64577 1 2671
64578 2 0
64579 3 3886
64580 4 4653
64581 5 8581
64582 6 6303
64583 7 4176
64584 8 2241
64585 9 3690
64586 10 2396
64587 11 4118
64588 12 7377
64589 13 1361
64590 14 6221
64591 15 6936
64592 16 2270
64593 17 4334
64594 18 6322
64595 19 7104
64596 20 6180
64597 21 5076
64598 22 0
64599 23 4825
64600 24 5531
64601 25 2195
64602 26 2682
64603 27 5284
64604 28 2455
64605 29 3801
64606 30 2784
64607 31 3635
64608 32 6916
64609 33 5494
64610 34 2389
64611 35 1677
64612 36 4534
64613 37 2499
64614 38 2554
64615 39 4011
64616 40 2607
64617 41 8903
64618 42 2236
64619 43 4266
64620 44 4847
64621 45 5943
64622 46 2569
64623 47 3383
64624 48 6446
64625 49 3757
64626 50 6370
64627 51 2223
64628 52 1264
64629 53 1649
64630 54 4007
64631 55 7992
64632 56 1273
64633 57 4005
64634 58 2460
64635 59 7818
64636 60 2337
64637 61 1527
64638 62 3682
64639 63 8961
64640 64 2421
64641 65 4244
64642 66 1664
64643 67 3621
64644 68 2420
64645 69 5945
64646 70 1765
64647 71 2268
64648 72 2986
64649 73 3496
64650 74 6462
64651 75 3154
64652 76 2017
64653 77 6808
64654 78 2003
64655 79 4153
64656 80 5582
64657 81 2627
64658 82 5249
64659 83 1998
64660 84 3636
64661 85 6046
64662 86 2295
64663 87 2418
64664 88 4889
64665 89 2417
64666 90 4465
64667 91 2572
64668 92 5748
64669 93 2283
64670 94 9011
64671 95 1824
64672 96 5157
64673 97 5457
64674 98 1795
64675 99 4145
64676 100 7028
64677 101 2010
64678 102 1284
64679 103 5046
64680 104 2438
64681 105 2777
64682 106 3887
64683 107 3346
64684 108 5136
64685 109 2063
64686 110 2277
64687 111 4088
64688 112 4551
64689 113 2370
64690 114 2548
64691 115 5755
64692 116 4435
64693 117 3161
64694 118 6096
64695 119 2003
64696 120 4334
64697 121 3737
64698 122 8130
64699 123 5205
64700 124 1968
64701 125 2981
64702 126 2877
64703 127 7947
64704 128 2003
