2500
64577 1 3750
64578 2 4834
64579 3 3144
64580 4 5875
64581 5 4982
64582 6 5278
64583 7 9210
64584 8 2003
64585 9 7487
64586 10 2066
64587 11 2830
64588 12 5565
64589 13 4606
64590 14 1978
64591 15 2482
64592 16 2317
64593 17 4978
64594 18 4497
64595 19 5608
64596 20 5723
64597 21 4172
64598 22 2212
64599 23 6453
64600 24 5938
64601 25 5164
64602 26 3426
64603 27 5149
64604 28 4881
64605 29 3348
64606 30 1907
64607 31 2660
64608 32 3747
64609 33 5356
64610 34 2179
64611 35 6762
64612 36 3005
64613 37 3404
64614 38 5486
64615 39 3503
64616 40 4248
64617 41 2142
64618 42 5728
64619 43 2159
64620 44 2955
64621 45 2484
64622 46 4436
64623 47 2328
64624 48 4384
64625 49 6522
64626 50 2610
64627 51 4002
64628 52 2401
64629 53 4577
64630 54 5948
64631 55 2206
64632 56 6171
64633 57 4610
64634 58 4009
64635 59 4891
64636 60 2472
64637 61 5741
64638 62 2612
64639 63 8854
64640 64 2637
64641 65 3175
64642 66 1860
64643 67 6035
64644 68 2338
64645 69 2884
64646 70 4375
64647 71 3819
64648 72 5932
64649 73 3944
64650 74 5802
64651 75 2003
64652 76 3732
64653 77 4284
64654 78 9924
64655 79 4071
64656 80 3927
64657 81 4134
64658 82 8837
64659 83 2163
64660 84 3114
64661 85 3435
64662 86 2045
64663 87 6180
64664 88 0
64665 89 3187
64666 90 4762
64667 91 4211
64668 92 2237
64669 93 3582
64670 94 4103
64671 95 5791
64672 96 2279
64673 97 5893
64674 98 2046
64675 99 2816
64676 100 5660
64677 101 2235
64678 102 4748
64679 103 5274
64680 104 2303
64681 105 2905
64682 106 2283
64683 107 1930
64684 108 5750
64685 109 2244
64686 110 2566
64687 111 2711
64688 112 3052
64689 113 6360
64690 114 2224
64691 115 3660
64692 116 3342
64693 117 2239
64694 118 5962
64695 119 2090
64696 120 3454
64697 121 5711
64698 122 2163
64699 123 2783
64700 124 5483
64701 125 5623
64702 126 3271
64703 127 2467
64704 128 4344
64705 129 4666
64706 130 2337
64707 131 6589
64708 132 2258
64709 133 4898
64710 134 7895
64711 135 3675
64712 136 8231
64713 137 1895
64714 138 2384
64715 139 5360
64716 140 2407
64717 141 2052
64718 142 5657
64719 143 2029
64720 144 7187
64721 145 2003
