2500
64577 1 2409
64578 2 6357
64579 3 1633
64580 4 2579
64581 5 2326
64582 6 4402
64583 7 1796
64584 8 7371
64585 9 2314
64586 10 2428
64587 11 1124
64588 12 4168
64589 13 6063
64590 14 4297
64591 15 5986
64592 16 2507
64593 17 6522
64594 18 2210
64595 19 2712
64596 20 7125
64597 21 2003
64598 22 2809
64599 23 5020
64600 24 3586
64601 25 3789
64602 26 4307
64603 27 2259
64604 28 2914
64605 29 4285
64606 30 4724
64607 31 2405
64608 32 2786
64609 33 4028
64610 34 2191
64611 35 2737
64612 36 2826
64613 37 5440
64614 38 2411
64615 39 3104
64616 40 8125
64617 41 2230
64618 42 2747
64619 43 3240
64620 44 2252
64621 45 7160
64622 46 1932
64623 47 2495
64624 48 2880
64625 49 4637
64626 50 7020
64627 51 2340
64628 52 2832
64629 53 2627
64630 54 2633
64631 55 6083
64632 56 6043
64633 57 3245
64634 58 1794
64635 59 5994
64636 60 8675
64637 61 6962
64638 62 1822
64639 63 2289
64640 64 5424
64641 65 4117
64642 66 8622
64643 67 2236
64644 68 2691
64645 69 4232
64646 70 4836
64647 71 2461
64648 72 7969
64649 73 2131
64650 74 2334
64651 75 5802
64652 76 3518
64653 77 3150
64654 78 4385
64655 79 4980
64656 80 2144
64657 81 2043
64658 82 5081
64659 83 2414
64660 84 6207
64661 85 2274
64662 86 2840
64663 87 5227
64664 88 7060
64665 89 5971
64666 90 2003
64667 91 2304
64668 92 4856
64669 93 3746
64670 94 5886
64671 95 3218
64672 96 4199
64673 97 4580
64674 98 5864
64675 99 2009
64676 100 2092
64677 101 6180
64678 102 1714
64679 103 5002
64680 104 5382
64681 105 2084
64682 106 6589
64683 107 4574
64684 108 5333
64685 109 2003
64686 110 4907
64687 111 1489
64688 112 1856
64689 113 8312
64690 114 2210
64691 115 2496
64692 116 4646
64693 117 2757
64694 118 3741
64695 119 6288
64696 120 2128
64697 121 1409
64698 122 6176
64699 123 3625
64700 124 4860
64701 125 2730
64702 126 2752
64703 127 3298
64704 128 10298
64705 129 2003
64706 130 1348
64707 131 2625
64708 132 6204
64709 133 2313
64710 134 1870
64711 135 5087
64712 136 6753
64713 137 2381
64714 138 4605
64715 139 5641
64716 140 2055
64717 141 6417
64718 142 6517
64719 143 2531
64720 144 6004
64721 145 2649
64722 146 4627
64723 147 6173
64724 148 2003
