2500
64577 1 1993
64578 2 4184
64579 3 3997
64580 4 4385
64581 5 4865
64582 6 2479
64583 7 2205
64584 8 4164
64585 9 4959
64586 10 2204
64587 11 3892
64588 12 1799
64589 13 4227
64590 14 2458
64591 15 5670
64592 16 4134
64593 17 4190
64594 18 2261
64595 19 2681
64596 20 7092
64597 21 2635
64598 22 1599
64599 23 4599
64600 24 7029
64601 25 3242
64602 26 6777
64603 27 2178
64604 28 3332
64605 29 7490
64606 30 4002
64607 31 2540
64608 32 5779
64609 33 2293
64610 34 7810
64611 35 2134
64612 36 2959
64613 37 3332
64614 38 4994
64615 39 2679
64616 40 4219
64617 41 3464
64618 42 2794
64619 43 7620
64620 44 2259
64621 45 2819
64622 46 2891
64623 47 6548
64624 48 2980
64625 49 7271
64626 50 2260
64627 51 3298
64628 52 2457
64629 53 5395
64630 54 2859
64631 55 3154
64632 56 8818
64633 57 1894
64634 58 2522
64635 59 3190
64636 60 3302
64637 61 2119
64638 62 7497
64639 63 8210
64640 64 1838
64641 65 2629
64642 66 5411
64643 67 4390
64644 68 3470
64645 69 3417
64646 70 7682
64647 71 2191
64648 72 3170
64649 73 3617
64650 74 3264
64651 75 3209
64652 76 10738
64653 77 2233
64654 78 2739
64655 79 3952
64656 80 2910
64657 81 8679
64658 82 2165
64659 83 2934
64660 84 2053
64661 85 5353
64662 86 2699
64663 87 5439
64664 88 2943
64665 89 7999
64666 90 2242
64667 91 6363
64668 92 5285
64669 93 3448
64670 94 6469
64671 95 2211
64672 96 4918
64673 97 5028
64674 98 4061
64675 99 2489
64676 100 3742
64677 101 4592
64678 102 5552
64679 103 2408
64680 104 5082
64681 105 3789
64682 106 2572
64683 107 5873
64684 108 4831
64685 109 7609
64686 110 2263
64687 111 5744
64688 112 3540
64689 113 3351
64690 114 3876
64691 115 1688
64692 116 3383
64693 117 5218
64694 118 5823
64695 119 9611
64696 120 2278
64697 121 3692
64698 122 2749
64699 123 6135
64700 124 10475
64701 125 2278
64702 126 2509
64703 127 2468
64704 128 5204
64705 129 5248
64706 130 2309
64707 131 6836
64708 132 2003
64709 133 4940
64710 134 2875
64711 135 2583
64712 136 5979
64713 137 2206
64714 138 3551
64715 139 3089
64716 140 4146
64717 141 2462
64718 142 5551
64719 143 2003
