2500
64577 1 2825
64578 2 4528
64579 3 3344
64580 4 1875
64581 5 3441
64582 6 4366
64583 7 2189
64584 8 4162
64585 9 3936
64586 10 1892
64587 11 6531
64588 12 6413
64589 13 2265
64590 14 6261
64591 15 6514
64592 16 5950
64593 17 2216
64594 18 5213
64595 19 4271
64596 20 5132
64597 21 6070
64598 22 4698
64599 23 5693
64600 24 2658
64601 25 5093
64602 26 1905
64603 27 2329
64604 28 2056
64605 29 3353
64606 30 4325
64607 31 8606
64608 32 2257
64609 33 3772
64610 34 5915
64611 35 4366
64612 36 2157
64613 37 2117
64614 38 2099
64615 39 3368
64616 40 3402
64617 41 7571
64618 42 2294
64619 43 2351
64620 44 3588
64621 45 6229
64622 46 5583
64623 47 5807
64624 48 2003
64625 49 5438
64626 50 4174
64627 51 4850
64628 52 4646
64629 53 3660
64630 54 2304
64631 55 3371
64632 56 4655
64633 57 5813
64634 58 4404
64635 59 6767
64636 60 2202
64637 61 6929
64638 62 4754
64639 63 4422
64640 64 3395
64641 65 6036
64642 66 2184
64643 67 4201
64644 68 6090
64645 69 2530
64646 70 5000
64647 71 3359
64648 72 5713
64649 73 2204
64650 74 7865
64651 75 6850
64652 76 7217
64653 77 2406
64654 78 2187
64655 79 3153
64656 80 4071
64657 81 783
64658 82 3626
64659 83 6738
64660 84 2003
64661 85 2588
64662 86 4489
64663 87 7223
64664 88 6650
64665 89 2924
64666 90 5191
64667 91 2578
64668 92 4381
64669 93 0
64670 94 2549
64671 95 5917
64672 96 4876
64673 97 0
64674 98 5642
64675 99 5737
64676 100 5986
64677 101 1917
64678 102 2500
64679 103 3645
64680 104 2670
64681 105 4617
64682 106 5394
64683 107 2306
64684 108 4057
64685 109 6483
64686 110 4113
64687 111 5185
64688 112 6460
64689 113 6573
64690 114 5145
64691 115 2139
64692 116 1752
64693 117 3881
64694 118 4487
64695 119 2697
64696 120 1511
64697 121 3447
64698 122 2818
64699 123 4321
64700 124 4089
64701 125 2242
64702 126 3923
64703 127 4614
64704 128 5881
64705 129 6154
64706 130 7539
64707 131 2073
64708 132 2722
64709 133 2627
64710 134 1606
64711 135 5065
64712 136 5513
64713 137 2246
64714 138 5567
64715 139 3478
64716 140 2484
64717 141 8832
64718 142 2003
