2500
64577 1 5293
64578 2 4553
64579 3 6130
64580 4 7316
64581 5 2191
64582 6 6383
64583 7 7078
64584 8 6404
64585 9 2282
64586 10 2285
64587 11 3766
64588 12 6096
64589 13 2178
64590 14 4713
64591 15 2461
64592 16 3523
64593 17 5328
64594 18 2573
64595 19 7942
64596 20 1900
64597 21 2205
64598 22 7796
64599 23 9922
64600 24 2063
64601 25 4242
64602 26 7148
64603 27 2051
64604 28 2277
64605 29 3451
64606 30 3920
64607 31 0
64608 32 4888
64609 33 6071
64610 34 2203
64611 35 3788
64612 36 3383
64613 37 2770
64614 38 4899
64615 39 6037
64616 40 2669
64617 41 5435
64618 42 2204
64619 43 4238
64620 44 4232
64621 45 3302
64622 46 3343
64623 47 2400
64624 48 8107
64625 49 2244
64626 50 5031
64627 51 4578
64628 52 3101
64629 53 4672
64630 54 6680
64631 55 2003
64632 56 2410
64633 57 2377
64634 58 2812
64635 59 2621
64636 60 8851
64637 61 0
64638 62 7423
64639 63 3964
64640 64 2929
64641 65 5180
64642 66 2044
64643 67 4191
64644 68 9637
64645 69 5417
64646 70 2675
64647 71 3855
64648 72 2676
64649 73 2374
64650 74 3872
64651 75 1995
64652 76 6039
64653 77 2009
64654 78 5051
64655 79 3192
64656 80 1518
64657 81 2767
64658 82 3048
64659 83 2169
64660 84 7337
64661 85 2235
64662 86 3687
64663 87 7774
64664 88 7006
64665 89 5237
64666 90 0
64667 91 3197
64668 92 3349
64669 93 5882
64670 94 2252
64671 95 4076
64672 96 6538
64673 97 2560
64674 98 5416
64675 99 3176
64676 100 2176
64677 101 5867
64678 102 4224
64679 103 2211
64680 104 6821
64681 105 5828
64682 106 0
64683 107 5667
64684 108 3255
64685 109 4652
64686 110 5615
64687 111 4938
64688 112 9004
64689 113 2145
64690 114 6366
64691 115 3175
64692 116 5164
64693 117 3565
64694 118 6910
64695 119 4039
64696 120 5900
64697 121 2003
