2500
64577 1 6015
64578 2 9433
64579 3 2558
64580 4 3399
64581 5 1531
64582 6 4906
64583 7 5143
64584 8 2222
64585 9 3576
64586 10 6119
64587 11 0
64588 12 2568
64589 13 7221
64590 14 5376
64591 15 4914
64592 16 2252
64593 17 5551
64594 18 4873
64595 19 6848
64596 20 8943
64597 21 5464
64598 22 0
64599 23 5241
64600 24 1745
64601 25 1817
64602 26 6861
64603 27 2003
64604 28 3421
64605 29 2974
64606 30 4445
64607 31 6286
64608 32 4399
64609 33 4661
64610 34 0
64611 35 2483
64612 36 3779
64613 37 6311
64614 38 8407
64615 39 2150
64616 40 2128
64617 41 4294
64618 42 3526
64619 43 4283
64620 44 6227
64621 45 2683
64622 46 0
64623 47 5014
64624 48 3447
64625 49 5552
64626 50 4399
64627 51 4276
64628 52 3153
64629 53 6839
64630 54 1981
64631 55 4272
64632 56 5058
64633 57 1929
64634 58 4570
64635 59 8677
64636 60 7583
64637 61 8038
64638 62 3083
64639 63 4748
64640 64 6837
64641 65 0
64642 66 4240
64643 67 2101
64644 68 4685
64645 69 4241
64646 70 4478
64647 71 12080
64648 72 2292
64649 73 6364
64650 74 5346
64651 75 4203
64652 76 7119
64653 77 7844
64654 78 6054
64655 79 0
64656 80 7109
64657 81 7405
64658 82 5800
64659 83 0
64660 84 4264
64661 85 2136
64662 86 3696
64663 87 4495
64664 88 3857
64665 89 8592
64666 90 2309
64667 91 2821
64668 92 2853
64669 93 5739
64670 94 1751
64671 95 8429
64672 96 6299
64673 97 4813
64674 98 0
64675 99 4333
64676 100 2076
64677 101 4879
64678 102 4321
64679 103 4444
64680 104 11975
64681 105 2003
64682 106 3373
64683 107 4796
64684 108 4404
64685 109 5088
64686 110 8518
64687 111 3911
64688 112 4566
64689 113 4132
64690 114 9277
64691 115 3402
64692 116 4693
64693 117 7462
64694 118 0
64695 119 4399
64696 120 5375
64697 121 4683
64698 122 3713
64699 123 7186
64700 124 2920
64701 125 5944
64702 126 8803
64703 127 8904
64704 128 2003
