2500
64577 1 4381
64578 2 1828
64579 3 5995
64580 4 5291
64581 5 1966
64582 6 3814
64583 7 5811
64584 8 5028
64585 9 4927
64586 10 7087
64587 11 6498
64588 12 2310
64589 13 6897
64590 14 0
64591 15 6857
64592 16 2646
64593 17 6364
64594 18 2211
64595 19 3749
64596 20 3070
64597 21 4148
64598 22 1647
64599 23 5755
64600 24 0
64601 25 3495
64602 26 10197
64603 27 2212
64604 28 2471
64605 29 4719
64606 30 4475
64607 31 2705
64608 32 1547
64609 33 6794
64610 34 0
64611 35 4151
64612 36 2710
64613 37 4944
64614 38 4965
64615 39 2003
64616 40 3512
64617 41 4060
64618 42 1681
64619 43 7455
64620 44 2653
64621 45 5761
64622 46 2342
64623 47 6564
64624 48 4716
64625 49 2544
64626 50 3511
64627 51 2762
64628 52 1475
64629 53 6277
64630 54 3975
64631 55 3593
64632 56 7864
64633 57 2257
64634 58 4407
64635 59 2711
64636 60 4888
64637 61 0
64638 62 2552
64639 63 7081
64640 64 3515
64641 65 6135
64642 66 1841
64643 67 7671
64644 68 2670
64645 69 4055
64646 70 0
64647 71 4548
64648 72 1464
64649 73 7343
64650 74 6845
64651 75 5449
64652 76 6918
64653 77 2585
64654 78 9298
64655 79 2108
64656 80 1121
64657 81 4325
64658 82 3839
64659 83 2893
64660 84 4645
64661 85 1398
64662 86 6351
64663 87 2504
64664 88 7041
64665 89 0
64666 90 3494
64667 91 1599
64668 92 4067
64669 93 10160
64670 94 2239
64671 95 2905
64672 96 4056
64673 97 3514
64674 98 3412
64675 99 3859
64676 100 6870
64677 101 3394
64678 102 5051
64679 103 8174
64680 104 1914
64681 105 6377
64682 106 6335
64683 107 6894
64684 108 2941
64685 109 5838
64686 110 3411
64687 111 3711
64688 112 3755
64689 113 5913
64690 114 3251
64691 115 2910
64692 116 0
64693 117 2244
64694 118 3837
64695 119 1505
64696 120 5685
64697 121 2136
64698 122 1984
64699 123 5018
64700 124 3613
64701 125 2324
64702 126 4713
64703 127 3472
64704 128 2822
64705 129 6395
64706 130 4647
64707 131 6880
64708 132 3844
64709 133 5102
64710 134 5570
64711 135 2418
64712 136 5373
64713 137 6240
64714 138 6631
64715 139 2346
64716 140 4305
64717 141 1474
64718 142 8453
64719 143 2003
