2500
64577 1 1414
64578 2 3127
64579 3 3157
64580 4 2017
64581 5 3454
64582 6 8938
64583 7 3177
64584 8 6984
64585 9 6158
64586 10 5875
64587 11 3177
64588 12 2419
64589 13 3832
64590 14 3937
64591 15 5142
64592 16 5284
64593 17 9158
64594 18 6575
64595 19 6258
64596 20 3792
64597 21 4449
64598 22 2274
64599 23 4182
64600 24 2857
64601 25 4010
64602 26 4542
64603 27 7808
64604 28 3108
64605 29 5812
64606 30 7775
64607 31 2675
64608 32 6517
64609 33 5125
64610 34 6106
64611 35 4108
64612 36 6465
64613 37 8108
64614 38 7039
64615 39 2169
64616 40 5082
64617 41 0
64618 42 7242
64619 43 1788
64620 44 5827
64621 45 6108
64622 46 3942
64623 47 4833
64624 48 0
64625 49 4669
64626 50 4275
64627 51 4981
64628 52 0
64629 53 6008
64630 54 1741
64631 55 6640
64632 56 2128
64633 57 4540
64634 58 4052
64635 59 4063
64636 60 4880
64637 61 3931
64638 62 6861
64639 63 1683
64640 64 4268
64641 65 0
64642 66 3110
64643 67 3947
64644 68 5242
64645 69 5176
64646 70 4842
64647 71 5488
64648 72 0
64649 73 2917
64650 74 3443
64651 75 2089
64652 76 2545
64653 77 4099
64654 78 3889
64655 79 3900
64656 80 7436
64657 81 3225
64658 82 3320
64659 83 6016
64660 84 0
64661 85 3418
64662 86 5934
64663 87 2496
64664 88 4033
64665 89 5692
64666 90 0
64667 91 3006
64668 92 5086
64669 93 2848
64670 94 3477
64671 95 3179
64672 96 4783
64673 97 3311
64674 98 2171
64675 99 3542
64676 100 1663
64677 101 6341
64678 102 3888
64679 103 3979
64680 104 6503
64681 105 6803
64682 106 7014
64683 107 1504
64684 108 4281
64685 109 6825
64686 110 2057
64687 111 4567
64688 112 4289
64689 113 4858
64690 114 2389
64691 115 3497
64692 116 4228
64693 117 5779
64694 118 6054
64695 119 7558
64696 120 8007
64697 121 0
64698 122 3455
64699 123 2373
64700 124 6621
64701 125 2202
64702 126 2719
64703 127 4403
64704 128 3146
64705 129 1469
64706 130 4978
64707 131 4178
64708 132 4674
64709 133 2553
64710 134 4242
64711 135 6931
64712 136 0
64713 137 2244
64714 138 2918
64715 139 4985
64716 140 4353
64717 141 2003
