2500
64577 1 2042
64578 2 3456
64579 3 6066
64580 4 6727
64581 5 5873
64582 6 2409
64583 7 7309
64584 8 4678
64585 9 6363
64586 10 5480
64587 11 4386
64588 12 0
64589 13 2572
64590 14 4175
64591 15 3425
64592 16 4243
64593 17 2271
64594 18 5458
64595 19 4304
64596 20 5313
64597 21 2469
64598 22 9147
64599 23 2048
64600 24 4049
64601 25 5719
64602 26 6073
64603 27 5095
64604 28 5975
64605 29 0
64606 30 4327
64607 31 4385
64608 32 1528
64609 33 4724
64610 34 4307
64611 35 2241
64612 36 3542
64613 37 0
64614 38 2499
64615 39 0
64616 40 2222
64617 41 2827
64618 42 3832
64619 43 2397
64620 44 4092
64621 45 6033
64622 46 2229
64623 47 6374
64624 48 4215
64625 49 4874
64626 50 6946
64627 51 3462
64628 52 0
64629 53 5119
64630 54 4425
64631 55 12065
64632 56 2002
64633 57 1158
64634 58 3664
64635 59 4441
64636 60 4209
64637 61 3241
64638 62 3648
64639 63 4116
64640 64 0
64641 65 3032
64642 66 4113
64643 67 0
64644 68 5087
64645 69 5309
64646 70 1594
64647 71 4101
64648 72 4590
64649 73 6062
64650 74 0
64651 75 3764
64652 76 5131
64653 77 2987
64654 78 0
64655 79 4203
64656 80 2132
64657 81 5676
64658 82 2241
64659 83 4908
64660 84 4050
64661 85 8225
64662 86 5396
64663 87 2515
64664 88 5100
64665 89 6407
64666 90 0
64667 91 2897
64668 92 3592
64669 93 1555
64670 94 7498
64671 95 0
64672 96 5159
64673 97 5150
64674 98 2720
64675 99 8482
64676 100 2003
64677 101 4287
64678 102 6134
64679 103 7596
64680 104 6683
64681 105 5416
64682 106 3949
64683 107 5119
64684 108 4980
64685 109 4158
64686 110 2168
64687 111 4751
64688 112 6200
64689 113 2214
64690 114 2851
64691 115 7376
64692 116 2813
64693 117 1516
64694 118 5051
64695 119 7613
64696 120 1590
64697 121 3321
64698 122 2408
64699 123 3405
64700 124 0
64701 125 4931
64702 126 3444
64703 127 4943
64704 128 2096
64705 129 5034
64706 130 0
64707 131 2694
64708 132 5343
64709 133 2961
64710 134 3924
64711 135 3902
64712 136 6591
64713 137 6462
64714 138 2003
64715 139 6603
64716 140 5482
64717 141 1696
64718 142 3920
64719 143 3794
64720 144 2616
64721 145 877
64722 146 3384
64723 147 1975
64724 148 6994
64725 149 2003
64726 150 743
64727 151 3061
64728 152 2616
64729 153 877
64730 154 3384
64731 155 1975
64732 156 6994
64733 157 2003
