2500
64577 1 3630
64578 2 5509
64579 3 5208
64580 4 1499
64581 5 3713
64582 6 2969
64583 7 1578
64584 8 4860
64585 9 2828
64586 10 4659
64587 11 2164
64588 12 3639
64589 13 3100
64590 14 2706
64591 15 5739
64592 16 2176
64593 17 5579
64594 18 2746
64595 19 4012
64596 20 1935
64597 21 2582
64598 22 0
64599 23 4479
64600 24 3259
64601 25 5883
64602 26 2458
64603 27 5163
64604 28 0
64605 29 3265
64606 30 2427
64607 31 5243
64608 32 2288
64609 33 3672
64610 34 4877
64611 35 2159
64612 36 3983
64613 37 4000
64614 38 1725
64615 39 5202
64616 40 3638
64617 41 5457
64618 42 3527
64619 43 6534
64620 44 2629
64621 45 7412
64622 46 7532
64623 47 0
64624 48 5868
64625 49 2482
64626 50 5320
64627 51 2900
64628 52 5093
64629 53 2112
64630 54 4714
64631 55 3882
64632 56 6667
64633 57 0
64634 58 5240
64635 59 1906
64636 60 5993
64637 61 6230
64638 62 4046
64639 63 5698
64640 64 4834
64641 65 12242
64642 66 1818
64643 67 2316
64644 68 4506
64645 69 2455
64646 70 5395
64647 71 4379
64648 72 2827
64649 73 1628
64650 74 5758
64651 75 2388
64652 76 4503
64653 77 0
64654 78 3080
64655 79 3382
64656 80 2733
64657 81 6287
64658 82 2003
64659 83 6469
64660 84 3415
64661 85 4507
64662 86 6095
64663 87 1609
64664 88 4595
64665 89 2987
64666 90 2501
64667 91 4399
64668 92 0
64669 93 2098
64670 94 3842
64671 95 3820
64672 96 3564
64673 97 4917
64674 98 5522
64675 99 5621
64676 100 1530
64677 101 8374
64678 102 2003
64679 103 5272
64680 104 3553
64681 105 4305
64682 106 7219
64683 107 3329
64684 108 5054
64685 109 5829
64686 110 4662
64687 111 3684
64688 112 3803
64689 113 7855
64690 114 1809
64691 115 3453
64692 116 3069
64693 117 4086
64694 118 2449
64695 119 3645
64696 120 1737
64697 121 3263
64698 122 1598
64699 123 2579
64700 124 5368
64701 125 2205
64702 126 4858
64703 127 6644
64704 128 1812
64705 129 2936
64706 130 2414
64707 131 3115
64708 132 1497
64709 133 4088
64710 134 7733
64711 135 1715
64712 136 4362
64713 137 5718
64714 138 0
64715 139 4229
64716 140 5430
64717 141 5038
64718 142 0
64719 143 913
64720 144 3687
64721 145 7004
64722 146 2239
64723 147 5572
64724 148 5461
64725 149 3492
64726 150 4401
64727 151 8928
64728 152 2003
