2500
64577 1 2879
64578 2 5130
64579 3 2562
64580 4 3901
64581 5 2510
64582 6 4596
64583 7 3466
64584 8 4813
64585 9 0
64586 10 5475
64587 11 3341
64588 12 3235
64589 13 1523
64590 14 3919
64591 15 1469
64592 16 5309
64593 17 1933
64594 18 6366
64595 19 5096
64596 20 0
64597 21 5361
64598 22 4769
64599 23 4025
64600 24 4477
64601 25 5154
64602 26 1720
64603 27 2431
64604 28 5269
64605 29 5936
64606 30 8053
64607 31 2003
64608 32 4155
64609 33 4176
64610 34 4740
64611 35 6879
64612 36 1762
64613 37 5243
64614 38 2406
64615 39 3575
64616 40 5723
64617 41 1693
64618 42 5075
64619 43 5908
64620 44 2304
64621 45 4274
64622 46 1492
64623 47 8303
64624 48 2138
64625 49 1494
64626 50 6351
64627 51 1781
64628 52 5722
64629 53 2057
64630 54 2378
64631 55 6934
64632 56 2393
64633 57 1333
64634 58 6331
64635 59 2490
64636 60 4859
64637 61 2480
64638 62 4229
64639 63 5545
64640 64 4679
64641 65 2230
64642 66 2655
64643 67 3024
64644 68 2554
64645 69 1486
64646 70 3328
64647 71 2709
64648 72 2618
64649 73 3597
64650 74 4748
64651 75 4421
64652 76 2457
64653 77 5422
64654 78 7168
64655 79 3987
64656 80 2468
64657 81 2824
64658 82 5417
64659 83 2141
64660 84 2979
64661 85 0
64662 86 5115
64663 87 0
64664 88 1300
64665 89 1968
64666 90 7738
64667 91 2642
64668 92 3191
64669 93 5890
64670 94 2428
64671 95 3811
64672 96 7341
64673 97 2906
64674 98 1327
64675 99 7672
64676 100 2152
64677 101 6631
64678 102 3897
64679 103 2320
64680 104 4856
64681 105 6556
64682 106 1479
64683 107 5818
64684 108 1317
64685 109 2202
64686 110 1299
64687 111 3837
64688 112 2906
64689 113 1790
64690 114 6101
64691 115 5649
64692 116 4149
64693 117 0
64694 118 3386
64695 119 1846
64696 120 2827
64697 121 3581
64698 122 3939
64699 123 6193
64700 124 1981
64701 125 2915
64702 126 1270
64703 127 1517
64704 128 5646
64705 129 5790
64706 130 2295
64707 131 3922
64708 132 4755
64709 133 0
64710 134 3873
64711 135 2795
64712 136 6621
64713 137 2244
64714 138 2049
64715 139 2392
64716 140 2225
64717 141 4340
64718 142 2462
64719 143 2727
64720 144 0
64721 145 1683
64722 146 2324
64723 147 4632
64724 148 4206
64725 149 4393
64726 150 5851
64727 151 2246
64728 152 2030
64729 153 2129
64730 154 5455
64731 155 4149
64732 156 4890
64733 157 2420
64734 158 3627
64735 159 4416
64736 160 5131
64737 161 7328
64738 162 2003
