2500
64577 1 6375
64578 2 2489
64579 3 5784
64580 4 0
64581 5 5492
64582 6 4931
64583 7 5659
64584 8 2228
64585 9 6384
64586 10 2358
64587 11 1267
64588 12 5441
64589 13 4463
64590 14 2876
64591 15 5711
64592 16 0
64593 17 3311
64594 18 5152
64595 19 3030
64596 20 5733
64597 21 5706
64598 22 2152
64599 23 6357
64600 24 2455
64601 25 4894
64602 26 6365
64603 27 3805
64604 28 1255
64605 29 5791
64606 30 2271
64607 31 2611
64608 32 2684
64609 33 4454
64610 34 5219
64611 35 2854
64612 36 5367
64613 37 4652
64614 38 2192
64615 39 4924
64616 40 2003
64617 41 4892
64618 42 2434
64619 43 4731
64620 44 2539
64621 45 3626
64622 46 1689
64623 47 3763
64624 48 2722
64625 49 0
64626 50 6659
64627 51 2668
64628 52 3144
64629 53 1294
64630 54 5079
64631 55 1699
64632 56 4589
64633 57 0
64634 58 2239
64635 59 3220
64636 60 1327
64637 61 6731
64638 62 1928
64639 63 4322
64640 64 1516
64641 65 4889
64642 66 6094
64643 67 3103
64644 68 4331
64645 69 0
64646 70 2967
64647 71 4782
64648 72 4763
64649 73 0
64650 74 2684
64651 75 4994
64652 76 5463
64653 77 2208
64654 78 2110
64655 79 4854
64656 80 2698
64657 81 4744
64658 82 6782
64659 83 1592
64660 84 3223
64661 85 4256
64662 86 2658
64663 87 4149
64664 88 4124
64665 89 5363
64666 90 2572
64667 91 2965
64668 92 4678
64669 93 0
64670 94 2462
64671 95 2700
64672 96 4576
64673 97 1389
64674 98 7926
64675 99 4194
64676 100 2201
64677 101 8601
64678 102 2186
64679 103 6266
64680 104 2643
64681 105 1482
64682 106 6198
64683 107 0
64684 108 5126
64685 109 7048
64686 110 8299
64687 111 1846
64688 112 3171
64689 113 5940
64690 114 0
64691 115 1232
64692 116 4017
64693 117 1924
64694 118 2464
64695 119 3375
64696 120 4653
64697 121 8390
64698 122 2192
64699 123 3445
64700 124 3093
64701 125 4711
64702 126 2779
64703 127 2911
64704 128 2568
64705 129 3939
64706 130 3516
64707 131 3041
64708 132 6751
64709 133 6810
64710 134 3356
64711 135 5459
64712 136 4617
64713 137 5199
64714 138 4990
64715 139 3416
64716 140 2178
64717 141 2921
64718 142 3826
64719 143 4472
64720 144 7639
64721 145 2537
64722 146 4444
64723 147 2781
64724 148 4094
64725 149 5552
64726 150 3339
64727 151 5591
64728 152 6293
64729 153 4290
64730 154 8012
64731 155 2003
