2500
64577 1 3485
64578 2 2864
64579 3 2352
64580 4 5409
64581 5 2482
64582 6 3435
64583 7 1859
64584 8 5305
64585 9 2615
64586 10 4143
64587 11 0
64588 12 3177
64589 13 1549
64590 14 3112
64591 15 3145
64592 16 3528
64593 17 6137
64594 18 2218
64595 19 2638
64596 20 2587
64597 21 1593
64598 22 4908
64599 23 3914
64600 24 0
64601 25 5732
64602 26 2772
64603 27 1852
64604 28 4983
64605 29 2266
64606 30 2645
64607 31 3641
64608 32 3362
64609 33 2378
64610 34 5062
64611 35 3811
64612 36 6101
64613 37 2021
64614 38 3203
64615 39 4408
64616 40 5272
64617 41 7002
64618 42 6528
64619 43 3006
64620 44 3739
64621 45 3654
64622 46 3783
64623 47 0
64624 48 1981
64625 49 1648
64626 50 3134
64627 51 3172
64628 52 3127
64629 53 5070
64630 54 2262
64631 55 4529
64632 56 3276
64633 57 2274
64634 58 4828
64635 59 1749
64636 60 4973
64637 61 2246
64638 62 4889
64639 63 3292
64640 64 3193
64641 65 4790
64642 66 3870
64643 67 5865
64644 68 2185
64645 69 1905
64646 70 2528
64647 71 1322
64648 72 2860
64649 73 5692
64650 74 5915
64651 75 3825
64652 76 3494
64653 77 3023
64654 78 0
64655 79 3983
64656 80 2151
64657 81 4244
64658 82 4687
64659 83 5367
64660 84 4126
64661 85 2913
64662 86 3651
64663 87 4757
64664 88 0
64665 89 2175
64666 90 1929
64667 91 3249
64668 92 3062
64669 93 2788
64670 94 6880
64671 95 2319
64672 96 3268
64673 97 5201
64674 98 2142
64675 99 5954
64676 100 0
64677 101 4999
64678 102 2329
64679 103 3394
64680 104 2471
64681 105 3517
64682 106 3850
64683 107 3136
64684 108 1489
64685 109 3503
64686 110 2755
64687 111 2746
64688 112 3548
64689 113 0
64690 114 2203
64691 115 2791
64692 116 3898
64693 117 3618
64694 118 2003
64695 119 3682
64696 120 4455
64697 121 5893
64698 122 2521
64699 123 4095
64700 124 1528
64701 125 4485
64702 126 0
64703 127 2643
64704 128 5635
64705 129 4195
64706 130 4910
64707 131 5200
64708 132 2701
64709 133 1630
64710 134 5173
64711 135 5486
64712 136 2777
64713 137 2770
64714 138 3527
64715 139 0
64716 140 5110
64717 141 2753
64718 142 9037
64719 143 2296
64720 144 3466
64721 145 4700
64722 146 5086
64723 147 2373
64724 148 5588
64725 149 3748
64726 150 4811
64727 151 5283
64728 152 2507
64729 153 6441
64730 154 3881
64731 155 6222
64732 156 5817
64733 157 3868
64734 158 6522
64735 159 0
64736 160 6820
64737 161 6647
64738 162 6795
64739 163 2705
64740 164 2333
64741 165 5826
64742 166 2003
