2500
64577 1 6716
64578 2 2700
64579 3 3352
64580 4 2876
64581 5 1583
64582 6 1553
64583 7 4382
64584 8 3024
64585 9 2975
64586 10 2603
64587 11 7103
64588 12 6668
64589 13 4244
64590 14 2539
64591 15 8092
64592 16 2256
64593 17 2491
64594 18 4643
64595 19 2521
64596 20 5467
64597 21 0
64598 22 2224
64599 23 2639
64600 24 3965
64601 25 4056
64602 26 1646
64603 27 5686
64604 28 2135
64605 29 1276
64606 30 4241
64607 31 2926
64608 32 4099
64609 33 4184
64610 34 8052
64611 35 1330
64612 36 4348
64613 37 2476
64614 38 3737
64615 39 3317
64616 40 5096
64617 41 2558
64618 42 3125
64619 43 4681
64620 44 3010
64621 45 3984
64622 46 3631
64623 47 4024
64624 48 5602
64625 49 0
64626 50 3147
64627 51 8147
64628 52 0
64629 53 5079
64630 54 2418
64631 55 0
64632 56 2283
64633 57 7679
64634 58 1399
64635 59 6388
64636 60 2307
64637 61 5621
64638 62 2920
64639 63 4484
64640 64 5807
64641 65 7380
64642 66 5838
64643 67 1479
64644 68 4785
64645 69 2722
64646 70 4031
64647 71 2203
64648 72 2906
64649 73 2730
64650 74 4548
64651 75 3941
64652 76 6135
64653 77 1594
64654 78 4025
64655 79 4524
64656 80 3427
64657 81 5722
64658 82 2077
64659 83 3298
64660 84 4103
64661 85 6732
64662 86 3355
64663 87 3809
64664 88 6077
64665 89 8285
64666 90 2506
64667 91 3615
64668 92 4336
64669 93 7875
64670 94 8482
64671 95 0
64672 96 3010
64673 97 2523
64674 98 7504
64675 99 2381
64676 100 6947
64677 101 5419
64678 102 1394
64679 103 2488
64680 104 4378
64681 105 0
64682 106 4373
64683 107 2943
64684 108 2629
64685 109 5500
64686 110 4017
64687 111 4136
64688 112 2003
64689 113 3864
64690 114 9539
64691 115 2556
64692 116 4712
64693 117 6767
64694 118 1777
64695 119 6276
64696 120 3286
64697 121 5823
64698 122 6031
64699 123 5798
64700 124 8040
64701 125 6764
64702 126 6518
64703 127 8601
64704 128 2197
64705 129 1941
64706 130 3413
64707 131 2519
64708 132 4613
64709 133 7448
64710 134 1638
64711 135 2076
64712 136 4518
64713 137 1383
64714 138 7215
64715 139 2758
64716 140 2471
64717 141 0
64718 142 2312
64719 143 2128
64720 144 3521
64721 145 4635
64722 146 3766
64723 147 6992
64724 148 2003
