2500
64577 1 3393
64578 2 4565
64579 3 5104
64580 4 2517
64581 5 5263
64582 6 4548
64583 7 4739
64584 8 2228
64585 9 2342
64586 10 4404
64587 11 5844
64588 12 3688
64589 13 8859
64590 14 3244
64591 15 8244
64592 16 3072
64593 17 6330
64594 18 3241
64595 19 6046
64596 20 7396
64597 21 7744
64598 22 3060
64599 23 4311
64600 24 2499
64601 25 3990
64602 26 2146
64603 27 3411
64604 28 4476
64605 29 5135
64606 30 2736
64607 31 3751
64608 32 4453
64609 33 5524
64610 34 5218
64611 35 2043
64612 36 6497
64613 37 6640
64614 38 5622
64615 39 5563
64616 40 6395
64617 41 8195
64618 42 3593
64619 43 7432
64620 44 4896
64621 45 5671
64622 46 0
64623 47 7609
64624 48 3392
64625 49 6219
64626 50 4909
64627 51 7486
64628 52 6659
64629 53 2191
64630 54 3342
64631 55 3482
64632 56 5028
64633 57 5700
64634 58 4392
64635 59 5574
64636 60 2135
64637 61 7547
64638 62 5431
64639 63 3018
64640 64 2348
64641 65 8549
64642 66 8707
64643 67 8015
64644 68 2219
64645 69 4276
64646 70 5036
64647 71 2522
64648 72 5636
64649 73 2878
64650 74 5499
64651 75 2429
64652 76 1407
64653 77 4057
64654 78 5412
64655 79 5769
64656 80 2546
64657 81 3153
64658 82 8377
64659 83 2183
64660 84 2804
64661 85 2420
64662 86 4046
64663 87 5007
64664 88 6719
64665 89 2348
64666 90 4773
64667 91 4102
64668 92 2653
64669 93 2345
64670 94 8316
64671 95 2236
64672 96 3250
64673 97 2385
64674 98 6238
64675 99 5108
64676 100 8442
64677 101 3108
64678 102 3408
64679 103 5373
64680 104 9127
64681 105 4390
64682 106 5441
64683 107 4130
64684 108 2718
64685 109 4175
64686 110 0
64687 111 3910
64688 112 5057
64689 113 4227
64690 114 4471
64691 115 11081
64692 116 2232
64693 117 4597
64694 118 3434
64695 119 2716
64696 120 5481
64697 121 5267
64698 122 0
64699 123 4837
64700 124 4804
64701 125 1602
64702 126 5924
64703 127 6747
64704 128 2003
