2500
64577 1 4314
64578 2 7641
64579 3 6895
64580 4 2712
64581 5 5240
64582 6 2953
64583 7 5136
64584 8 3943
64585 9 3196
64586 10 6347
64587 11 2934
64588 12 6020
64589 13 7292
64590 14 2206
64591 15 4076
64592 16 4867
64593 17 1635
64594 18 5298
64595 19 3121
64596 20 5561
64597 21 5182
64598 22 2744
64599 23 6978
64600 24 0
64601 25 5363
64602 26 4322
64603 27 5733
64604 28 2565
64605 29 5316
64606 30 0
64607 31 4592
64608 32 4534
64609 33 6522
64610 34 3802
64611 35 5582
64612 36 4007
64613 37 5695
64614 38 6185
64615 39 5117
64616 40 8829
64617 41 2186
64618 42 944
64619 43 3245
64620 44 2752
64621 45 4116
64622 46 5654
64623 47 8015
64624 48 6072
64625 49 2791
64626 50 5662
64627 51 4303
64628 52 2183
64629 53 7487
64630 54 6693
64631 55 5039
64632 56 0
64633 57 5520
64634 58 7276
64635 59 6906
64636 60 2197
64637 61 4338
64638 62 4808
64639 63 2559
64640 64 2331
64641 65 7270
64642 66 2727
64643 67 5461
64644 68 7015
64645 69 3523
64646 70 9109
64647 71 2797
64648 72 6194
64649 73 2868
64650 74 7125
64651 75 5236
64652 76 0
64653 77 2057
64654 78 2769
64655 79 4375
64656 80 1730
64657 81 8406
64658 82 2199
64659 83 2622
64660 84 4756
64661 85 6631
64662 86 5374
64663 87 4685
64664 88 2446
64665 89 3325
64666 90 2657
64667 91 6559
64668 92 8508
64669 93 6262
64670 94 4407
64671 95 7044
64672 96 1946
64673 97 4361
64674 98 2937
64675 99 2783
64676 100 3069
64677 101 2549
64678 102 2680
64679 103 0
64680 104 2930
64681 105 6405
64682 106 2353
64683 107 2906
64684 108 0
64685 109 6685
64686 110 5402
64687 111 2852
64688 112 6050
64689 113 1060
64690 114 4380
64691 115 3319
64692 116 6285
64693 117 2138
64694 118 2718
64695 119 3397
64696 120 3004
64697 121 9395
64698 122 2756
64699 123 4989
64700 124 4478
64701 125 4055
64702 126 1980
64703 127 3997
64704 128 6501
64705 129 2434
64706 130 4044
64707 131 0
64708 132 6203
64709 133 3182
64710 134 5592
64711 135 5570
64712 136 2003
