2500
64577 1 2663
64578 2 6335
64579 3 6139
64580 4 4684
64581 5 7186
64582 6 3743
64583 7 4173
64584 8 3617
64585 9 4990
64586 10 6557
64587 11 4771
64588 12 3033
64589 13 6703
64590 14 2695
64591 15 4513
64592 16 2326
64593 17 3565
64594 18 4645
64595 19 5057
64596 20 2356
64597 21 2581
64598 22 5173
64599 23 4575
64600 24 2894
64601 25 4184
64602 26 4314
64603 27 0
64604 28 3090
64605 29 3476
64606 30 2723
64607 31 2137
64608 32 3447
64609 33 5663
64610 34 1748
64611 35 4648
64612 36 6510
64613 37 2211
64614 38 1518
64615 39 5142
64616 40 4654
64617 41 2815
64618 42 3781
64619 43 3089
64620 44 3718
64621 45 0
64622 46 7176
64623 47 4228
64624 48 5429
64625 49 4361
64626 50 6816
64627 51 1749
64628 52 6185
64629 53 8916
64630 54 2228
64631 55 2506
64632 56 5063
64633 57 5560
64634 58 2756
64635 59 5730
64636 60 1443
64637 61 3324
64638 62 3261
64639 63 6414
64640 64 7684
64641 65 4058
64642 66 4187
64643 67 0
64644 68 8901
64645 69 5888
64646 70 6511
64647 71 1689
64648 72 6152
64649 73 7801
64650 74 2003
64651 75 2844
64652 76 4432
64653 77 6679
64654 78 6253
64655 79 3906
64656 80 2581
64657 81 7008
64658 82 5156
64659 83 1749
64660 84 3558
64661 85 3484
64662 86 2452
64663 87 5759
64664 88 2724
64665 89 5943
64666 90 4963
64667 91 3687
64668 92 4567
64669 93 9145
64670 94 1943
64671 95 4090
64672 96 6899
64673 97 2691
64674 98 3943
64675 99 5997
64676 100 4133
64677 101 2755
64678 102 2729
64679 103 6909
64680 104 2126
64681 105 3170
64682 106 4387
64683 107 4617
64684 108 7638
64685 109 4788
64686 110 3768
64687 111 4191
64688 112 2991
64689 113 4113
64690 114 3208
64691 115 4149
64692 116 3240
64693 117 3946
64694 118 0
64695 119 2567
64696 120 6967
64697 121 1453
64698 122 7994
64699 123 2237
64700 124 1978
64701 125 4029
64702 126 3627
64703 127 6195
64704 128 2647
64705 129 4758
64706 130 4028
64707 131 5456
64708 132 5448
64709 133 4607
64710 134 5969
64711 135 6131
64712 136 9235
64713 137 2003
