2500
64577 1 4365
64578 2 4040
64579 3 4187
64580 4 6816
64581 5 3379
64582 6 6712
64583 7 3830
64584 8 0
64585 9 5451
64586 10 3982
64587 11 7956
64588 12 3567
64589 13 4933
64590 14 4106
64591 15 4643
64592 16 4557
64593 17 5253
64594 18 1934
64595 19 2298
64596 20 5865
64597 21 1552
64598 22 7297
64599 23 5633
64600 24 2952
64601 25 1794
64602 26 7032
64603 27 2655
64604 28 4282
64605 29 5433
64606 30 3842
64607 31 1858
64608 32 3735
64609 33 5338
64610 34 8608
64611 35 5722
64612 36 1649
64613 37 6930
64614 38 5542
64615 39 2823
64616 40 0
64617 41 7115
64618 42 2794
64619 43 10376
64620 44 2003
64621 45 2110
64622 46 6238
64623 47 3449
64624 48 2516
64625 49 3210
64626 50 5984
64627 51 2621
64628 52 2430
64629 53 4966
64630 54 4977
64631 55 7320
64632 56 8029
64633 57 7004
64634 58 3885
64635 59 4948
64636 60 7564
64637 61 5386
64638 62 6853
64639 63 5760
64640 64 4272
64641 65 2977
64642 66 4227
64643 67 4789
64644 68 4789
64645 69 2265
64646 70 4828
64647 71 4870
64648 72 8581
64649 73 6873
64650 74 6311
64651 75 5020
64652 76 6718
64653 77 5041
64654 78 2945
64655 79 1734
64656 80 7184
64657 81 4805
64658 82 10352
64659 83 2420
64660 84 6495
64661 85 5488
64662 86 3285
64663 87 2660
64664 88 2576
64665 89 6955
64666 90 8634
64667 91 9282
64668 92 0
64669 93 8652
64670 94 3088
64671 95 9730
64672 96 2092
64673 97 1230
64674 98 4598
64675 99 4296
64676 100 2997
64677 101 6200
64678 102 3368
64679 103 10560
64680 104 2238
64681 105 2162
64682 106 3492
64683 107 3275
64684 108 6570
64685 109 6975
64686 110 4193
64687 111 3793
64688 112 1841
64689 113 5814
64690 114 2319
64691 115 7340
64692 116 6652
64693 117 3798
64694 118 4767
64695 119 2455
64696 120 6743
64697 121 6187
64698 122 6099
64699 123 2003
