2500
64577 1 3151
64578 2 3782
64579 3 2433
64580 4 4163
64581 5 3994
64582 6 1180
64583 7 3734
64584 8 5463
64585 9 4828
64586 10 2520
64587 11 3566
64588 12 3241
64589 13 0
64590 14 3562
64591 15 2734
64592 16 4864
64593 17 4746
64594 18 2233
64595 19 4161
64596 20 5272
64597 21 4031
64598 22 3873
64599 23 7003
64600 24 5994
64601 25 4373
64602 26 4117
64603 27 2316
64604 28 5226
64605 29 2720
64606 30 7039
64607 31 6902
64608 32 6810
64609 33 2276
64610 34 4320
64611 35 8471
64612 36 0
64613 37 3304
64614 38 6934
64615 39 6880
64616 40 5197
64617 41 1421
64618 42 2671
64619 43 4135
64620 44 4371
64621 45 2608
64622 46 4376
64623 47 3634
64624 48 0
64625 49 3408
64626 50 4185
64627 51 7249
64628 52 4908
64629 53 4476
64630 54 8553
64631 55 0
64632 56 3094
64633 57 3634
64634 58 3102
64635 59 2796
64636 60 3606
64637 61 2249
64638 62 0
64639 63 2942
64640 64 5596
64641 65 3683
64642 66 4650
64643 67 2254
64644 68 5926
64645 69 5175
64646 70 2313
64647 71 4127
64648 72 6691
64649 73 4371
64650 74 3623
64651 75 2863
64652 76 6505
64653 77 4158
64654 78 4343
64655 79 5375
64656 80 3533
64657 81 5744
64658 82 7325
64659 83 0
64660 84 3876
64661 85 5185
64662 86 7605
64663 87 5556
64664 88 7138
64665 89 0
64666 90 3208
64667 91 5707
64668 92 5376
64669 93 1310
64670 94 2627
64671 95 4293
64672 96 4066
64673 97 2729
64674 98 4027
64675 99 3430
64676 100 0
64677 101 3944
64678 102 2799
64679 103 5498
64680 104 4651
64681 105 2692
64682 106 3753
64683 107 5298
64684 108 5410
64685 109 9225
64686 110 5526
64687 111 9808
64688 112 2850
64689 113 3982
64690 114 1968
64691 115 8317
64692 116 8375
64693 117 11075
64694 118 2204
64695 119 3425
64696 120 5747
64697 121 5754
64698 122 3501
64699 123 3481
64700 124 4983
64701 125 0
64702 126 4637
64703 127 4281
64704 128 3993
64705 129 2384
64706 130 5721
64707 131 0
64708 132 9918
64709 133 1999
64710 134 6542
64711 135 2164
64712 136 5969
64713 137 10141
64714 138 2003
