2500
64577 1 1362
64578 2 3085
64579 3 3375
64580 4 5061
64581 5 3746
64582 6 4965
64583 7 2788
64584 8 5068
64585 9 3832
64586 10 5020
64587 11 4120
64588 12 1590
64589 13 5631
64590 14 3620
64591 15 1496
64592 16 8479
64593 17 2198
64594 18 5096
64595 19 2820
64596 20 3852
64597 21 3758
64598 22 6692
64599 23 5317
64600 24 7485
64601 25 5081
64602 26 4847
64603 27 3524
64604 28 2116
64605 29 5300
64606 30 4809
64607 31 8631
64608 32 4551
64609 33 2788
64610 34 5130
64611 35 2557
64612 36 4781
64613 37 5184
64614 38 6526
64615 39 3260
64616 40 6078
64617 41 7173
64618 42 2136
64619 43 3399
64620 44 5243
64621 45 4618
64622 46 4623
64623 47 6118
64624 48 6038
64625 49 6729
64626 50 3685
64627 51 7052
64628 52 2233
64629 53 6752
64630 54 3298
64631 55 5843
64632 56 2693
64633 57 4768
64634 58 4806
64635 59 8536
64636 60 5169
64637 61 2721
64638 62 2356
64639 63 6369
64640 64 4012
64641 65 8275
64642 66 1781
64643 67 3797
64644 68 4524
64645 69 7294
64646 70 6021
64647 71 4423
64648 72 5659
64649 73 6183
64650 74 2836
64651 75 3362
64652 76 3363
64653 77 2613
64654 78 2842
64655 79 0
64656 80 3272
64657 81 5023
64658 82 2755
64659 83 3447
64660 84 2366
64661 85 3913
64662 86 4580
64663 87 2809
64664 88 5363
64665 89 5355
64666 90 2341
64667 91 2855
64668 92 4829
64669 93 2794
64670 94 5539
64671 95 7098
64672 96 7809
64673 97 3447
64674 98 4666
64675 99 4681
64676 100 5228
64677 101 6034
64678 102 2566
64679 103 2745
64680 104 7591
64681 105 0
64682 106 1891
64683 107 3905
64684 108 6025
64685 109 2562
64686 110 2518
64687 111 5945
64688 112 1320
64689 113 7110
64690 114 2225
64691 115 3313
64692 116 3867
64693 117 3712
64694 118 4703
64695 119 2987
64696 120 2205
64697 121 3131
64698 122 3768
64699 123 3627
64700 124 4369
64701 125 1554
64702 126 5407
64703 127 3778
64704 128 2444
64705 129 3103
64706 130 0
64707 131 2486
64708 132 6692
64709 133 3639
64710 134 4178
64711 135 6340
64712 136 8381
64713 137 2003
