2500
64577 1 1999
64578 2 2398
64579 3 3366
64580 4 5715
64581 5 4704
64582 6 4149
64583 7 5818
64584 8 1995
64585 9 3192
64586 10 2348
64587 11 2831
64588 12 3505
64589 13 6725
64590 14 2434
64591 15 3550
64592 16 2578
64593 17 5997
64594 18 5532
64595 19 4591
64596 20 1775
64597 21 2106
64598 22 6329
64599 23 5644
64600 24 3109
64601 25 3173
64602 26 2554
64603 27 4277
64604 28 2130
64605 29 2590
64606 30 2328
64607 31 6764
64608 32 2330
64609 33 6957
64610 34 5642
64611 35 0
64612 36 5779
64613 37 4767
64614 38 2540
64615 39 4240
64616 40 6659
64617 41 2156
64618 42 5760
64619 43 1570
64620 44 4223
64621 45 5308
64622 46 0
64623 47 3968
64624 48 1593
64625 49 5384
64626 50 2590
64627 51 6336
64628 52 2157
64629 53 2196
64630 54 5263
64631 55 4474
64632 56 1847
64633 57 3651
64634 58 2785
64635 59 5909
64636 60 5870
64637 61 0
64638 62 1666
64639 63 3177
64640 64 2427
64641 65 10340
64642 66 1883
64643 67 3476
64644 68 4100
64645 69 5586
64646 70 2341
64647 71 3573
64648 72 5298
64649 73 3563
64650 74 0
64651 75 3003
64652 76 5306
64653 77 8383
64654 78 5420
64655 79 3134
64656 80 6427
64657 81 3592
64658 82 5659
64659 83 3098
64660 84 7257
64661 85 2072
64662 86 2637
64663 87 2768
64664 88 4782
64665 89 3401
64666 90 7470
64667 91 8387
64668 92 6516
64669 93 0
64670 94 7746
64671 95 3702
64672 96 2604
64673 97 7276
64674 98 0
64675 99 2262
64676 100 3989
64677 101 2169
64678 102 3490
64679 103 3247
64680 104 3457
64681 105 2506
64682 106 5355
64683 107 2947
64684 108 3492
64685 109 7927
64686 110 2208
64687 111 2910
64688 112 6096
64689 113 6076
64690 114 5221
64691 115 1795
64692 116 7093
64693 117 2880
64694 118 0
64695 119 4692
64696 120 6425
64697 121 2626
64698 122 3810
64699 123 9280
64700 124 2259
64701 125 5816
64702 126 2762
64703 127 5511
64704 128 2448
64705 129 4094
64706 130 0
64707 131 2530
64708 132 4621
64709 133 5232
64710 134 2632
64711 135 2514
64712 136 1838
64713 137 3918
64714 138 3134
64715 139 6152
64716 140 1790
64717 141 2431
64718 142 2938
64719 143 2322
64720 144 6362
64721 145 4394
64722 146 7022
64723 147 2316
64724 148 7725
64725 149 2003
