2500
64577 1 5474
64578 2 4037
64579 3 4296
64580 4 5658
64581 5 3213
64582 6 2572
64583 7 6597
64584 8 4356
64585 9 2364
64586 10 6201
64587 11 5669
64588 12 3965
64589 13 3818
64590 14 4269
64591 15 4711
64592 16 2543
64593 17 4589
64594 18 0
64595 19 3189
64596 20 1970
64597 21 5755
64598 22 6033
64599 23 2097
64600 24 5699
64601 25 4119
64602 26 7685
64603 27 5588
64604 28 4010
64605 29 3385
64606 30 7205
64607 31 2377
64608 32 5675
64609 33 2721
64610 34 3905
64611 35 7531
64612 36 2003
64613 37 4240
64614 38 2047
64615 39 4153
64616 40 2415
64617 41 2934
64618 42 0
64619 43 2707
64620 44 5765
64621 45 4643
64622 46 7753
64623 47 2003
64624 48 5930
64625 49 2614
64626 50 2279
64627 51 6483
64628 52 1886
64629 53 6101
64630 54 6321
64631 55 1862
64632 56 5321
64633 57 4712
64634 58 5200
64635 59 3132
64636 60 6415
64637 61 2332
64638 62 2606
64639 63 3552
64640 64 4487
64641 65 6039
64642 66 4062
64643 67 7099
64644 68 4407
64645 69 2305
64646 70 3152
64647 71 3712
64648 72 4657
64649 73 5217
64650 74 4134
64651 75 5648
64652 76 0
64653 77 6669
64654 78 4639
64655 79 6322
64656 80 2306
64657 81 1475
64658 82 4100
64659 83 4346
64660 84 3631
64661 85 4969
64662 86 7927
64663 87 4926
64664 88 4645
64665 89 6882
64666 90 5615
64667 91 3656
64668 92 1824
64669 93 2515
64670 94 6533
64671 95 6253
64672 96 7827
64673 97 0
64674 98 3000
64675 99 4722
64676 100 3209
64677 101 0
64678 102 2908
64679 103 3536
64680 104 3691
64681 105 5997
64682 106 5113
64683 107 6893
64684 108 7076
64685 109 6431
64686 110 5123
64687 111 4817
64688 112 2844
64689 113 3586
64690 114 7640
64691 115 1814
64692 116 4095
64693 117 6776
64694 118 2003
