2500
64577 1 3612
64578 2 3498
64579 3 1619
64580 4 4870
64581 5 0
64582 6 2768
64583 7 3305
64584 8 3314
64585 9 0
64586 10 5002
64587 11 4363
64588 12 6515
64589 13 5970
64590 14 1767
64591 15 2405
64592 16 3323
64593 17 6022
64594 18 5117
64595 19 3177
64596 20 2871
64597 21 3213
64598 22 5280
64599 23 7447
64600 24 4147
64601 25 5888
64602 26 8280
64603 27 1966
64604 28 3085
64605 29 2290
64606 30 4126
64607 31 2003
64608 32 2673
64609 33 4013
64610 34 1386
64611 35 5438
64612 36 6616
64613 37 5189
64614 38 3218
64615 39 4284
64616 40 4162
64617 41 2003
64618 42 3829
64619 43 5719
64620 44 4096
64621 45 4817
64622 46 4630
64623 47 0
64624 48 3577
64625 49 5868
64626 50 4417
64627 51 2003
64628 52 5246
64629 53 3358
64630 54 5515
64631 55 5092
64632 56 0
64633 57 4946
64634 58 3253
64635 59 3569
64636 60 4881
64637 61 2933
64638 62 4416
64639 63 4737
64640 64 5236
64641 65 4175
64642 66 2407
64643 67 6161
64644 68 7123
64645 69 4512
64646 70 5870
64647 71 6975
64648 72 0
64649 73 5524
64650 74 3684
64651 75 5753
64652 76 6043
64653 77 2169
64654 78 2664
64655 79 4229
64656 80 5006
64657 81 4599
64658 82 1736
64659 83 4874
64660 84 0
64661 85 4689
64662 86 2220
64663 87 2736
64664 88 4790
64665 89 4016
64666 90 4561
64667 91 5317
64668 92 2164
64669 93 2138
64670 94 4232
64671 95 2993
64672 96 5144
64673 97 3354
64674 98 4170
64675 99 5057
64676 100 2252
64677 101 1965
64678 102 5723
64679 103 3400
64680 104 5389
64681 105 5700
64682 106 0
64683 107 2838
64684 108 3288
64685 109 4490
64686 110 3955
64687 111 3848
64688 112 0
64689 113 2290
64690 114 2437
64691 115 4137
64692 116 2784
64693 117 4279
64694 118 0
64695 119 1856
64696 120 2959
64697 121 7186
64698 122 3224
64699 123 3862
64700 124 4739
64701 125 2178
64702 126 2873
64703 127 3402
64704 128 1750
64705 129 4306
64706 130 3285
64707 131 3252
64708 132 5169
64709 133 5143
64710 134 2920
64711 135 2602
64712 136 3776
64713 137 4196
64714 138 5964
64715 139 4659
64716 140 2192
64717 141 2264
64718 142 5432
64719 143 2435
64720 144 5491
64721 145 2374
64722 146 3127
64723 147 2848
64724 148 0
64725 149 3881
64726 150 3906
64727 151 5517
64728 152 5734
64729 153 4645
64730 154 4902
64731 155 2003
