2500
64577 1 1647
64578 2 4694
64579 3 3226
64580 4 6549
64581 5 4505
64582 6 1932
64583 7 3676
64584 8 1586
64585 9 3520
64586 10 2897
64587 11 2968
64588 12 1409
64589 13 4582
64590 14 2318
64591 15 5071
64592 16 6260
64593 17 6004
64594 18 5921
64595 19 2310
64596 20 3534
64597 21 2708
64598 22 6081
64599 23 4638
64600 24 2963
64601 25 5551
64602 26 3336
64603 27 5686
64604 28 5482
64605 29 5162
64606 30 5935
64607 31 6613
64608 32 2373
64609 33 5231
64610 34 3103
64611 35 5324
64612 36 5922
64613 37 4134
64614 38 4308
64615 39 3738
64616 40 0
64617 41 2124
64618 42 3503
64619 43 4284
64620 44 3376
64621 45 6076
64622 46 2071
64623 47 3244
64624 48 6002
64625 49 4709
64626 50 5317
64627 51 2314
64628 52 3872
64629 53 0
64630 54 6057
64631 55 5371
64632 56 5348
64633 57 5895
64634 58 5955
64635 59 2216
64636 60 1452
64637 61 4008
64638 62 2059
64639 63 2424
64640 64 3362
64641 65 3650
64642 66 4349
64643 67 4858
64644 68 4658
64645 69 2124
64646 70 1211
64647 71 4396
64648 72 3291
64649 73 2286
64650 74 4696
64651 75 2318
64652 76 3176
64653 77 6883
64654 78 5878
64655 79 0
64656 80 2538
64657 81 4439
64658 82 4898
64659 83 6321
64660 84 6364
64661 85 964
64662 86 5829
64663 87 2912
64664 88 3604
64665 89 3794
64666 90 2506
64667 91 2752
64668 92 7056
64669 93 3255
64670 94 3871
64671 95 2477
64672 96 5249
64673 97 2224
64674 98 5832
64675 99 3694
64676 100 4440
64677 101 3584
64678 102 2414
64679 103 5707
64680 104 3067
64681 105 3022
64682 106 7629
64683 107 5389
64684 108 3655
64685 109 5194
64686 110 2212
64687 111 3393
64688 112 2661
64689 113 2220
64690 114 1935
64691 115 5823
64692 116 0
64693 117 2333
64694 118 4976
64695 119 7976
64696 120 4112
64697 121 5500
64698 122 7772
64699 123 5075
64700 124 2069
64701 125 4216
64702 126 1396
64703 127 4427
64704 128 4182
64705 129 8428
64706 130 3121
64707 131 5794
64708 132 2582
64709 133 3751
64710 134 4775
64711 135 1825
64712 136 2396
64713 137 6182
64714 138 3433
64715 139 4775
64716 140 7807
64717 141 0
64718 142 3740
64719 143 7096
64720 144 4145
64721 145 6467
64722 146 2003
