2500
64577 1 3203
64578 2 5313
64579 3 4384
64580 4 4397
64581 5 3927
64582 6 2402
64583 7 3393
64584 8 4403
64585 9 2690
64586 10 2415
64587 11 2596
64588 12 5483
64589 13 2118
64590 14 2517
64591 15 4447
64592 16 3901
64593 17 5017
64594 18 2563
64595 19 4967
64596 20 2582
64597 21 5290
64598 22 2633
64599 23 5197
64600 24 5061
64601 25 4157
64602 26 6456
64603 27 1868
64604 28 2277
64605 29 2994
64606 30 4530
64607 31 4048
64608 32 3168
64609 33 3725
64610 34 4556
64611 35 0
64612 36 2526
64613 37 3146
64614 38 5927
64615 39 3969
64616 40 4344
64617 41 2012
64618 42 2211
64619 43 3745
64620 44 4564
64621 45 4797
64622 46 4023
64623 47 0
64624 48 3033
64625 49 5971
64626 50 4779
64627 51 0
64628 52 2426
64629 53 4353
64630 54 4880
64631 55 3785
64632 56 4300
64633 57 2139
64634 58 2656
64635 59 4017
64636 60 3329
64637 61 0
64638 62 2724
64639 63 4786
64640 64 6492
64641 65 4500
64642 66 5485
64643 67 2361
64644 68 2730
64645 69 4569
64646 70 5346
64647 71 2821
64648 72 4780
64649 73 2680
64650 74 2829
64651 75 5099
64652 76 0
64653 77 3370
64654 78 3337
64655 79 6019
64656 80 3182
64657 81 5253
64658 82 5067
64659 83 4790
64660 84 2127
64661 85 4213
64662 86 1390
64663 87 4596
64664 88 0
64665 89 2422
64666 90 3650
64667 91 5796
64668 92 2129
64669 93 2526
64670 94 4455
64671 95 2923
64672 96 4932
64673 97 2112
64674 98 3376
64675 99 2809
64676 100 4710
64677 101 3325
64678 102 3368
64679 103 5220
64680 104 0
64681 105 4232
64682 106 5204
64683 107 0
64684 108 3018
64685 109 3822
64686 110 3057
64687 111 5145
64688 112 2173
64689 113 3991
64690 114 4652
64691 115 1461
64692 116 3844
64693 117 3407
64694 118 7617
64695 119 6714
64696 120 0
64697 121 3131
64698 122 2977
64699 123 5381
64700 124 4574
64701 125 2116
64702 126 2702
64703 127 3777
64704 128 1631
64705 129 3244
64706 130 2340
64707 131 2591
64708 132 2569
64709 133 0
64710 134 1692
64711 135 4842
64712 136 5168
64713 137 4825
64714 138 2740
64715 139 5329
64716 140 5316
64717 141 3540
64718 142 5385
64719 143 2003
64720 144 2609
64721 145 4016
64722 146 1520
64723 147 5663
64724 148 3159
64725 149 0
64726 150 3457
64727 151 1859
64728 152 4256
64729 153 5768
64730 154 3017
64731 155 3572
64732 156 4873
64733 157 3735
64734 158 1811
64735 159 2525
64736 160 3437
64737 161 5308
64738 162 4594
64739 163 2760
64740 164 3037
64741 165 4974
64742 166 2003
