2500
64577 1 2777
64578 2 2979
64579 3 3028
64580 4 4112
64581 5 3135
64582 6 2363
64583 7 5484
64584 8 0
64585 9 2272
64586 10 4730
64587 11 1879
64588 12 2498
64589 13 3509
64590 14 3718
64591 15 3581
64592 16 1719
64593 17 4663
64594 18 4217
64595 19 6032
64596 20 2324
64597 21 8449
64598 22 4428
64599 23 5298
64600 24 4361
64601 25 2326
64602 26 6609
64603 27 2873
64604 28 0
64605 29 3420
64606 30 5163
64607 31 2528
64608 32 4751
64609 33 2003
64610 34 3321
64611 35 4024
64612 36 1880
64613 37 2795
64614 38 5172
64615 39 5956
64616 40 2178
64617 41 5293
64618 42 2478
64619 43 4118
64620 44 2003
64621 45 1697
64622 46 664
64623 47 2801
64624 48 3446
64625 49 3427
64626 50 2233
64627 51 4433
64628 52 2264
64629 53 4230
64630 54 2302
64631 55 2320
64632 56 4700
64633 57 4287
64634 58 2265
64635 59 5818
64636 60 3705
64637 61 2442
64638 62 4629
64639 63 2283
64640 64 3949
64641 65 2292
64642 66 3876
64643 67 1381
64644 68 6419
64645 69 3928
64646 70 5429
64647 71 2740
64648 72 3869
64649 73 0
64650 74 2656
64651 75 2036
64652 76 3101
64653 77 2206
64654 78 4171
64655 79 5058
64656 80 3838
64657 81 1624
64658 82 6234
64659 83 7530
64660 84 0
64661 85 2891
64662 86 3004
64663 87 4382
64664 88 4419
64665 89 2206
64666 90 2760
64667 91 3877
64668 92 5552
64669 93 4357
64670 94 4083
64671 95 3387
64672 96 3921
64673 97 1373
64674 98 5339
64675 99 6112
64676 100 4620
64677 101 5635
64678 102 2258
64679 103 5358
64680 104 2181
64681 105 5009
64682 106 3835
64683 107 1727
64684 108 5223
64685 109 2534
64686 110 5373
64687 111 2857
64688 112 0
64689 113 2799
64690 114 3854
64691 115 3073
64692 116 1593
64693 117 5137
64694 118 4485
64695 119 2503
64696 120 2459
64697 121 4715
64698 122 3700
64699 123 2003
64700 124 2934
64701 125 3216
64702 126 2644
64703 127 7076
64704 128 2514
64705 129 1814
64706 130 6973
64707 131 3912
64708 132 2446
64709 133 1702
64710 134 3588
64711 135 1673
64712 136 3640
64713 137 6369
64714 138 2452
64715 139 5203
64716 140 2653
64717 141 3941
64718 142 6716
64719 143 2062
64720 144 4354
64721 145 4137
64722 146 4221
64723 147 2098
64724 148 6214
64725 149 4825
64726 150 2314
64727 151 8363
64728 152 5035
64729 153 2003
64730 154 4152
64731 155 2274
64732 156 2589
64733 157 4452
64734 158 4652
64735 159 2810
64736 160 6897
64737 161 4163
64738 162 5121
64739 163 2003
