2500
64577 1 1557
64578 2 1196
64579 3 3593
64580 4 5775
64581 5 1248
64582 6 4944
64583 7 2321
64584 8 1263
64585 9 4148
64586 10 3192
64587 11 6909
64588 12 2397
64589 13 6753
64590 14 0
64591 15 7945
64592 16 2458
64593 17 5112
64594 18 0
64595 19 2055
64596 20 4004
64597 21 4970
64598 22 2488
64599 23 3218
64600 24 0
64601 25 8558
64602 26 4403
64603 27 7367
64604 28 6505
64605 29 2703
64606 30 2141
64607 31 0
64608 32 1792
64609 33 3816
64610 34 1444
64611 35 3921
64612 36 3404
64613 37 2013
64614 38 2660
64615 39 8347
64616 40 8378
64617 41 5248
64618 42 4725
64619 43 2280
64620 44 4346
64621 45 2334
64622 46 4063
64623 47 2290
64624 48 2975
64625 49 5894
64626 50 4159
64627 51 2925
64628 52 2731
64629 53 4878
64630 54 0
64631 55 2116
64632 56 6426
64633 57 3860
64634 58 4589
64635 59 0
64636 60 2278
64637 61 6149
64638 62 3068
64639 63 6212
64640 64 4129
64641 65 4407
64642 66 2177
64643 67 4198
64644 68 3563
64645 69 5831
64646 70 0
64647 71 2324
64648 72 2780
64649 73 6339
64650 74 1098
64651 75 2177
64652 76 3636
64653 77 5970
64654 78 0
64655 79 2935
64656 80 6662
64657 81 5219
64658 82 6892
64659 83 2221
64660 84 5511
64661 85 3506
64662 86 3353
64663 87 1651
64664 88 7000
64665 89 6554
64666 90 0
64667 91 3732
64668 92 4919
64669 93 3849
64670 94 5330
64671 95 2406
64672 96 4134
64673 97 0
64674 98 5679
64675 99 3985
64676 100 3940
64677 101 2320
64678 102 2095
64679 103 3999
64680 104 4210
64681 105 5796
64682 106 2444
64683 107 4346
64684 108 2200
64685 109 5395
64686 110 4876
64687 111 3903
64688 112 4122
64689 113 2522
64690 114 5123
64691 115 2109
64692 116 4359
64693 117 4212
64694 118 6754
64695 119 6861
64696 120 2831
64697 121 4281
64698 122 5883
64699 123 3803
64700 124 4232
64701 125 5728
64702 126 6448
64703 127 7862
64704 128 4859
64705 129 0
64706 130 2514
64707 131 4651
64708 132 3345
64709 133 3328
64710 134 5935
64711 135 2077
64712 136 2611
64713 137 2076
64714 138 2892
64715 139 2394
64716 140 2792
64717 141 6484
64718 142 2933
64719 143 2880
64720 144 5814
64721 145 1364
64722 146 6670
64723 147 4211
64724 148 5207
64725 149 0
64726 150 2979
64727 151 3233
64728 152 1639
64729 153 5630
64730 154 5951
64731 155 2003
