2500
64577 1 2571
64578 2 4402
64579 3 2011
64580 4 4812
64581 5 5725
64582 6 3031
64583 7 1936
64584 8 6079
64585 9 2312
64586 10 5852
64587 11 0
64588 12 5296
64589 13 3715
64590 14 4720
64591 15 5525
64592 16 5183
64593 17 2631
64594 18 0
64595 19 2355
64596 20 4038
64597 21 5232
64598 22 2366
64599 23 4945
64600 24 2237
64601 25 2477
64602 26 2596
64603 27 2047
64604 28 2359
64605 29 3551
64606 30 3889
64607 31 5777
64608 32 0
64609 33 2496
64610 34 4468
64611 35 4222
64612 36 3205
64613 37 4841
64614 38 2467
64615 39 4303
64616 40 5699
64617 41 7468
64618 42 6610
64619 43 1602
64620 44 6460
64621 45 0
64622 46 7056
64623 47 2747
64624 48 6655
64625 49 2519
64626 50 4847
64627 51 5065
64628 52 2003
64629 53 2453
64630 54 2595
64631 55 9698
64632 56 6527
64633 57 3659
64634 58 6375
64635 59 2317
64636 60 4952
64637 61 2682
64638 62 5535
64639 63 3240
64640 64 5285
64641 65 3559
64642 66 2174
64643 67 2646
64644 68 5870
64645 69 3738
64646 70 3865
64647 71 7267
64648 72 2723
64649 73 2685
64650 74 4808
64651 75 2437
64652 76 3018
64653 77 6157
64654 78 9461
64655 79 4699
64656 80 2732
64657 81 4191
64658 82 2272
64659 83 2539
64660 84 5116
64661 85 3238
64662 86 5835
64663 87 4785
64664 88 3133
64665 89 4317
64666 90 5731
64667 91 4143
64668 92 4657
64669 93 2219
64670 94 7356
64671 95 2113
64672 96 8142
64673 97 4384
64674 98 6080
64675 99 5399
64676 100 4776
64677 101 5388
64678 102 6073
64679 103 6925
64680 104 1665
64681 105 5845
64682 106 6728
64683 107 6316
64684 108 0
64685 109 2477
64686 110 6605
64687 111 6696
64688 112 2317
64689 113 5169
64690 114 1715
64691 115 2339
64692 116 6172
64693 117 3174
64694 118 2556
64695 119 5479
64696 120 5950
64697 121 0
64698 122 6316
64699 123 4371
64700 124 7521
64701 125 2395
64702 126 4171
64703 127 4140
64704 128 4179
64705 129 5335
64706 130 5233
64707 131 1595
64708 132 4903
64709 133 5770
64710 134 2582
64711 135 5046
64712 136 0
64713 137 2789
64714 138 4744
64715 139 6043
64716 140 5153
64717 141 2003
