2500
64577 1 2896
64578 2 4541
64579 3 3817
64580 4 1828
64581 5 4465
64582 6 3445
64583 7 2243
64584 8 6462
64585 9 2455
64586 10 3775
64587 11 0
64588 12 3148
64589 13 4657
64590 14 2477
64591 15 2848
64592 16 6542
64593 17 0
64594 18 3537
64595 19 5084
64596 20 5199
64597 21 2214
64598 22 6351
64599 23 1792
64600 24 5285
64601 25 2830
64602 26 4652
64603 27 3364
64604 28 1244
64605 29 5058
64606 30 6927
64607 31 5178
64608 32 2166
64609 33 1440
64610 34 4396
64611 35 2853
64612 36 6554
64613 37 2240
64614 38 1757
64615 39 4485
64616 40 2060
64617 41 6070
64618 42 3422
64619 43 3463
64620 44 4475
64621 45 5235
64622 46 4712
64623 47 4837
64624 48 2477
64625 49 4647
64626 50 5392
64627 51 1503
64628 52 5412
64629 53 2091
64630 54 1515
64631 55 4786
64632 56 3063
64633 57 4191
64634 58 3020
64635 59 4155
64636 60 2164
64637 61 1141
64638 62 4064
64639 63 6490
64640 64 2351
64641 65 3718
64642 66 6532
64643 67 1672
64644 68 2760
64645 69 5157
64646 70 6984
64647 71 4229
64648 72 7457
64649 73 7672
64650 74 2730
64651 75 5733
64652 76 3482
64653 77 4596
64654 78 5929
64655 79 2021
64656 80 2705
64657 81 3821
64658 82 2806
64659 83 4510
64660 84 7199
64661 85 0
64662 86 3598
64663 87 3205
64664 88 6521
64665 89 5963
64666 90 5210
64667 91 5592
64668 92 6606
64669 93 2520
64670 94 8411
64671 95 4811
64672 96 2302
64673 97 3348
64674 98 5043
64675 99 1829
64676 100 4680
64677 101 3999
64678 102 2975
64679 103 1569
64680 104 6104
64681 105 4300
64682 106 4516
64683 107 4513
64684 108 2040
64685 109 2341
64686 110 6490
64687 111 8432
64688 112 2517
64689 113 4405
64690 114 5538
64691 115 5423
64692 116 5815
64693 117 4559
64694 118 4671
64695 119 0
64696 120 3264
64697 121 7961
64698 122 5293
64699 123 2166
64700 124 3678
64701 125 1921
64702 126 5351
64703 127 1923
64704 128 5271
64705 129 3470
64706 130 4775
64707 131 3947
64708 132 3914
64709 133 1903
64710 134 2329
64711 135 6253
64712 136 5015
64713 137 5391
64714 138 6551
64715 139 6806
64716 140 1662
64717 141 1521
64718 142 3497
64719 143 2563
64720 144 4324
64721 145 4720
64722 146 2003
