2500
64577 1 3555
64578 2 5588
64579 3 3643
64580 4 6364
64581 5 4742
64582 6 2471
64583 7 9499
64584 8 0
64585 9 2767
64586 10 4683
64587 11 5310
64588 12 4025
64589 13 4550
64590 14 3488
64591 15 0
64592 16 2886
64593 17 2920
64594 18 4022
64595 19 7058
64596 20 6238
64597 21 8829
64598 22 4625
64599 23 4878
64600 24 4408
64601 25 6092
64602 26 0
64603 27 3745
64604 28 7592
64605 29 5825
64606 30 1451
64607 31 6013
64608 32 2635
64609 33 3071
64610 34 0
64611 35 6375
64612 36 5942
64613 37 3414
64614 38 4928
64615 39 5301
64616 40 4889
64617 41 6215
64618 42 2217
64619 43 4168
64620 44 5328
64621 45 2159
64622 46 5405
64623 47 0
64624 48 2311
64625 49 4287
64626 50 5949
64627 51 2475
64628 52 4323
64629 53 0
64630 54 3042
64631 55 7729
64632 56 3642
64633 57 6342
64634 58 1715
64635 59 7206
64636 60 0
64637 61 3480
64638 62 4588
64639 63 2785
64640 64 2476
64641 65 5699
64642 66 0
64643 67 4418
64644 68 3829
64645 69 2919
64646 70 5725
64647 71 4821
64648 72 4379
64649 73 6350
64650 74 1991
64651 75 2708
64652 76 6387
64653 77 8014
64654 78 5136
64655 79 5844
64656 80 5825
64657 81 2619
64658 82 2734
64659 83 8424
64660 84 7904
64661 85 3926
64662 86 2704
64663 87 3988
64664 88 4983
64665 89 5377
64666 90 4508
64667 91 5575
64668 92 2170
64669 93 1142
64670 94 5769
64671 95 2167
64672 96 5591
64673 97 0
64674 98 2030
64675 99 4055
64676 100 5448
64677 101 5925
64678 102 4625
64679 103 0
64680 104 3908
64681 105 2877
64682 106 3779
64683 107 4073
64684 108 6193
64685 109 2490
64686 110 6325
64687 111 6058
64688 112 3030
64689 113 2288
64690 114 5889
64691 115 0
64692 116 3542
64693 117 7022
64694 118 4499
64695 119 6268
64696 120 0
64697 121 6792
64698 122 2436
64699 123 7371
64700 124 7998
64701 125 2108
64702 126 5525
64703 127 3423
64704 128 4808
64705 129 2747
64706 130 4710
64707 131 9936
64708 132 2758
64709 133 5629
64710 134 0
64711 135 2387
64712 136 2845
64713 137 1524
64714 138 3612
64715 139 8371
64716 140 2003
