2500
64577 1 2921
64578 2 6383
64579 3 9720
64580 4 4044
64581 5 5490
64582 6 6888
64583 7 3300
64584 8 0
64585 9 3487
64586 10 1476
64587 11 5673
64588 12 5130
64589 13 2688
64590 14 4119
64591 15 2411
64592 16 4099
64593 17 2481
64594 18 2523
64595 19 5022
64596 20 5776
64597 21 2793
64598 22 5725
64599 23 0
64600 24 2857
64601 25 3746
64602 26 6371
64603 27 5407
64604 28 2323
64605 29 3452
64606 30 5757
64607 31 4851
64608 32 6428
64609 33 2470
64610 34 4179
64611 35 3780
64612 36 6147
64613 37 5162
64614 38 0
64615 39 2415
64616 40 5513
64617 41 4237
64618 42 4761
64619 43 6499
64620 44 2244
64621 45 3478
64622 46 4116
64623 47 5651
64624 48 2993
64625 49 3787
64626 50 2191
64627 51 3899
64628 52 1870
64629 53 5768
64630 54 4824
64631 55 4795
64632 56 7102
64633 57 2003
64634 58 2948
64635 59 2970
64636 60 5087
64637 61 4542
64638 62 4991
64639 63 6449
64640 64 6079
64641 65 5841
64642 66 5251
64643 67 1755
64644 68 2263
64645 69 3985
64646 70 5483
64647 71 4566
64648 72 2169
64649 73 2921
64650 74 3448
64651 75 3281
64652 76 3835
64653 77 4836
64654 78 0
64655 79 2273
64656 80 4186
64657 81 3532
64658 82 4266
64659 83 2276
64660 84 4209
64661 85 2462
64662 86 6793
64663 87 1617
64664 88 2668
64665 89 4378
64666 90 5032
64667 91 7668
64668 92 2290
64669 93 3478
64670 94 6836
64671 95 2083
64672 96 5113
64673 97 2003
64674 98 3003
64675 99 5075
64676 100 2422
64677 101 6015
64678 102 5273
64679 103 2994
64680 104 6538
64681 105 2866
64682 106 4356
64683 107 2870
64684 108 2975
64685 109 4391
64686 110 2306
64687 111 1382
64688 112 2438
64689 113 4033
64690 114 2653
64691 115 9098
64692 116 3791
64693 117 3237
64694 118 2869
64695 119 2071
64696 120 4534
64697 121 5075
64698 122 2262
64699 123 6824
64700 124 2239
64701 125 4457
64702 126 0
64703 127 2235
64704 128 4135
64705 129 2301
64706 130 2187
64707 131 2915
64708 132 2884
64709 133 4805
64710 134 2299
64711 135 3812
64712 136 2206
64713 137 3872
64714 138 2067
64715 139 3314
64716 140 3317
64717 141 5038
64718 142 4884
64719 143 4812
64720 144 4340
64721 145 2151
64722 146 1605
64723 147 3234
64724 148 2315
64725 149 2881
64726 150 4553
64727 151 6482
64728 152 2003
