2500
64577 1 2580
64578 2 4819
64579 3 2439
64580 4 4231
64581 5 0
64582 6 2465
64583 7 4266
64584 8 3449
64585 9 4809
64586 10 6341
64587 11 2155
64588 12 1677
64589 13 2426
64590 14 6846
64591 15 5274
64592 16 4409
64593 17 2607
64594 18 1806
64595 19 3138
64596 20 4132
64597 21 2913
64598 22 5265
64599 23 1514
64600 24 4298
64601 25 6089
64602 26 2202
64603 27 5257
64604 28 5939
64605 29 5170
64606 30 6301
64607 31 2003
64608 32 3967
64609 33 4404
64610 34 5513
64611 35 1869
64612 36 3059
64613 37 5797
64614 38 1789
64615 39 2602
64616 40 3305
64617 41 2959
64618 42 3674
64619 43 4630
64620 44 2436
64621 45 6915
64622 46 2203
64623 47 4349
64624 48 1976
64625 49 3793
64626 50 3560
64627 51 3709
64628 52 5404
64629 53 1817
64630 54 2533
64631 55 5649
64632 56 5077
64633 57 2300
64634 58 1483
64635 59 6110
64636 60 2445
64637 61 4541
64638 62 2603
64639 63 4116
64640 64 4910
64641 65 5075
64642 66 5787
64643 67 5443
64644 68 5227
64645 69 2174
64646 70 1296
64647 71 4282
64648 72 4859
64649 73 3206
64650 74 5507
64651 75 4568
64652 76 7046
64653 77 1621
64654 78 3727
64655 79 4288
64656 80 9364
64657 81 4431
64658 82 2157
64659 83 1397
64660 84 4646
64661 85 2599
64662 86 3308
64663 87 2700
64664 88 5899
64665 89 1227
64666 90 3721
64667 91 1927
64668 92 4829
64669 93 3115
64670 94 3742
64671 95 5076
64672 96 3628
64673 97 3956
64674 98 4584
64675 99 6427
64676 100 5847
64677 101 0
64678 102 2351
64679 103 6441
64680 104 3011
64681 105 2209
64682 106 3603
64683 107 2737
64684 108 3213
64685 109 4727
64686 110 2152
64687 111 2623
64688 112 2860
64689 113 5028
64690 114 1801
64691 115 4554
64692 116 1840
64693 117 5296
64694 118 5509
64695 119 3031
64696 120 2065
64697 121 3447
64698 122 3820
64699 123 2929
64700 124 4245
64701 125 4910
64702 126 2386
64703 127 1985
64704 128 1273
64705 129 5277
64706 130 1906
64707 131 5471
64708 132 4725
64709 133 4705
64710 134 6241
64711 135 3867
64712 136 4442
64713 137 2256
64714 138 5467
64715 139 4228
64716 140 5204
64717 141 2235
64718 142 2246
64719 143 5766
64720 144 3326
64721 145 5145
64722 146 3529
64723 147 5352
64724 148 0
64725 149 2803
64726 150 2950
64727 151 6815
64728 152 4897
64729 153 5467
64730 154 2003
