2500
64577 1 2981
64578 2 3281
64579 3 2707
64580 4 2696
64581 5 5593
64582 6 0
64583 7 3102
64584 8 4405
64585 9 2344
64586 10 2771
64587 11 3799
64588 12 5242
64589 13 2498
64590 14 4229
64591 15 0
64592 16 6274
64593 17 2573
64594 18 5650
64595 19 2457
64596 20 6608
64597 21 4297
64598 22 4371
64599 23 4688
64600 24 0
64601 25 5517
64602 26 4729
64603 27 0
64604 28 5645
64605 29 4274
64606 30 5531
64607 31 6458
64608 32 2003
64609 33 3380
64610 34 6229
64611 35 3835
64612 36 4320
64613 37 5152
64614 38 4352
64615 39 2085
64616 40 3843
64617 41 5448
64618 42 4884
64619 43 3092
64620 44 7092
64621 45 4002
64622 46 5804
64623 47 2165
64624 48 1201
64625 49 2583
64626 50 3703
64627 51 1854
64628 52 2440
64629 53 3927
64630 54 3601
64631 55 7119
64632 56 6349
64633 57 3829
64634 58 2582
64635 59 1768
64636 60 4057
64637 61 5768
64638 62 4576
64639 63 2894
64640 64 3428
64641 65 1547
64642 66 2900
64643 67 3096
64644 68 2841
64645 69 6410
64646 70 2679
64647 71 6662
64648 72 2003
64649 73 1886
64650 74 1389
64651 75 3043
64652 76 5814
64653 77 4715
64654 78 3976
64655 79 2536
64656 80 2309
64657 81 7610
64658 82 5504
64659 83 5790
64660 84 0
64661 85 4959
64662 86 5768
64663 87 4520
64664 88 2128
64665 89 3839
64666 90 4659
64667 91 3967
64668 92 3209
64669 93 4151
64670 94 4739
64671 95 0
64672 96 4141
64673 97 2172
64674 98 6067
64675 99 1851
64676 100 4655
64677 101 3525
64678 102 2025
64679 103 5673
64680 104 2465
64681 105 7417
64682 106 5918
64683 107 6332
64684 108 2348
64685 109 2571
64686 110 3046
64687 111 4662
64688 112 1767
64689 113 2685
64690 114 4974
64691 115 2682
64692 116 3179
64693 117 7529
64694 118 6330
64695 119 5094
64696 120 3177
64697 121 5576
64698 122 6589
64699 123 6102
64700 124 2462
64701 125 4145
64702 126 1860
64703 127 8240
64704 128 3996
64705 129 5528
64706 130 6619
64707 131 3326
64708 132 3803
64709 133 4575
64710 134 2032
64711 135 3653
64712 136 2303
64713 137 3802
64714 138 2692
64715 139 6090
64716 140 5626
64717 141 5391
64718 142 2595
64719 143 2971
64720 144 2938
64721 145 5383
64722 146 3809
64723 147 3561
64724 148 4715
64725 149 2003
