2500
64577 1 5478
64578 2 4298
64579 3 5136
64580 4 2664
64581 5 0
64582 6 2570
64583 7 5668
64584 8 2531
64585 9 4221
64586 10 4442
64587 11 2003
64588 12 4984
64589 13 4108
64590 14 5105
64591 15 2388
64592 16 4896
64593 17 2758
64594 18 3874
64595 19 4699
64596 20 4322
64597 21 2003
64598 22 1868
64599 23 4329
64600 24 2777
64601 25 1338
64602 26 1825
64603 27 4307
64604 28 0
64605 29 2199
64606 30 4092
64607 31 2939
64608 32 2991
64609 33 2094
64610 34 2871
64611 35 2093
64612 36 2898
64613 37 4423
64614 38 4551
64615 39 0
64616 40 5815
64617 41 0
64618 42 4461
64619 43 0
64620 44 2184
64621 45 5478
64622 46 5157
64623 47 2486
64624 48 1281
64625 49 3119
64626 50 3210
64627 51 3305
64628 52 6685
64629 53 2185
64630 54 5744
64631 55 5896
64632 56 5268
64633 57 6429
64634 58 5132
64635 59 1216
64636 60 2184
64637 61 1960
64638 62 4039
64639 63 2618
64640 64 1324
64641 65 4043
64642 66 5043
64643 67 0
64644 68 1926
64645 69 1712
64646 70 5138
64647 71 2751
64648 72 6571
64649 73 5220
64650 74 0
64651 75 2504
64652 76 4249
64653 77 6581
64654 78 2323
64655 79 4662
64656 80 2680
64657 81 4015
64658 82 2494
64659 83 3279
64660 84 4579
64661 85 1994
64662 86 2742
64663 87 4058
64664 88 2153
64665 89 4013
64666 90 1195
64667 91 3863
64668 92 2886
64669 93 2323
64670 94 3223
64671 95 2024
64672 96 4029
64673 97 1618
64674 98 4508
64675 99 2105
64676 100 3075
64677 101 2021
64678 102 2487
64679 103 2097
64680 104 2484
64681 105 1118
64682 106 4205
64683 107 5221
64684 108 2003
64685 109 4405
64686 110 2484
64687 111 4325
64688 112 3278
64689 113 2557
64690 114 4388
64691 115 6112
64692 116 2342
64693 117 3850
64694 118 1621
64695 119 3656
64696 120 3
64697 121 2259
64698 122 2904
64699 123 5183
64700 124 3702
64701 125 5913
64702 126 2731
64703 127 4266
64704 128 5450
64705 129 6651
64706 130 4416
64707 131 7633
64708 132 8263
64709 133 3451
64710 134 3935
64711 135 3711
64712 136 5528
64713 137 2003
64714 138 5429
64715 139 2923
64716 140 2763
64717 141 2249
64718 142 4357
64719 143 5952
64720 144 3239
64721 145 4078
64722 146 2686
64723 147 3213
64724 148 2003
