2500
64577 1 1516
64578 2 2899
64579 3 2579
64580 4 2345
64581 5 2809
64582 6 2955
64583 7 6185
64584 8 0
64585 9 6367
64586 10 4315
64587 11 4677
64588 12 2123
64589 13 6200
64590 14 0
64591 15 2257
64592 16 6271
64593 17 2411
64594 18 4281
64595 19 2274
64596 20 6470
64597 21 3949
64598 22 4595
64599 23 2532
64600 24 4859
64601 25 2498
64602 26 1315
64603 27 4507
64604 28 5337
64605 29 7584
64606 30 5156
64607 31 1864
64608 32 3020
64609 33 4994
64610 34 1631
64611 35 2354
64612 36 5650
64613 37 4325
64614 38 2285
64615 39 6018
64616 40 3562
64617 41 4576
64618 42 3729
64619 43 2173
64620 44 2924
64621 45 6757
64622 46 1535
64623 47 4496
64624 48 6047
64625 49 4282
64626 50 2410
64627 51 1660
64628 52 6260
64629 53 1888
64630 54 6454
64631 55 6731
64632 56 5427
64633 57 4049
64634 58 2685
64635 59 5472
64636 60 3937
64637 61 2003
64638 62 2055
64639 63 2885
64640 64 5138
64641 65 2904
64642 66 6707
64643 67 4346
64644 68 3441
64645 69 3980
64646 70 2738
64647 71 4781
64648 72 4724
64649 73 4181
64650 74 1913
64651 75 2702
64652 76 3601
64653 77 4766
64654 78 2475
64655 79 5918
64656 80 2592
64657 81 6151
64658 82 1661
64659 83 8834
64660 84 5276
64661 85 4795
64662 86 2323
64663 87 2387
64664 88 5843
64665 89 5373
64666 90 2280
64667 91 6356
64668 92 4942
64669 93 2806
64670 94 4412
64671 95 3499
64672 96 2191
64673 97 2892
64674 98 3797
64675 99 4363
64676 100 4246
64677 101 4809
64678 102 0
64679 103 4194
64680 104 4696
64681 105 5136
64682 106 6024
64683 107 7432
64684 108 4674
64685 109 2003
64686 110 5604
64687 111 2804
64688 112 5498
64689 113 2007
64690 114 4041
64691 115 4576
64692 116 3706
64693 117 3096
64694 118 7407
64695 119 6393
64696 120 2056
64697 121 4292
64698 122 2796
64699 123 4340
64700 124 3812
64701 125 0
64702 126 2915
64703 127 2471
64704 128 2362
64705 129 5445
64706 130 2003
64707 131 5135
64708 132 4020
64709 133 5180
64710 134 2721
64711 135 4754
64712 136 4567
64713 137 0
64714 138 2835
64715 139 4671
64716 140 5008
64717 141 5984
64718 142 2976
64719 143 0
64720 144 2975
64721 145 3730
64722 146 4000
64723 147 5225
64724 148 2710
64725 149 2985
64726 150 6880
64727 151 2003
