2500
64577 1 2470
64578 2 9223
64579 3 2507
64580 4 7560
64581 5 2741
64582 6 2779
64583 7 3248
64584 8 2601
64585 9 5623
64586 10 3786
64587 11 5347
64588 12 3650
64589 13 2350
64590 14 5667
64591 15 4999
64592 16 2346
64593 17 2621
64594 18 3528
64595 19 4466
64596 20 2224
64597 21 1162
64598 22 4077
64599 23 6458
64600 24 2304
64601 25 5618
64602 26 4479
64603 27 2143
64604 28 7017
64605 29 3349
64606 30 5547
64607 31 3073
64608 32 4654
64609 33 6751
64610 34 3495
64611 35 6097
64612 36 3155
64613 37 1864
64614 38 4458
64615 39 3560
64616 40 0
64617 41 4464
64618 42 2562
64619 43 5067
64620 44 2861
64621 45 0
64622 46 2304
64623 47 3490
64624 48 2712
64625 49 2807
64626 50 6069
64627 51 0
64628 52 3009
64629 53 4981
64630 54 2760
64631 55 3725
64632 56 2319
64633 57 3846
64634 58 5881
64635 59 2272
64636 60 8405
64637 61 4488
64638 62 3657
64639 63 3617
64640 64 0
64641 65 7100
64642 66 3583
64643 67 5569
64644 68 4479
64645 69 5765
64646 70 0
64647 71 4969
64648 72 4757
64649 73 5741
64650 74 7187
64651 75 0
64652 76 1244
64653 77 5842
64654 78 4929
64655 79 4741
64656 80 4419
64657 81 4489
64658 82 6479
64659 83 4995
64660 84 4679
64661 85 2318
64662 86 9729
64663 87 6280
64664 88 7281
64665 89 4285
64666 90 0
64667 91 2626
64668 92 3196
64669 93 4434
64670 94 5049
64671 95 4787
64672 96 0
64673 97 3184
64674 98 3880
64675 99 3447
64676 100 1335
64677 101 3484
64678 102 2887
64679 103 0
64680 104 3078
64681 105 6903
64682 106 3353
64683 107 2842
64684 108 5389
64685 109 6057
64686 110 4672
64687 111 8760
64688 112 3935
64689 113 2600
64690 114 6770
64691 115 5684
64692 116 2964
64693 117 3060
64694 118 5111
64695 119 7841
64696 120 4386
64697 121 3688
64698 122 9044
64699 123 2796
64700 124 5611
64701 125 3595
64702 126 4451
64703 127 1891
64704 128 4474
64705 129 2373
64706 130 6140
64707 131 7936
64708 132 8216
64709 133 1199
64710 134 10473
64711 135 2972
64712 136 5671
64713 137 3163
64714 138 6640
64715 139 2670
64716 140 3860
64717 141 2003
