2500
64577 1 7922
64578 2 4356
64579 3 4818
64580 4 6232
64581 5 3594
64582 6 3418
64583 7 2871
64584 8 2959
64585 9 2607
64586 10 5860
64587 11 1544
64588 12 3328
64589 13 3283
64590 14 1997
64591 15 7109
64592 16 4696
64593 17 5860
64594 18 0
64595 19 5366
64596 20 3420
64597 21 5474
64598 22 4222
64599 23 0
64600 24 4284
64601 25 3349
64602 26 3338
64603 27 0
64604 28 2690
64605 29 5255
64606 30 3908
64607 31 2930
64608 32 4576
64609 33 7200
64610 34 5509
64611 35 6836
64612 36 2530
64613 37 8584
64614 38 3682
64615 39 5002
64616 40 5327
64617 41 8032
64618 42 5499
64619 43 7770
64620 44 7220
64621 45 3314
64622 46 6060
64623 47 0
64624 48 8093
64625 49 5090
64626 50 6371
64627 51 5399
64628 52 0
64629 53 1794
64630 54 2580
64631 55 2937
64632 56 6369
64633 57 1333
64634 58 6068
64635 59 2775
64636 60 3699
64637 61 0
64638 62 2614
64639 63 3469
64640 64 3839
64641 65 2231
64642 66 3446
64643 67 4403
64644 68 2687
64645 69 5865
64646 70 3905
64647 71 4418
64648 72 3484
64649 73 2117
64650 74 2527
64651 75 4475
64652 76 5116
64653 77 2687
64654 78 3926
64655 79 3578
64656 80 3795
64657 81 1919
64658 82 3088
64659 83 1807
64660 84 4278
64661 85 3047
64662 86 0
64663 87 6711
64664 88 4249
64665 89 2289
64666 90 4935
64667 91 2998
64668 92 4140
64669 93 1857
64670 94 5068
64671 95 2627
64672 96 4915
64673 97 2357
64674 98 3184
64675 99 4474
64676 100 2223
64677 101 4559
64678 102 1335
64679 103 6388
64680 104 4044
64681 105 4160
64682 106 5069
64683 107 6401
64684 108 4726
64685 109 2236
64686 110 1987
64687 111 2925
64688 112 3413
64689 113 3215
64690 114 4248
64691 115 0
64692 116 2320
64693 117 4300
64694 118 7696
64695 119 6651
64696 120 0
64697 121 4444
64698 122 2641
64699 123 6171
64700 124 0
64701 125 2059
64702 126 3171
64703 127 2769
64704 128 5533
64705 129 2658
64706 130 2896
64707 131 2497
64708 132 3981
64709 133 1551
64710 134 8320
64711 135 3927
64712 136 2174
64713 137 4299
64714 138 1943
64715 139 3776
64716 140 4429
64717 141 2298
64718 142 6161
64719 143 3613
64720 144 0
64721 145 1704
64722 146 4624
64723 147 7699
64724 148 2878
64725 149 3269
64726 150 2648
64727 151 5176
64728 152 5660
64729 153 2003
