2500
64577 1 4949
64578 2 4989
64579 3 2384
64580 4 5583
64581 5 5481
64582 6 4237
64583 7 6060
64584 8 5035
64585 9 6262
64586 10 5845
64587 11 0
64588 12 2543
64589 13 2930
64590 14 4636
64591 15 4142
64592 16 3376
64593 17 4121
64594 18 5029
64595 19 4605
64596 20 0
64597 21 2619
64598 22 3387
64599 23 2360
64600 24 4969
64601 25 3600
64602 26 2805
64603 27 3697
64604 28 3557
64605 29 3926
64606 30 3292
64607 31 3887
64608 32 3497
64609 33 2064
64610 34 3093
64611 35 3708
64612 36 2370
64613 37 3838
64614 38 0
64615 39 2862
64616 40 4046
64617 41 5590
64618 42 3491
64619 43 3437
64620 44 5601
64621 45 0
64622 46 2661
64623 47 5212
64624 48 6718
64625 49 2695
64626 50 3396
64627 51 3225
64628 52 5656
64629 53 0
64630 54 2771
64631 55 7462
64632 56 4612
64633 57 3221
64634 58 6501
64635 59 4608
64636 60 5378
64637 61 0
64638 62 4180
64639 63 6924
64640 64 7024
64641 65 5507
64642 66 1739
64643 67 2305
64644 68 4328
64645 69 5518
64646 70 5754
64647 71 7986
64648 72 2668
64649 73 1752
64650 74 4520
64651 75 3059
64652 76 2551
64653 77 5196
64654 78 4622
64655 79 2215
64656 80 4310
64657 81 2628
64658 82 4799
64659 83 3620
64660 84 3692
64661 85 2383
64662 86 4278
64663 87 4566
64664 88 3672
64665 89 2691
64666 90 2345
64667 91 4368
64668 92 2318
64669 93 4091
64670 94 5934
64671 95 3244
64672 96 4614
64673 97 2642
64674 98 4927
64675 99 6285
64676 100 4840
64677 101 3023
64678 102 2140
64679 103 5637
64680 104 0
64681 105 2421
64682 106 5038
64683 107 6692
64684 108 5190
64685 109 2138
64686 110 1187
64687 111 5631
64688 112 2758
64689 113 3328
64690 114 4232
64691 115 4247
64692 116 6225
64693 117 4806
64694 118 2345
64695 119 4358
64696 120 6645
64697 121 4103
64698 122 5129
64699 123 4823
64700 124 3372
64701 125 1731
64702 126 3032
64703 127 5695
64704 128 3907
64705 129 5095
64706 130 2288
64707 131 3010
64708 132 3236
64709 133 3419
64710 134 0
64711 135 4523
64712 136 5973
64713 137 3367
64714 138 2247
64715 139 3491
64716 140 2287
64717 141 3387
64718 142 3885
64719 143 7059
64720 144 2742
64721 145 5832
64722 146 1957
64723 147 5004
64724 148 3994
64725 149 3402
64726 150 3964
64727 151 3152
64728 152 2003
