2500
64577 1 4502
64578 2 4860
64579 3 2993
64580 4 3551
64581 5 6201
64582 6 2662
64583 7 1614
64584 8 3095
64585 9 1988
64586 10 3429
64587 11 4067
64588 12 2754
64589 13 2211
64590 14 2772
64591 15 3026
64592 16 5591
64593 17 4610
64594 18 3949
64595 19 4564
64596 20 2467
64597 21 2281
64598 22 4664
64599 23 3241
64600 24 3582
64601 25 4716
64602 26 2208
64603 27 2450
64604 28 2097
64605 29 6300
64606 30 2591
64607 31 5390
64608 32 6248
64609 33 4576
64610 34 5739
64611 35 2249
64612 36 4027
64613 37 1358
64614 38 2470
64615 39 4588
64616 40 2043
64617 41 5838
64618 42 4270
64619 43 2003
64620 44 6042
64621 45 1861
64622 46 2768
64623 47 2527
64624 48 3044
64625 49 3991
64626 50 3011
64627 51 3284
64628 52 2229
64629 53 3205
64630 54 1999
64631 55 4847
64632 56 5047
64633 57 3235
64634 58 1710
64635 59 3243
64636 60 2684
64637 61 1787
64638 62 2168
64639 63 2646
64640 64 3877
64641 65 0
64642 66 2356
64643 67 2606
64644 68 1716
64645 69 2296
64646 70 3396
64647 71 3193
64648 72 4271
64649 73 2231
64650 74 4294
64651 75 3226
64652 76 1896
64653 77 4279
64654 78 3242
64655 79 2312
64656 80 4940
64657 81 4905
64658 82 4285
64659 83 5887
64660 84 2485
64661 85 5316
64662 86 5237
64663 87 5171
64664 88 2962
64665 89 2206
64666 90 1169
64667 91 4227
64668 92 4351
64669 93 3880
64670 94 2980
64671 95 6628
64672 96 2227
64673 97 4144
64674 98 2184
64675 99 6112
64676 100 6000
64677 101 6043
64678 102 4819
64679 103 6675
64680 104 2512
64681 105 1825
64682 106 3239
64683 107 3067
64684 108 3124
64685 109 4720
64686 110 2542
64687 111 6402
64688 112 4794
64689 113 5438
64690 114 1570
64691 115 3845
64692 116 3762
64693 117 3896
64694 118 2187
64695 119 2289
64696 120 2820
64697 121 2068
64698 122 2687
64699 123 6697
64700 124 2504
64701 125 3434
64702 126 2785
64703 127 1866
64704 128 3363
64705 129 5305
64706 130 2166
64707 131 4146
64708 132 4328
64709 133 2396
64710 134 3485
64711 135 0
64712 136 1904
64713 137 3141
64714 138 3072
64715 139 3486
64716 140 3854
64717 141 2278
64718 142 5217
64719 143 2679
64720 144 3121
64721 145 4346
64722 146 4092
64723 147 5787
64724 148 4120
64725 149 2460
64726 150 5317
64727 151 5862
64728 152 2712
64729 153 3368
64730 154 5221
64731 155 4894
64732 156 5073
64733 157 4650
64734 158 4126
64735 159 0
64736 160 3235
64737 161 2408
64738 162 1769
64739 163 2207
64740 164 3237
64741 165 5477
64742 166 2003
