2500
64577 1 4343
64578 2 6022
64579 3 3931
64580 4 5387
64581 5 4998
64582 6 0
64583 7 6843
64584 8 7227
64585 9 2985
64586 10 3298
64587 11 3597
64588 12 3500
64589 13 3984
64590 14 3436
64591 15 2370
64592 16 3549
64593 17 3599
64594 18 4606
64595 19 3820
64596 20 5415
64597 21 4406
64598 22 7393
64599 23 2150
64600 24 3561
64601 25 4563
64602 26 3232
64603 27 2293
64604 28 6273
64605 29 2574
64606 30 3591
64607 31 3830
64608 32 2606
64609 33 5008
64610 34 2982
64611 35 5596
64612 36 2525
64613 37 2770
64614 38 0
64615 39 2228
64616 40 5133
64617 41 2354
64618 42 4381
64619 43 2434
64620 44 4560
64621 45 2281
64622 46 4979
64623 47 6270
64624 48 3729
64625 49 7586
64626 50 6380
64627 51 2655
64628 52 3290
64629 53 6225
64630 54 5879
64631 55 3086
64632 56 3380
64633 57 7523
64634 58 1397
64635 59 4026
64636 60 5386
64637 61 2410
64638 62 4095
64639 63 3010
64640 64 7332
64641 65 0
64642 66 5887
64643 67 1634
64644 68 3904
64645 69 4996
64646 70 0
64647 71 2255
64648 72 4044
64649 73 3527
64650 74 3292
64651 75 2290
64652 76 2545
64653 77 2471
64654 78 7056
64655 79 6746
64656 80 3509
64657 81 6160
64658 82 2383
64659 83 4095
64660 84 3524
64661 85 2454
64662 86 4274
64663 87 4359
64664 88 2576
64665 89 2470
64666 90 3264
64667 91 0
64668 92 9411
64669 93 6611
64670 94 4525
64671 95 2509
64672 96 3537
64673 97 2922
64674 98 4921
64675 99 4295
64676 100 0
64677 101 3849
64678 102 7218
64679 103 3645
64680 104 2267
64681 105 1243
64682 106 1812
64683 107 7529
64684 108 3846
64685 109 7617
64686 110 6186
64687 111 2274
64688 112 3806
64689 113 5502
64690 114 1714
64691 115 4087
64692 116 4548
64693 117 6417
64694 118 4289
64695 119 2181
64696 120 3501
64697 121 3985
64698 122 3693
64699 123 8441
64700 124 3972
64701 125 5970
64702 126 7099
64703 127 2279
64704 128 7728
64705 129 3063
64706 130 5191
64707 131 4184
64708 132 3762
64709 133 2245
64710 134 2931
64711 135 7406
64712 136 3747
64713 137 4268
64714 138 3791
64715 139 7935
64716 140 2748
64717 141 5226
64718 142 4012
64719 143 5187
64720 144 2003
