2500
64577 1 2115
64578 2 3770
64579 3 6546
64580 4 3501
64581 5 4776
64582 6 7813
64583 7 1777
64584 8 1713
64585 9 7253
64586 10 1447
64587 11 5586
64588 12 2304
64589 13 3813
64590 14 2888
64591 15 2465
64592 16 5806
64593 17 3561
64594 18 7257
64595 19 0
64596 20 3861
64597 21 6468
64598 22 5132
64599 23 0
64600 24 4140
64601 25 5178
64602 26 6519
64603 27 2454
64604 28 3151
64605 29 5601
64606 30 2160
64607 31 4267
64608 32 3781
64609 33 3427
64610 34 5579
64611 35 5332
64612 36 2502
64613 37 2839
64614 38 7220
64615 39 2003
64616 40 6264
64617 41 2793
64618 42 5379
64619 43 4940
64620 44 2572
64621 45 7726
64622 46 3171
64623 47 6049
64624 48 2502
64625 49 6640
64626 50 2246
64627 51 1874
64628 52 5476
64629 53 4447
64630 54 7292
64631 55 2769
64632 56 5249
64633 57 0
64634 58 4400
64635 59 4756
64636 60 3417
64637 61 2433
64638 62 5631
64639 63 8024
64640 64 2198
64641 65 2522
64642 66 2869
64643 67 2775
64644 68 1552
64645 69 5697
64646 70 1675
64647 71 5370
64648 72 3140
64649 73 3188
64650 74 3042
64651 75 7048
64652 76 2241
64653 77 2270
64654 78 3761
64655 79 2381
64656 80 8231
64657 81 6467
64658 82 1329
64659 83 8721
64660 84 2175
64661 85 2822
64662 86 3449
64663 87 3308
64664 88 4478
64665 89 5054
64666 90 3536
64667 91 5077
64668 92 3562
64669 93 3547
64670 94 3490
64671 95 3788
64672 96 6475
64673 97 0
64674 98 2195
64675 99 4254
64676 100 2527
64677 101 6576
64678 102 6526
64679 103 1462
64680 104 7981
64681 105 2163
64682 106 2962
64683 107 2617
64684 108 4282
64685 109 4686
64686 110 3511
64687 111 4625
64688 112 2786
64689 113 3191
64690 114 2596
64691 115 7664
64692 116 3724
64693 117 1839
64694 118 4004
64695 119 3315
64696 120 2990
64697 121 8811
64698 122 2125
64699 123 2282
64700 124 6394
64701 125 3678
64702 126 5579
64703 127 1654
64704 128 6511
64705 129 6956
64706 130 2313
64707 131 5619
64708 132 4048
64709 133 6345
64710 134 5588
64711 135 6177
64712 136 2615
64713 137 4822
64714 138 7538
64715 139 2474
64716 140 5525
64717 141 8119
64718 142 2003
