2500
64577 1 5542
64578 2 3757
64579 3 6626
64580 4 6625
64581 5 2112
64582 6 3932
64583 7 5875
64584 8 0
64585 9 4825
64586 10 2990
64587 11 2032
64588 12 4430
64589 13 0
64590 14 2675
64591 15 5691
64592 16 2934
64593 17 6054
64594 18 4185
64595 19 3118
64596 20 5012
64597 21 2425
64598 22 0
64599 23 2407
64600 24 4124
64601 25 4984
64602 26 0
64603 27 4232
64604 28 3448
64605 29 7865
64606 30 2220
64607 31 2578
64608 32 4932
64609 33 2479
64610 34 2591
64611 35 4203
64612 36 4515
64613 37 2297
64614 38 5958
64615 39 3177
64616 40 1568
64617 41 4230
64618 42 3878
64619 43 3958
64620 44 3567
64621 45 2515
64622 46 0
64623 47 2478
64624 48 4610
64625 49 2153
64626 50 4448
64627 51 2263
64628 52 2100
64629 53 5795
64630 54 1908
64631 55 3873
64632 56 3583
64633 57 4869
64634 58 4301
64635 59 6508
64636 60 5564
64637 61 0
64638 62 2378
64639 63 5562
64640 64 4573
64641 65 5393
64642 66 3582
64643 67 4237
64644 68 1469
64645 69 5453
64646 70 4788
64647 71 0
64648 72 4658
64649 73 2805
64650 74 5375
64651 75 1633
64652 76 2559
64653 77 2001
64654 78 5931
64655 79 2162
64656 80 4892
64657 81 1748
64658 82 3782
64659 83 2541
64660 84 2608
64661 85 3429
64662 86 5013
64663 87 1791
64664 88 5440
64665 89 6242
64666 90 0
64667 91 2112
64668 92 2506
64669 93 3004
64670 94 7628
64671 95 2114
64672 96 4558
64673 97 3546
64674 98 5675
64675 99 2247
64676 100 0
64677 101 2513
64678 102 6072
64679 103 1995
64680 104 5616
64681 105 1987
64682 106 4709
64683 107 0
64684 108 2075
64685 109 4117
64686 110 5222
64687 111 2466
64688 112 2366
64689 113 4990
64690 114 3630
64691 115 0
64692 116 1537
64693 117 3173
64694 118 2992
64695 119 4317
64696 120 1277
64697 121 2363
64698 122 2923
64699 123 2250
64700 124 4632
64701 125 5103
64702 126 2124
64703 127 3611
64704 128 1120
64705 129 4916
64706 130 1269
64707 131 3573
64708 132 0
64709 133 2610
64710 134 3712
64711 135 2489
64712 136 2992
64713 137 4964
64714 138 1988
64715 139 3553
64716 140 1911
64717 141 5236
64718 142 2006
64719 143 5414
64720 144 0
64721 145 2522
64722 146 1127
64723 147 3033
64724 148 5053
64725 149 3897
64726 150 3513
64727 151 1578
64728 152 3330
64729 153 4408
64730 154 1980
64731 155 4284
64732 156 0
64733 157 2622
64734 158 3851
64735 159 3803
64736 160 0
64737 161 2619
64738 162 2718
64739 163 1111
64740 164 2756
64741 165 3774
64742 166 5135
64743 167 6045
64744 168 4385
64745 169 0
64746 170 4292
64747 171 2515
64748 172 5625
64749 173 1723
64750 174 2917
64751 175 4507
64752 176 5343
64753 177 2003
