2500
64577 1 3684
64578 2 4489
64579 3 2114
64580 4 3418
64581 5 6553
64582 6 5406
64583 7 1693
64584 8 2687
64585 9 3399
64586 10 0
64587 11 5496
64588 12 5957
64589 13 5422
64590 14 3585
64591 15 4753
64592 16 2341
64593 17 2628
64594 18 2763
64595 19 5142
64596 20 1834
64597 21 4621
64598 22 1868
64599 23 5523
64600 24 5879
64601 25 8562
64602 26 4104
64603 27 2618
64604 28 1592
64605 29 4672
64606 30 4003
64607 31 5981
64608 32 1493
64609 33 4886
64610 34 5935
64611 35 3358
64612 36 2152
64613 37 2533
64614 38 4093
64615 39 8425
64616 40 2407
64617 41 5926
64618 42 7100
64619 43 0
64620 44 5788
64621 45 5524
64622 46 6929
64623 47 5278
64624 48 7002
64625 49 1880
64626 50 4388
64627 51 0
64628 52 6675
64629 53 4391
64630 54 3015
64631 55 5075
64632 56 4643
64633 57 2003
64634 58 3354
64635 59 3663
64636 60 4055
64637 61 3258
64638 62 5487
64639 63 3748
64640 64 6965
64641 65 4032
64642 66 4081
64643 67 1512
64644 68 4482
64645 69 3060
64646 70 0
64647 71 1990
64648 72 4558
64649 73 2487
64650 74 5421
64651 75 6651
64652 76 1858
64653 77 6395
64654 78 2628
64655 79 5734
64656 80 3570
64657 81 0
64658 82 2996
64659 83 5158
64660 84 2466
64661 85 5842
64662 86 2729
64663 87 5609
64664 88 1956
64665 89 3081
64666 90 2071
64667 91 4345
64668 92 5730
64669 93 1723
64670 94 5105
64671 95 0
64672 96 1111
64673 97 6920
64674 98 2371
64675 99 6583
64676 100 4687
64677 101 2950
64678 102 5769
64679 103 0
64680 104 2178
64681 105 2883
64682 106 4973
64683 107 1888
64684 108 5546
64685 109 2814
64686 110 5195
64687 111 4509
64688 112 2132
64689 113 3901
64690 114 5170
64691 115 9628
64692 116 2585
64693 117 5182
64694 118 5505
64695 119 8124
64696 120 4919
64697 121 2102
64698 122 2571
64699 123 2827
64700 124 4341
64701 125 5054
64702 126 2022
64703 127 3775
64704 128 3203
64705 129 3194
64706 130 5003
64707 131 6534
64708 132 1453
64709 133 4427
64710 134 4411
64711 135 2090
64712 136 3298
64713 137 3105
64714 138 5213
64715 139 5597
64716 140 3737
64717 141 6469
64718 142 4602
64719 143 5549
64720 144 1730
64721 145 4527
64722 146 4743
64723 147 2003
