2500
64577 1 2856
64578 2 4446
64579 3 2518
64580 4 4769
64581 5 3417
64582 6 5615
64583 7 3107
64584 8 3989
64585 9 2680
64586 10 5385
64587 11 3603
64588 12 3932
64589 13 2196
64590 14 2920
64591 15 4904
64592 16 2313
64593 17 3309
64594 18 2440
64595 19 5939
64596 20 2839
64597 21 4259
64598 22 4698
64599 23 2761
64600 24 5653
64601 25 2822
64602 26 6586
64603 27 1898
64604 28 4271
64605 29 0
64606 30 4690
64607 31 5580
64608 32 1525
64609 33 4156
64610 34 3238
64611 35 2232
64612 36 2584
64613 37 3385
64614 38 1131
64615 39 3036
64616 40 2731
64617 41 0
64618 42 5094
64619 43 2528
64620 44 7302
64621 45 5661
64622 46 2322
64623 47 4628
64624 48 3755
64625 49 2476
64626 50 4566
64627 51 4913
64628 52 4498
64629 53 2354
64630 54 3623
64631 55 6021
64632 56 2528
64633 57 3126
64634 58 3982
64635 59 2253
64636 60 2631
64637 61 2322
64638 62 4561
64639 63 2927
64640 64 4658
64641 65 2344
64642 66 1439
64643 67 5049
64644 68 3029
64645 69 5257
64646 70 5001
64647 71 2214
64648 72 2249
64649 73 3554
64650 74 2229
64651 75 7198
64652 76 2964
64653 77 4595
64654 78 2247
64655 79 5070
64656 80 4091
64657 81 2757
64658 82 1730
64659 83 1392
64660 84 4512
64661 85 2548
64662 86 4161
64663 87 2291
64664 88 3426
64665 89 7213
64666 90 2599
64667 91 3323
64668 92 2756
64669 93 5067
64670 94 3084
64671 95 4468
64672 96 2614
64673 97 2888
64674 98 2234
64675 99 2467
64676 100 2364
64677 101 5387
64678 102 2349
64679 103 4239
64680 104 2676
64681 105 3422
64682 106 3509
64683 107 4942
64684 108 3009
64685 109 3770
64686 110 3377
64687 111 2217
64688 112 5627
64689 113 2916
64690 114 2332
64691 115 3121
64692 116 2046
64693 117 7306
64694 118 4838
64695 119 0
64696 120 2750
64697 121 5571
64698 122 4975
64699 123 4555
64700 124 2971
64701 125 4680
64702 126 4083
64703 127 4092
64704 128 2149
64705 129 2899
64706 130 2537
64707 131 2465
64708 132 3365
64709 133 1945
64710 134 6237
64711 135 3031
64712 136 4369
64713 137 2179
64714 138 2759
64715 139 1722
64716 140 6790
64717 141 2917
64718 142 4393
64719 143 2371
64720 144 5490
64721 145 2529
64722 146 3975
64723 147 4394
64724 148 2203
64725 149 5422
64726 150 2980
64727 151 2194
64728 152 2526
64729 153 3227
64730 154 4197
64731 155 2634
64732 156 4656
64733 157 3729
64734 158 3549
64735 159 3833
64736 160 3807
64737 161 2895
64738 162 4788
64739 163 3963
64740 164 3204
64741 165 2003
