2500
64577 1 1325
64578 2 2903
64579 3 2066
64580 4 2715
64581 5 3357
64582 6 3525
64583 7 2149
64584 8 6460
64585 9 2975
64586 10 4050
64587 11 2249
64588 12 2352
64589 13 1985
64590 14 5542
64591 15 2762
64592 16 3711
64593 17 4613
64594 18 2228
64595 19 5774
64596 20 0
64597 21 1812
64598 22 3796
64599 23 2240
64600 24 3011
64601 25 3396
64602 26 2386
64603 27 5377
64604 28 2797
64605 29 2521
64606 30 2615
64607 31 3122
64608 32 3785
64609 33 7978
64610 34 4757
64611 35 3497
64612 36 1899
64613 37 8740
64614 38 4343
64615 39 3342
64616 40 4929
64617 41 4005
64618 42 1754
64619 43 4587
64620 44 5345
64621 45 0
64622 46 2635
64623 47 1401
64624 48 4281
64625 49 6558
64626 50 4199
64627 51 4220
64628 52 2363
64629 53 2728
64630 54 3428
64631 55 3937
64632 56 2746
64633 57 5101
64634 58 0
64635 59 6176
64636 60 5669
64637 61 1588
64638 62 1510
64639 63 5418
64640 64 4051
64641 65 4475
64642 66 2241
64643 67 2227
64644 68 6532
64645 69 4478
64646 70 6703
64647 71 7544
64648 72 1805
64649 73 5392
64650 74 5018
64651 75 1520
64652 76 4853
64653 77 3425
64654 78 5324
64655 79 3247
64656 80 3528
64657 81 2738
64658 82 5934
64659 83 4981
64660 84 2363
64661 85 2764
64662 86 4167
64663 87 3890
64664 88 3312
64665 89 5931
64666 90 6695
64667 91 1829
64668 92 7540
64669 93 5467
64670 94 4201
64671 95 2252
64672 96 4599
64673 97 1900
64674 98 6522
64675 99 4390
64676 100 3433
64677 101 3312
64678 102 3652
64679 103 4670
64680 104 3379
64681 105 2292
64682 106 3300
64683 107 5103
64684 108 4093
64685 109 6109
64686 110 5855
64687 111 2928
64688 112 6096
64689 113 3219
64690 114 3954
64691 115 3027
64692 116 3801
64693 117 3460
64694 118 5319
64695 119 5369
64696 120 3621
64697 121 5306
64698 122 1666
64699 123 4496
64700 124 6917
64701 125 7995
64702 126 8053
64703 127 5368
64704 128 2689
64705 129 3340
64706 130 0
64707 131 2601
64708 132 4976
64709 133 2895
64710 134 4123
64711 135 0
64712 136 3388
64713 137 4312
64714 138 1779
64715 139 1455
64716 140 4271
64717 141 3596
64718 142 3730
64719 143 2003
64720 144 7142
64721 145 2583
64722 146 2631
64723 147 5683
64724 148 0
64725 149 2224
64726 150 4953
64727 151 4516
64728 152 3550
64729 153 3743
64730 154 2003
