2500
64577 1 2229
64578 2 3732
64579 3 1852
64580 4 1629
64581 5 5241
64582 6 5403
64583 7 1789
64584 8 2089
64585 9 3232
64586 10 3133
64587 11 2194
64588 12 3020
64589 13 3647
64590 14 2170
64591 15 2902
64592 16 2196
64593 17 2347
64594 18 4854
64595 19 6121
64596 20 5174
64597 21 4047
64598 22 1937
64599 23 3119
64600 24 4453
64601 25 3920
64602 26 4815
64603 27 2755
64604 28 0
64605 29 2243
64606 30 2845
64607 31 5030
64608 32 2550
64609 33 1826
64610 34 4277
64611 35 2912
64612 36 1810
64613 37 3828
64614 38 3288
64615 39 4232
64616 40 2240
64617 41 2651
64618 42 2247
64619 43 2301
64620 44 2823
64621 45 4650
64622 46 4866
64623 47 1207
64624 48 2318
64625 49 2711
64626 50 3571
64627 51 5457
64628 52 4051
64629 53 3589
64630 54 2266
64631 55 3001
64632 56 2199
64633 57 3780
64634 58 4642
64635 59 4297
64636 60 2321
64637 61 3493
64638 62 5147
64639 63 0
64640 64 5808
64641 65 2107
64642 66 2462
64643 67 3007
64644 68 3397
64645 69 2326
64646 70 1563
64647 71 3188
64648 72 4076
64649 73 2356
64650 74 3352
64651 75 2208
64652 76 2325
64653 77 3746
64654 78 6021
64655 79 4957
64656 80 3657
64657 81 2587
64658 82 2749
64659 83 1121
64660 84 4500
64661 85 2775
64662 86 2206
64663 87 4003
64664 88 3801
64665 89 2319
64666 90 6981
64667 91 0
64668 92 2951
64669 93 4565
64670 94 2913
64671 95 3373
64672 96 3255
64673 97 2184
64674 98 2514
64675 99 3485
64676 100 3865
64677 101 2399
64678 102 2968
64679 103 2237
64680 104 2525
64681 105 2505
64682 106 5900
64683 107 3023
64684 108 2522
64685 109 5146
64686 110 2400
64687 111 1555
64688 112 5965
64689 113 6580
64690 114 3229
64691 115 2440
64692 116 3261
64693 117 3410
64694 118 5530
64695 119 2370
64696 120 4540
64697 121 6174
64698 122 6943
64699 123 1659
64700 124 5240
64701 125 3048
64702 126 4232
64703 127 2226
64704 128 4356
64705 129 3256
64706 130 1582
64707 131 3855
64708 132 3072
64709 133 4464
64710 134 3113
64711 135 2332
64712 136 2396
64713 137 1656
64714 138 3945
64715 139 2562
64716 140 2709
64717 141 3504
64718 142 5726
64719 143 3520
64720 144 3915
64721 145 3768
64722 146 4523
64723 147 3069
64724 148 2089
64725 149 4123
64726 150 2007
64727 151 4503
64728 152 0
64729 153 2547
64730 154 1851
64731 155 3463
64732 156 2231
64733 157 6979
64734 158 2248
64735 159 4500
64736 160 0
64737 161 2442
64738 162 2173
64739 163 4382
64740 164 2565
64741 165 2478
64742 166 3991
64743 167 2298
64744 168 3032
64745 169 3668
64746 170 2256
64747 171 2356
64748 172 6120
64749 173 1668
64750 174 6160
64751 175 2506
64752 176 7056
64753 177 2126
64754 178 3316
64755 179 2003
