2500
64577 1 2513
64578 2 2805
64579 3 3454
64580 4 2474
64581 5 2745
64582 6 0
64583 7 2338
64584 8 2658
64585 9 2942
64586 10 2423
64587 11 4374
64588 12 2581
64589 13 0
64590 14 2946
64591 15 2720
64592 16 1984
64593 17 3061
64594 18 2230
64595 19 876
64596 20 4117
64597 21 5486
64598 22 4310
64599 23 3919
64600 24 1678
64601 25 3572
64602 26 0
64603 27 3719
64604 28 1481
64605 29 4685
64606 30 6070
64607 31 3383
64608 32 2239
64609 33 5600
64610 34 4175
64611 35 4661
64612 36 6631
64613 37 4383
64614 38 2003
64615 39 3273
64616 40 4118
64617 41 5006
64618 42 1580
64619 43 3709
64620 44 2368
64621 45 3556
64622 46 3800
64623 47 1177
64624 48 6954
64625 49 3340
64626 50 2191
64627 51 5080
64628 52 3244
64629 53 4570
64630 54 1723
64631 55 5362
64632 56 5089
64633 57 2442
64634 58 3495
64635 59 3662
64636 60 0
64637 61 2360
64638 62 4642
64639 63 4430
64640 64 6667
64641 65 2815
64642 66 2286
64643 67 1604
64644 68 2453
64645 69 4187
64646 70 6776
64647 71 3383
64648 72 1962
64649 73 3713
64650 74 3238
64651 75 4962
64652 76 1644
64653 77 4329
64654 78 3797
64655 79 2089
64656 80 5677
64657 81 2459
64658 82 5043
64659 83 3873
64660 84 2423
64661 85 4744
64662 86 3110
64663 87 4409
64664 88 5311
64665 89 4178
64666 90 5490
64667 91 5495
64668 92 5481
64669 93 2416
64670 94 3432
64671 95 3013
64672 96 2471
64673 97 5366
64674 98 3084
64675 99 2251
64676 100 2909
64677 101 4512
64678 102 4322
64679 103 2059
64680 104 4415
64681 105 5519
64682 106 4044
64683 107 4505
64684 108 3422
64685 109 1694
64686 110 2037
64687 111 3622
64688 112 3940
64689 113 4287
64690 114 6937
64691 115 3996
64692 116 2697
64693 117 4602
64694 118 6607
64695 119 3160
64696 120 2368
64697 121 5474
64698 122 3297
64699 123 1391
64700 124 4320
64701 125 3332
64702 126 3757
64703 127 2375
64704 128 1949
64705 129 826
64706 130 3028
64707 131 3883
64708 132 3641
64709 133 5516
64710 134 2433
64711 135 2783
64712 136 4100
64713 137 2982
64714 138 1744
64715 139 2752
64716 140 4787
64717 141 2756
64718 142 2117
64719 143 3130
64720 144 5168
64721 145 3232
64722 146 2297
64723 147 1739
64724 148 2590
64725 149 1704
64726 150 2404
64727 151 4666
64728 152 3553
64729 153 2735
64730 154 2462
64731 155 4857
64732 156 2740
64733 157 3844
64734 158 0
64735 159 2538
64736 160 3234
64737 161 4251
64738 162 3050
64739 163 3607
64740 164 5077
64741 165 3776
64742 166 4797
64743 167 2400
64744 168 3964
64745 169 4816
64746 170 2942
64747 171 2980
64748 172 2003
