2500
64577 1 9265
64578 2 1936
64579 3 3165
64580 4 5461
64581 5 3923
64582 6 5300
64583 7 6342
64584 8 1726
64585 9 1514
64586 10 3848
64587 11 3853
64588 12 3382
64589 13 4071
64590 14 2074
64591 15 2825
64592 16 2889
64593 17 2813
64594 18 5069
64595 19 4888
64596 20 2813
64597 21 6800
64598 22 5117
64599 23 4507
64600 24 3200
64601 25 5487
64602 26 6446
64603 27 3149
64604 28 4068
64605 29 2106
64606 30 3200
64607 31 5057
64608 32 5582
64609 33 2749
64610 34 5781
64611 35 9700
64612 36 4395
64613 37 5191
64614 38 4215
64615 39 2128
64616 40 2636
64617 41 5691
64618 42 3809
64619 43 2196
64620 44 6166
64621 45 4508
64622 46 2194
64623 47 3119
64624 48 6822
64625 49 0
64626 50 6681
64627 51 3358
64628 52 5565
64629 53 2274
64630 54 8490
64631 55 2325
64632 56 6359
64633 57 4636
64634 58 6022
64635 59 3717
64636 60 1537
64637 61 4888
64638 62 2242
64639 63 2548
64640 64 2891
64641 65 3767
64642 66 2165
64643 67 2796
64644 68 3414
64645 69 2207
64646 70 5973
64647 71 2013
64648 72 3750
64649 73 7495
64650 74 4719
64651 75 4154
64652 76 3000
64653 77 4172
64654 78 4382
64655 79 7199
64656 80 4367
64657 81 2242
64658 82 2767
64659 83 8106
64660 84 2601
64661 85 4880
64662 86 2140
64663 87 2765
64664 88 5904
64665 89 3491
64666 90 7146
64667 91 2717
64668 92 3611
64669 93 2501
64670 94 3607
64671 95 4460
64672 96 2291
64673 97 3519
64674 98 4476
64675 99 5775
64676 100 2036
64677 101 4454
64678 102 0
64679 103 3519
64680 104 6116
64681 105 2173
64682 106 5878
64683 107 5335
64684 108 4031
64685 109 4146
64686 110 4346
64687 111 2255
64688 112 3807
64689 113 2695
64690 114 4545
64691 115 2140
64692 116 7498
64693 117 4492
64694 118 4979
64695 119 2158
64696 120 5600
64697 121 6758
64698 122 5600
64699 123 2003
