2500
64577 1 5331
64578 2 2963
64579 3 8091
64580 4 4305
64581 5 0
64582 6 6600
64583 7 3982
64584 8 5540
64585 9 2003
64586 10 4600
64587 11 2636
64588 12 2945
64589 13 4677
64590 14 0
64591 15 6400
64592 16 3842
64593 17 2306
64594 18 3600
64595 19 5322
64596 20 2600
64597 21 3327
64598 22 4383
64599 23 5264
64600 24 2322
64601 25 4695
64602 26 3605
64603 27 3335
64604 28 2946
64605 29 3680
64606 30 5837
64607 31 3516
64608 32 4667
64609 33 3510
64610 34 2319
64611 35 4322
64612 36 1619
64613 37 6596
64614 38 3859
64615 39 2077
64616 40 6426
64617 41 2688
64618 42 4729
64619 43 4516
64620 44 4923
64621 45 2297
64622 46 6379
64623 47 2725
64624 48 5142
64625 49 5213
64626 50 5828
64627 51 4310
64628 52 5247
64629 53 5140
64630 54 2523
64631 55 3532
64632 56 3820
64633 57 2305
64634 58 3589
64635 59 2658
64636 60 3393
64637 61 5777
64638 62 3610
64639 63 1952
64640 64 4352
64641 65 4242
64642 66 2282
64643 67 2316
64644 68 4160
64645 69 2089
64646 70 4212
64647 71 3545
64648 72 5115
64649 73 2691
64650 74 4708
64651 75 5798
64652 76 2237
64653 77 4161
64654 78 2263
64655 79 6254
64656 80 1645
64657 81 3442
64658 82 2519
64659 83 7178
64660 84 3262
64661 85 2600
64662 86 2369
64663 87 4205
64664 88 2246
64665 89 2672
64666 90 8317
64667 91 2814
64668 92 3632
64669 93 2198
64670 94 2643
64671 95 3900
64672 96 0
64673 97 8497
64674 98 3894
64675 99 5605
64676 100 5674
64677 101 3153
64678 102 0
64679 103 7000
64680 104 3215
64681 105 5581
64682 106 2120
64683 107 1188
64684 108 6628
64685 109 6831
64686 110 3221
64687 111 4517
64688 112 4724
64689 113 2234
64690 114 7139
64691 115 7235
64692 116 2674
64693 117 4616
64694 118 5320
64695 119 3754
64696 120 6184
64697 121 3279
64698 122 3251
64699 123 3328
64700 124 7400
64701 125 3831
64702 126 5794
64703 127 2003
64704 128 5307
64705 129 2437
64706 130 4607
64707 131 2022
64708 132 4630
64709 133 1910
64710 134 4340
64711 135 3518
64712 136 4525
64713 137 3638
64714 138 2003
64715 139 4478
64716 140 3842
64717 141 4258
64718 142 5582
64719 143 5075
64720 144 4735
64721 145 3871
64722 146 5113
64723 147 2003
