2500
64577 1 3471
64578 2 5800
64579 3 4488
64580 4 3133
64581 5 0
64582 6 2902
64583 7 3157
64584 8 2493
64585 9 5190
64586 10 4381
64587 11 3801
64588 12 2700
64589 13 4552
64590 14 5519
64591 15 4597
64592 16 2956
64593 17 4718
64594 18 3374
64595 19 4700
64596 20 2397
64597 21 3682
64598 22 2600
64599 23 4372
64600 24 5650
64601 25 0
64602 26 3087
64603 27 6064
64604 28 2991
64605 29 4686
64606 30 3664
64607 31 3992
64608 32 2003
64609 33 5990
64610 34 5469
64611 35 1515
64612 36 5723
64613 37 3534
64614 38 3763
64615 39 3671
64616 40 2800
64617 41 6269
64618 42 3330
64619 43 3569
64620 44 2489
64621 45 6103
64622 46 3814
64623 47 0
64624 48 3115
64625 49 6928
64626 50 3356
64627 51 1637
64628 52 3262
64629 53 1601
64630 54 4755
64631 55 4541
64632 56 2481
64633 57 2267
64634 58 2627
64635 59 3206
64636 60 2648
64637 61 4672
64638 62 6409
64639 63 5600
64640 64 2800
64641 65 2221
64642 66 6000
64643 67 7703
64644 68 2506
64645 69 1271
64646 70 4417
64647 71 6600
64648 72 5681
64649 73 8081
64650 74 1583
64651 75 4245
64652 76 3432
64653 77 2468
64654 78 3911
64655 79 6045
64656 80 3200
64657 81 5974
64658 82 5393
64659 83 4920
64660 84 2185
64661 85 6400
64662 86 2656
64663 87 3296
64664 88 5182
64665 89 4200
64666 90 4385
64667 91 4200
64668 92 4248
64669 93 3784
64670 94 2284
64671 95 3648
64672 96 6298
64673 97 2878
64674 98 4298
64675 99 0
64676 100 2824
64677 101 4173
64678 102 3921
64679 103 3071
64680 104 6260
64681 105 2236
64682 106 840
64683 107 3220
64684 108 2489
64685 109 1874
64686 110 4276
64687 111 2266
64688 112 2968
64689 113 0
64690 114 5942
64691 115 0
64692 116 2216
64693 117 3617
64694 118 2740
64695 119 3522
64696 120 4017
64697 121 1649
64698 122 2627
64699 123 5245
64700 124 2137
64701 125 2719
64702 126 2772
64703 127 2342
64704 128 3882
64705 129 6087
64706 130 0
64707 131 2966
64708 132 4759
64709 133 6301
64710 134 2415
64711 135 6418
64712 136 7641
64713 137 2232
64714 138 4311
64715 139 0
64716 140 3573
64717 141 3799
64718 142 4364
64719 143 2243
64720 144 4452
64721 145 2275
64722 146 4193
64723 147 2227
64724 148 3816
64725 149 3616
64726 150 4308
64727 151 2670
64728 152 5216
64729 153 0
64730 154 3026
64731 155 7006
64732 156 3555
64733 157 1910
64734 158 4576
64735 159 5087
64736 160 2003
