2500
64577 1 5499
64578 2 2380
64579 3 5241
64580 4 1625
64581 5 3314
64582 6 3929
64583 7 2726
64584 8 1501
64585 9 3734
64586 10 2699
64587 11 1486
64588 12 4934
64589 13 2064
64590 14 1778
64591 15 3154
64592 16 2873
64593 17 5818
64594 18 3108
64595 19 4082
64596 20 3882
64597 21 5978
64598 22 2062
64599 23 4482
64600 24 1715
64601 25 5008
64602 26 4682
64603 27 0
64604 28 1965
64605 29 3353
64606 30 5128
64607 31 2897
64608 32 1920
64609 33 1812
64610 34 2355
64611 35 4326
64612 36 4125
64613 37 1826
64614 38 3548
64615 39 1820
64616 40 1385
64617 41 4382
64618 42 2200
64619 43 3679
64620 44 2200
64621 45 3333
64622 46 4039
64623 47 3773
64624 48 2214
64625 49 4173
64626 50 2563
64627 51 1914
64628 52 4262
64629 53 2196
64630 54 3778
64631 55 1641
64632 56 1595
64633 57 3828
64634 58 5897
64635 59 5673
64636 60 5383
64637 61 3650
64638 62 2273
64639 63 4300
64640 64 1749
64641 65 3654
64642 66 6020
64643 67 0
64644 68 2213
64645 69 5887
64646 70 3201
64647 71 5866
64648 72 4783
64649 73 2339
64650 74 4059
64651 75 2759
64652 76 4517
64653 77 1966
64654 78 5615
64655 79 4733
64656 80 2474
64657 81 5484
64658 82 5067
64659 83 6913
64660 84 3730
64661 85 2399
64662 86 3036
64663 87 5443
64664 88 3069
64665 89 2946
64666 90 5847
64667 91 7119
64668 92 0
64669 93 2818
64670 94 1354
64671 95 4011
64672 96 8104
64673 97 0
64674 98 7090
64675 99 3237
64676 100 2339
64677 101 2719
64678 102 3737
64679 103 4633
64680 104 0
64681 105 7833
64682 106 2423
64683 107 2619
64684 108 0
64685 109 3615
64686 110 5316
64687 111 2125
64688 112 4475
64689 113 2003
64690 114 6600
64691 115 2682
64692 116 5580
64693 117 2766
64694 118 3690
64695 119 3031
64696 120 5000
64697 121 2770
64698 122 4400
64699 123 2591
64700 124 5683
64701 125 4984
64702 126 2935
64703 127 4460
64704 128 2254
64705 129 2805
64706 130 6007
64707 131 2400
64708 132 5429
64709 133 2021
64710 134 3430
64711 135 3104
64712 136 4253
64713 137 2273
64714 138 5457
64715 139 6490
64716 140 0
64717 141 3099
64718 142 5435
64719 143 3157
64720 144 2003
64721 145 5200
64722 146 3037
64723 147 2413
64724 148 4952
64725 149 5600
64726 150 3074
64727 151 4778
64728 152 4857
64729 153 3323
64730 154 2003
64731 155 3400
64732 156 1753
64733 157 5560
64734 158 4100
64735 159 0
64736 160 2696
64737 161 3256
64738 162 5343
64739 163 3400
64740 164 4258
64741 165 3318
64742 166 2003
