2500
64577 1 5090
64578 2 2278
64579 3 4000
64580 4 3992
64581 5 5351
64582 6 5169
64583 7 3196
64584 8 2292
64585 9 4514
64586 10 1605
64587 11 1833
64588 12 4407
64589 13 3176
64590 14 4266
64591 15 2517
64592 16 2300
64593 17 3502
64594 18 1479
64595 19 5596
64596 20 6964
64597 21 0
64598 22 2141
64599 23 2835
64600 24 4837
64601 25 4249
64602 26 3572
64603 27 5040
64604 28 2984
64605 29 2311
64606 30 3428
64607 31 3024
64608 32 4028
64609 33 5826
64610 34 5012
64611 35 3302
64612 36 3320
64613 37 3192
64614 38 4607
64615 39 2373
64616 40 3389
64617 41 1890
64618 42 5247
64619 43 4729
64620 44 0
64621 45 2447
64622 46 3048
64623 47 5734
64624 48 2671
64625 49 2246
64626 50 5509
64627 51 3787
64628 52 3189
64629 53 2309
64630 54 4855
64631 55 3608
64632 56 2486
64633 57 2520
64634 58 4100
64635 59 2153
64636 60 4933
64637 61 2396
64638 62 3366
64639 63 3390
64640 64 4008
64641 65 3921
64642 66 2366
64643 67 2735
64644 68 3119
64645 69 3080
64646 70 5163
64647 71 6669
64648 72 4471
64649 73 4426
64650 74 5849
64651 75 0
64652 76 2215
64653 77 2476
64654 78 4675
64655 79 4063
64656 80 4309
64657 81 3833
64658 82 0
64659 83 4817
64660 84 0
64661 85 4759
64662 86 1163
64663 87 2241
64664 88 1090
64665 89 4996
64666 90 3580
64667 91 4673
64668 92 4168
64669 93 5654
64670 94 5595
64671 95 5457
64672 96 6737
64673 97 0
64674 98 4192
64675 99 4189
64676 100 2851
64677 101 1775
64678 102 2748
64679 103 2106
64680 104 3377
64681 105 4698
64682 106 4200
64683 107 4807
64684 108 5632
64685 109 5809
64686 110 3813
64687 111 2334
64688 112 6301
64689 113 3703
64690 114 2465
64691 115 4741
64692 116 3864
64693 117 3355
64694 118 3164
64695 119 4525
64696 120 4837
64697 121 5096
64698 122 0
64699 123 2595
64700 124 3521
64701 125 4981
64702 126 3544
64703 127 2199
64704 128 1359
64705 129 7507
64706 130 3557
64707 131 2691
64708 132 2319
64709 133 4076
64710 134 0
64711 135 3843
64712 136 5086
64713 137 3237
64714 138 3541
64715 139 5003
64716 140 2306
64717 141 3252
64718 142 5444
64719 143 2898
64720 144 3836
64721 145 2299
64722 146 4605
64723 147 1370
64724 148 3401
64725 149 2805
64726 150 2336
64727 151 2525
64728 152 3851
64729 153 2516
64730 154 3644
64731 155 3770
64732 156 0
64733 157 2164
64734 158 1439
64735 159 2702
64736 160 4274
64737 161 2482
64738 162 4239
64739 163 2508
64740 164 2672
64741 165 3546
64742 166 0
64743 167 1937
64744 168 3380
64745 169 3640
64746 170 4010
64747 171 2003
