2500
64577 1 4237
64578 2 5579
64579 3 7738
64580 4 0
64581 5 3548
64582 6 5092
64583 7 6219
64584 8 4276
64585 9 2412
64586 10 3730
64587 11 2725
64588 12 6201
64589 13 2342
64590 14 5164
64591 15 3272
64592 16 4360
64593 17 0
64594 18 2942
64595 19 5493
64596 20 2492
64597 21 3942
64598 22 5552
64599 23 3132
64600 24 0
64601 25 7808
64602 26 5093
64603 27 3439
64604 28 3606
64605 29 6251
64606 30 0
64607 31 6358
64608 32 5509
64609 33 7301
64610 34 2299
64611 35 3837
64612 36 7739
64613 37 5585
64614 38 3384
64615 39 5706
64616 40 5707
64617 41 2598
64618 42 7225
64619 43 0
64620 44 4136
64621 45 6284
64622 46 3783
64623 47 7070
64624 48 9442
64625 49 2783
64626 50 4263
64627 51 7339
64628 52 7692
64629 53 0
64630 54 8808
64631 55 5159
64632 56 8300
64633 57 3125
64634 58 6424
64635 59 2458
64636 60 4599
64637 61 3145
64638 62 9757
64639 63 2186
64640 64 2318
64641 65 5496
64642 66 4668
64643 67 4836
64644 68 6120
64645 69 5941
64646 70 10408
64647 71 2525
64648 72 0
64649 73 4280
64650 74 2865
64651 75 5256
64652 76 5707
64653 77 2003
64654 78 2840
64655 79 6324
64656 80 10456
64657 81 7687
64658 82 1986
64659 83 9272
64660 84 9810
64661 85 1564
64662 86 4095
64663 87 6195
64664 88 0
64665 89 3446
64666 90 5875
64667 91 2541
64668 92 5155
64669 93 3907
64670 94 4221
64671 95 3477
64672 96 5319
64673 97 2825
64674 98 2415
64675 99 3024
64676 100 6783
64677 101 2407
64678 102 4290
64679 103 2204
64680 104 6208
64681 105 2329
64682 106 5179
64683 107 3886
64684 108 4252
64685 109 3370
64686 110 5340
64687 111 6400
64688 112 3042
64689 113 6906
64690 114 6619
64691 115 4142
64692 116 5058
64693 117 5175
64694 118 2272
64695 119 5371
64696 120 3755
64697 121 5767
64698 122 3560
64699 123 8362
64700 124 0
64701 125 3992
64702 126 4924
64703 127 6556
64704 128 2003
