2500
64577 1 2601
64578 2 6710
64579 3 6175
64580 4 2373
64581 5 4672
64582 6 5234
64583 7 5657
64584 8 5705
64585 9 0
64586 10 2667
64587 11 3084
64588 12 2562
64589 13 4563
64590 14 2210
64591 15 4862
64592 16 6459
64593 17 2648
64594 18 1357
64595 19 3570
64596 20 4699
64597 21 4437
64598 22 3466
64599 23 2300
64600 24 2959
64601 25 6031
64602 26 6271
64603 27 1799
64604 28 5558
64605 29 2543
64606 30 3336
64607 31 2512
64608 32 2935
64609 33 3913
64610 34 2303
64611 35 5321
64612 36 9534
64613 37 10491
64614 38 1776
64615 39 9193
64616 40 3857
64617 41 4780
64618 42 4616
64619 43 2319
64620 44 2292
64621 45 5520
64622 46 1880
64623 47 4716
64624 48 4540
64625 49 3965
64626 50 3213
64627 51 2526
64628 52 5069
64629 53 3547
64630 54 2451
64631 55 1416
64632 56 4148
64633 57 3049
64634 58 5156
64635 59 2712
64636 60 2893
64637 61 3009
64638 62 4686
64639 63 2382
64640 64 2835
64641 65 4167
64642 66 2708
64643 67 5197
64644 68 0
64645 69 3031
64646 70 2614
64647 71 2961
64648 72 4341
64649 73 5868
64650 74 2271
64651 75 2406
64652 76 4107
64653 77 5349
64654 78 4128
64655 79 3631
64656 80 6820
64657 81 3188
64658 82 4352
64659 83 2180
64660 84 3150
64661 85 2576
64662 86 4610
64663 87 4697
64664 88 4031
64665 89 2324
64666 90 3183
64667 91 4714
64668 92 4481
64669 93 4635
64670 94 2390
64671 95 6958
64672 96 3578
64673 97 5221
64674 98 6425
64675 99 3434
64676 100 2003
64677 101 2789
64678 102 5945
64679 103 5010
64680 104 2749
64681 105 3857
64682 106 3017
64683 107 5948
64684 108 3462
64685 109 4214
64686 110 2003
64687 111 2091
64688 112 1531
64689 113 3635
64690 114 1991
64691 115 6176
64692 116 5577
64693 117 1651
64694 118 5374
64695 119 3102
64696 120 0
64697 121 2934
64698 122 2169
64699 123 2710
64700 124 1339
64701 125 6121
64702 126 2503
64703 127 6097
64704 128 3178
64705 129 5634
64706 130 7707
64707 131 2073
64708 132 1871
64709 133 2654
64710 134 4389
64711 135 6730
64712 136 4476
64713 137 2326
64714 138 4353
64715 139 2558
64716 140 4006
64717 141 5928
64718 142 4506
64719 143 0
64720 144 7378
64721 145 8198
64722 146 2905
64723 147 3561
64724 148 4013
64725 149 3166
64726 150 3862
64727 151 3820
64728 152 2003
