2500
64577 1 5788
64578 2 4255
64579 3 6121
64580 4 5091
64581 5 3872
64582 6 7128
64583 7 3126
64584 8 3651
64585 9 2429
64586 10 3406
64587 11 5737
64588 12 1547
64589 13 3917
64590 14 3365
64591 15 5320
64592 16 5363
64593 17 2441
64594 18 5366
64595 19 0
64596 20 6365
64597 21 1542
64598 22 4210
64599 23 4343
64600 24 2278
64601 25 2593
64602 26 7150
64603 27 3291
64604 28 2237
64605 29 5008
64606 30 1257
64607 31 4447
64608 32 5377
64609 33 3449
64610 34 2237
64611 35 6882
64612 36 2686
64613 37 4925
64614 38 2742
64615 39 4763
64616 40 6170
64617 41 3517
64618 42 3839
64619 43 1812
64620 44 3121
64621 45 0
64622 46 8161
64623 47 7231
64624 48 5405
64625 49 4957
64626 50 4338
64627 51 2381
64628 52 1991
64629 53 2050
64630 54 2114
64631 55 5439
64632 56 7111
64633 57 2521
64634 58 5906
64635 59 5927
64636 60 2500
64637 61 2224
64638 62 2585
64639 63 4969
64640 64 5373
64641 65 0
64642 66 3498
64643 67 3302
64644 68 3220
64645 69 3530
64646 70 2003
64647 71 2513
64648 72 4221
64649 73 6402
64650 74 2749
64651 75 5407
64652 76 3376
64653 77 2169
64654 78 4943
64655 79 7004
64656 80 2418
64657 81 5212
64658 82 3964
64659 83 2184
64660 84 1522
64661 85 6177
64662 86 6377
64663 87 2856
64664 88 2286
64665 89 3235
64666 90 2843
64667 91 5297
64668 92 5161
64669 93 2306
64670 94 4555
64671 95 4411
64672 96 6778
64673 97 4176
64674 98 2269
64675 99 4035
64676 100 5116
64677 101 4413
64678 102 2709
64679 103 2199
64680 104 6082
64681 105 7797
64682 106 7260
64683 107 3341
64684 108 5128
64685 109 5642
64686 110 3826
64687 111 5280
64688 112 3312
64689 113 2341
64690 114 1946
64691 115 3385
64692 116 5304
64693 117 2807
64694 118 2233
64695 119 2672
64696 120 4635
64697 121 5404
64698 122 2121
64699 123 4860
64700 124 3682
64701 125 2027
64702 126 2392
64703 127 5201
64704 128 2217
64705 129 1630
64706 130 7220
64707 131 6752
64708 132 2081
64709 133 2913
64710 134 4739
64711 135 3684
64712 136 2265
64713 137 2492
64714 138 6974
64715 139 6282
64716 140 3692
64717 141 2199
64718 142 8035
64719 143 4037
64720 144 2797
64721 145 6361
64722 146 3762
64723 147 2003
