2500
64577 1 2317
64578 2 6091
64579 3 4671
64580 4 5870
64581 5 8344
64582 6 7942
64583 7 3866
64584 8 7155
64585 9 2697
64586 10 2254
64587 11 4407
64588 12 6371
64589 13 7938
64590 14 6188
64591 15 2107
64592 16 8382
64593 17 5450
64594 18 2857
64595 19 3303
64596 20 2398
64597 21 2224
64598 22 2670
64599 23 7325
64600 24 4432
64601 25 2339
64602 26 3710
64603 27 2569
64604 28 3825
64605 29 3932
64606 30 2631
64607 31 4397
64608 32 1381
64609 33 4223
64610 34 3261
64611 35 4963
64612 36 2003
64613 37 2812
64614 38 2302
64615 39 1738
64616 40 3555
64617 41 4453
64618 42 7353
64619 43 5571
64620 44 2006
64621 45 2575
64622 46 6715
64623 47 3141
64624 48 4672
64625 49 2041
64626 50 4405
64627 51 3508
64628 52 3300
64629 53 5454
64630 54 7408
64631 55 3417
64632 56 2003
64633 57 4996
64634 58 2592
64635 59 6347
64636 60 6396
64637 61 2380
64638 62 2328
64639 63 1435
64640 64 1749
64641 65 6994
64642 66 2469
64643 67 1646
64644 68 5908
64645 69 2928
64646 70 5535
64647 71 2641
64648 72 3806
64649 73 4280
64650 74 2256
64651 75 2870
64652 76 4618
64653 77 4332
64654 78 3414
64655 79 3647
64656 80 3690
64657 81 5593
64658 82 2278
64659 83 2690
64660 84 1497
64661 85 2638
64662 86 2604
64663 87 2259
64664 88 0
64665 89 1791
64666 90 7154
64667 91 5656
64668 92 2376
64669 93 4026
64670 94 4416
64671 95 5898
64672 96 6689
64673 97 2081
64674 98 2298
64675 99 2637
64676 100 3214
64677 101 3643
64678 102 4809
64679 103 5390
64680 104 2778
64681 105 5631
64682 106 2623
64683 107 2803
64684 108 4243
64685 109 2591
64686 110 4437
64687 111 1336
64688 112 2806
64689 113 2433
64690 114 3624
64691 115 4657
64692 116 2268
64693 117 3119
64694 118 3351
64695 119 3873
64696 120 7426
64697 121 1877
64698 122 2649
64699 123 2060
64700 124 3445
64701 125 4361
64702 126 6995
64703 127 3459
64704 128 4345
64705 129 7826
64706 130 4449
64707 131 2003
