2500
64577 1 2697
64578 2 6434
64579 3 5847
64580 4 2250
64581 5 4170
64582 6 1925
64583 7 3555
64584 8 1606
64585 9 2826
64586 10 1472
64587 11 2484
64588 12 2424
64589 13 1440
64590 14 6568
64591 15 4167
64592 16 5936
64593 17 7961
64594 18 2059
64595 19 2206
64596 20 6260
64597 21 4118
64598 22 5129
64599 23 5332
64600 24 5247
64601 25 2657
64602 26 3850
64603 27 2425
64604 28 4313
64605 29 2366
64606 30 2189
64607 31 5843
64608 32 3761
64609 33 2296
64610 34 1543
64611 35 4177
64612 36 2768
64613 37 4857
64614 38 4782
64615 39 5846
64616 40 2254
64617 41 2402
64618 42 4293
64619 43 6553
64620 44 5774
64621 45 2302
64622 46 2499
64623 47 2648
64624 48 6270
64625 49 7147
64626 50 5758
64627 51 5015
64628 52 2772
64629 53 2614
64630 54 5167
64631 55 2707
64632 56 3414
64633 57 5059
64634 58 4420
64635 59 2408
64636 60 2440
64637 61 3409
64638 62 5789
64639 63 2151
64640 64 5754
64641 65 2929
64642 66 2646
64643 67 4433
64644 68 4494
64645 69 2334
64646 70 2922
64647 71 5579
64648 72 2658
64649 73 4503
64650 74 0
64651 75 8386
64652 76 5591
64653 77 5715
64654 78 2491
64655 79 6001
64656 80 3915
64657 81 2384
64658 82 5828
64659 83 3908
64660 84 4496
64661 85 2230
64662 86 2686
64663 87 3366
64664 88 3318
64665 89 4149
64666 90 1983
64667 91 4892
64668 92 2226
64669 93 4336
64670 94 6017
64671 95 2056
64672 96 4721
64673 97 2612
64674 98 4843
64675 99 2845
64676 100 3478
64677 101 2325
64678 102 3282
64679 103 2962
64680 104 4322
64681 105 1824
64682 106 5847
64683 107 2168
64684 108 3733
64685 109 1933
64686 110 4025
64687 111 2106
64688 112 4088
64689 113 3953
64690 114 1979
64691 115 4463
64692 116 2049
64693 117 5210
64694 118 2996
64695 119 2200
64696 120 4976
64697 121 1780
64698 122 3419
64699 123 2439
64700 124 3128
64701 125 2315
64702 126 4129
64703 127 2947
64704 128 1997
64705 129 3863
64706 130 2858
64707 131 4017
64708 132 2178
64709 133 5055
64710 134 1932
64711 135 3716
64712 136 1854
64713 137 2335
64714 138 6047
64715 139 3806
64716 140 2283
64717 141 4887
64718 142 4369
64719 143 2020
64720 144 2580
64721 145 3605
64722 146 2490
64723 147 5394
64724 148 2337
64725 149 3572
64726 150 1964
64727 151 5137
64728 152 4702
64729 153 5626
64730 154 2213
64731 155 3989
64732 156 3383
64733 157 4541
64734 158 2978
64735 159 4236
64736 160 2003
