2500
64577 1 1793
64578 2 4241
64579 3 2831
64580 4 3487
64581 5 1105
64582 6 3978
64583 7 2199
64584 8 1724
64585 9 5032
64586 10 1609
64587 11 5884
64588 12 5399
64589 13 1666
64590 14 3336
64591 15 4871
64592 16 3047
64593 17 6301
64594 18 4303
64595 19 3044
64596 20 1742
64597 21 3827
64598 22 2070
64599 23 0
64600 24 4844
64601 25 4428
64602 26 4425
64603 27 2858
64604 28 5401
64605 29 2094
64606 30 4035
64607 31 1984
64608 32 1787
64609 33 3836
64610 34 4427
64611 35 3993
64612 36 2762
64613 37 4014
64614 38 2401
64615 39 2249
64616 40 5320
64617 41 0
64618 42 6618
64619 43 2782
64620 44 2697
64621 45 2213
64622 46 2428
64623 47 5172
64624 48 2380
64625 49 4195
64626 50 0
64627 51 5489
64628 52 3864
64629 53 6721
64630 54 2365
64631 55 3919
64632 56 5665
64633 57 4169
64634 58 0
64635 59 5087
64636 60 4857
64637 61 2146
64638 62 3377
64639 63 3999
64640 64 1122
64641 65 4267
64642 66 2563
64643 67 3076
64644 68 6036
64645 69 2003
64646 70 9624
64647 71 5559
64648 72 2473
64649 73 5197
64650 74 3014
64651 75 5645
64652 76 5381
64653 77 2527
64654 78 2464
64655 79 1794
64656 80 4270
64657 81 2251
64658 82 4031
64659 83 2550
64660 84 4937
64661 85 3007
64662 86 3532
64663 87 2219
64664 88 4076
64665 89 1720
64666 90 2476
64667 91 2545
64668 92 3731
64669 93 4382
64670 94 1182
64671 95 4537
64672 96 2369
64673 97 2718
64674 98 2664
64675 99 2925
64676 100 4894
64677 101 2050
64678 102 5248
64679 103 3951
64680 104 1445
64681 105 1928
64682 106 4406
64683 107 2375
64684 108 2716
64685 109 1555
64686 110 3616
64687 111 0
64688 112 3317
64689 113 5182
64690 114 4667
64691 115 3729
64692 116 2368
64693 117 4253
64694 118 4221
64695 119 2377
64696 120 5268
64697 121 3844
64698 122 5455
64699 123 3151
64700 124 2435
64701 125 5829
64702 126 2478
64703 127 5965
64704 128 0
64705 129 1738
64706 130 4739
64707 131 3834
64708 132 2412
64709 133 3770
64710 134 0
64711 135 5567
64712 136 2841
64713 137 2465
64714 138 3182
64715 139 5782
64716 140 1874
64717 141 2128
64718 142 2194
64719 143 3721
64720 144 3819
64721 145 1996
64722 146 6392
64723 147 2541
64724 148 2400
64725 149 6511
64726 150 4306
64727 151 2218
64728 152 2911
64729 153 2555
64730 154 4797
64731 155 5671
64732 156 2310
64733 157 2749
64734 158 2980
64735 159 4360
64736 160 4308
64737 161 2431
64738 162 3530
64739 163 5097
64740 164 1369
64741 165 4485
64742 166 2265
64743 167 2610
64744 168 1917
64745 169 3024
64746 170 5856
64747 171 4704
64748 172 2003
