2500
64577 1 2391
64578 2 4387
64579 3 3569
64580 4 2615
64581 5 1606
64582 6 4077
64583 7 0
64584 8 1539
64585 9 4083
64586 10 2685
64587 11 2534
64588 12 3892
64589 13 2084
64590 14 3504
64591 15 4050
64592 16 4447
64593 17 5109
64594 18 3874
64595 19 5142
64596 20 2320
64597 21 3359
64598 22 4558
64599 23 3710
64600 24 2177
64601 25 5682
64602 26 2585
64603 27 5862
64604 28 3014
64605 29 4776
64606 30 2548
64607 31 3682
64608 32 3287
64609 33 2311
64610 34 5519
64611 35 4678
64612 36 5588
64613 37 0
64614 38 2098
64615 39 1927
64616 40 3352
64617 41 4345
64618 42 4436
64619 43 4708
64620 44 2323
64621 45 1171
64622 46 4023
64623 47 5875
64624 48 4194
64625 49 5227
64626 50 4549
64627 51 5732
64628 52 3193
64629 53 4346
64630 54 2332
64631 55 3640
64632 56 4291
64633 57 4402
64634 58 4167
64635 59 5540
64636 60 3492
64637 61 2558
64638 62 2741
64639 63 5161
64640 64 6884
64641 65 2384
64642 66 4432
64643 67 6420
64644 68 5918
64645 69 2459
64646 70 7093
64647 71 5449
64648 72 5112
64649 73 5672
64650 74 3919
64651 75 5557
64652 76 4737
64653 77 1643
64654 78 5286
64655 79 2792
64656 80 2880
64657 81 2853
64658 82 3370
64659 83 4325
64660 84 2448
64661 85 2548
64662 86 7971
64663 87 2512
64664 88 4319
64665 89 2801
64666 90 3622
64667 91 4494
64668 92 4073
64669 93 2219
64670 94 3914
64671 95 5161
64672 96 4804
64673 97 7326
64674 98 2761
64675 99 3846
64676 100 2311
64677 101 2761
64678 102 3956
64679 103 4459
64680 104 5532
64681 105 1725
64682 106 4794
64683 107 2490
64684 108 2593
64685 109 3931
64686 110 7032
64687 111 6237
64688 112 0
64689 113 2811
64690 114 3955
64691 115 2528
64692 116 4886
64693 117 2300
64694 118 6465
64695 119 4995
64696 120 5063
64697 121 5893
64698 122 6045
64699 123 2194
64700 124 3227
64701 125 2481
64702 126 4585
64703 127 6033
64704 128 5808
64705 129 1832
64706 130 6920
64707 131 2547
64708 132 4935
64709 133 8065
64710 134 5794
64711 135 10332
64712 136 5584
64713 137 2003
64714 138 4744
64715 139 4582
64716 140 1251
64717 141 3420
64718 142 3361
64719 143 0
64720 144 2890
64721 145 3123
64722 146 3867
64723 147 2374
64724 148 7503
64725 149 2003
