2500
64577 1 2727
64578 2 5179
64579 3 2526
64580 4 1788
64581 5 3351
64582 6 3173
64583 7 1973
64584 8 3636
64585 9 2624
64586 10 2401
64587 11 2952
64588 12 2322
64589 13 2584
64590 14 1741
64591 15 3576
64592 16 0
64593 17 2644
64594 18 6188
64595 19 6903
64596 20 3953
64597 21 3481
64598 22 2565
64599 23 6926
64600 24 2532
64601 25 3963
64602 26 2145
64603 27 5696
64604 28 1688
64605 29 5020
64606 30 4232
64607 31 4224
64608 32 2238
64609 33 2465
64610 34 1413
64611 35 3484
64612 36 2792
64613 37 2750
64614 38 4943
64615 39 2207
64616 40 3347
64617 41 1288
64618 42 1808
64619 43 5076
64620 44 4439
64621 45 1466
64622 46 4602
64623 47 0
64624 48 3148
64625 49 4394
64626 50 2928
64627 51 3702
64628 52 0
64629 53 2427
64630 54 3831
64631 55 5528
64632 56 4326
64633 57 2503
64634 58 2313
64635 59 2748
64636 60 5746
64637 61 3504
64638 62 2867
64639 63 3289
64640 64 3535
64641 65 4601
64642 66 5372
64643 67 2181
64644 68 2404
64645 69 4468
64646 70 2020
64647 71 2938
64648 72 1919
64649 73 3696
64650 74 2556
64651 75 0
64652 76 3276
64653 77 5750
64654 78 4295
64655 79 4997
64656 80 5573
64657 81 0
64658 82 7467
64659 83 4962
64660 84 6050
64661 85 2178
64662 86 4730
64663 87 8298
64664 88 1744
64665 89 5174
64666 90 4875
64667 91 5750
64668 92 2716
64669 93 3591
64670 94 4092
64671 95 4548
64672 96 2409
64673 97 3128
64674 98 1944
64675 99 4882
64676 100 2565
64677 101 1460
64678 102 5343
64679 103 2294
64680 104 6173
64681 105 4994
64682 106 4045
64683 107 0
64684 108 4522
64685 109 1841
64686 110 3001
64687 111 3590
64688 112 0
64689 113 3096
64690 114 4248
64691 115 3401
64692 116 4383
64693 117 4467
64694 118 1887
64695 119 1944
64696 120 3333
64697 121 3364
64698 122 4190
64699 123 1866
64700 124 5731
64701 125 2747
64702 126 5268
64703 127 3807
64704 128 2193
64705 129 5430
64706 130 0
64707 131 3522
64708 132 3172
64709 133 4384
64710 134 1851
64711 135 3430
64712 136 2084
64713 137 3009
64714 138 2888
64715 139 3503
64716 140 2426
64717 141 2163
64718 142 4351
64719 143 1411
64720 144 4252
64721 145 3297
64722 146 2262
64723 147 3887
64724 148 2293
64725 149 3153
64726 150 4209
64727 151 4015
64728 152 1620
64729 153 3165
64730 154 8095
64731 155 5559
64732 156 2696
64733 157 6565
64734 158 3648
64735 159 2290
64736 160 4343
64737 161 3105
64738 162 3709
64739 163 2193
64740 164 3508
64741 165 4659
64742 166 5279
64743 167 3308
64744 168 0
64745 169 4616
64746 170 4730
64747 171 1932
64748 172 3352
64749 173 2003
