2500
64577 1 3441
64578 2 4918
64579 3 2375
64580 4 4391
64581 5 1855
64582 6 3060
64583 7 6074
64584 8 5744
64585 9 2898
64586 10 4186
64587 11 1591
64588 12 3717
64589 13 3531
64590 14 1479
64591 15 4338
64592 16 3158
64593 17 2533
64594 18 4624
64595 19 2099
64596 20 5608
64597 21 6218
64598 22 5973
64599 23 5884
64600 24 2174
64601 25 3169
64602 26 1628
64603 27 5525
64604 28 2090
64605 29 4189
64606 30 4514
64607 31 4124
64608 32 2319
64609 33 4113
64610 34 1953
64611 35 3244
64612 36 6064
64613 37 1917
64614 38 5478
64615 39 2503
64616 40 4912
64617 41 6762
64618 42 4095
64619 43 4389
64620 44 5310
64621 45 4296
64622 46 4432
64623 47 3670
64624 48 6166
64625 49 1582
64626 50 2762
64627 51 2242
64628 52 5958
64629 53 1572
64630 54 6039
64631 55 2702
64632 56 4066
64633 57 3152
64634 58 4112
64635 59 6555
64636 60 4725
64637 61 0
64638 62 3050
64639 63 3216
64640 64 3586
64641 65 4975
64642 66 2849
64643 67 4020
64644 68 2098
64645 69 3076
64646 70 4284
64647 71 3526
64648 72 4009
64649 73 4964
64650 74 4821
64651 75 5148
64652 76 2339
64653 77 6581
64654 78 2243
64655 79 1036
64656 80 2818
64657 81 6881
64658 82 2550
64659 83 4256
64660 84 6158
64661 85 2168
64662 86 2832
64663 87 2691
64664 88 3642
64665 89 2525
64666 90 3993
64667 91 6415
64668 92 4006
64669 93 2948
64670 94 5287
64671 95 2226
64672 96 2681
64673 97 2924
64674 98 2014
64675 99 3668
64676 100 4100
64677 101 2271
64678 102 4378
64679 103 6691
64680 104 6931
64681 105 2283
64682 106 4289
64683 107 4288
64684 108 2867
64685 109 4580
64686 110 6295
64687 111 4076
64688 112 0
64689 113 3413
64690 114 4552
64691 115 2155
64692 116 4630
64693 117 4306
64694 118 3646
64695 119 4873
64696 120 0
64697 121 4892
64698 122 4689
64699 123 5094
64700 124 1786
64701 125 4596
64702 126 1847
64703 127 2992
64704 128 6926
64705 129 5156
64706 130 2515
64707 131 4471
64708 132 8491
64709 133 5983
64710 134 2222
64711 135 3181
64712 136 1848
64713 137 4893
64714 138 5323
64715 139 5769
64716 140 4554
64717 141 5419
64718 142 4435
64719 143 2587
64720 144 3986
64721 145 4511
64722 146 6357
64723 147 6258
64724 148 2930
64725 149 6139
64726 150 2003
