2500
64577 1 4799
64578 2 3104
64579 3 4200
64580 4 5255
64581 5 2149
64582 6 4005
64583 7 4547
64584 8 3594
64585 9 7461
64586 10 3741
64587 11 4628
64588 12 4434
64589 13 2510
64590 14 2880
64591 15 5728
64592 16 2100
64593 17 4087
64594 18 5858
64595 19 2921
64596 20 2591
64597 21 4810
64598 22 3271
64599 23 3206
64600 24 2627
64601 25 3525
64602 26 2352
64603 27 4109
64604 28 2849
64605 29 3585
64606 30 6098
64607 31 2384
64608 32 2769
64609 33 4359
64610 34 3349
64611 35 4397
64612 36 2591
64613 37 0
64614 38 3014
64615 39 4309
64616 40 5499
64617 41 6119
64618 42 6217
64619 43 4270
64620 44 2494
64621 45 3277
64622 46 2078
64623 47 3832
64624 48 4090
64625 49 5874
64626 50 3121
64627 51 3900
64628 52 4073
64629 53 4548
64630 54 2352
64631 55 2440
64632 56 5834
64633 57 1629
64634 58 4814
64635 59 2017
64636 60 5249
64637 61 4276
64638 62 2003
64639 63 2313
64640 64 5015
64641 65 0
64642 66 7092
64643 67 4274
64644 68 2509
64645 69 2556
64646 70 4924
64647 71 1558
64648 72 3671
64649 73 5369
64650 74 2149
64651 75 5070
64652 76 0
64653 77 2539
64654 78 6487
64655 79 1871
64656 80 4020
64657 81 4291
64658 82 2894
64659 83 2639
64660 84 6716
64661 85 2232
64662 86 5434
64663 87 3409
64664 88 2463
64665 89 3331
64666 90 3309
64667 91 7640
64668 92 6809
64669 93 2248
64670 94 2375
64671 95 5409
64672 96 2986
64673 97 1767
64674 98 5862
64675 99 3114
64676 100 7280
64677 101 5671
64678 102 2952
64679 103 3703
64680 104 6081
64681 105 6837
64682 106 8554
64683 107 4868
64684 108 2117
64685 109 4989
64686 110 2437
64687 111 3191
64688 112 5955
64689 113 2848
64690 114 3685
64691 115 1979
64692 116 5947
64693 117 1887
64694 118 3883
64695 119 1300
64696 120 5732
64697 121 0
64698 122 2876
64699 123 2853
64700 124 4527
64701 125 1625
64702 126 5832
64703 127 0
64704 128 5342
64705 129 2425
64706 130 6055
64707 131 4220
64708 132 4497
64709 133 4371
64710 134 6611
64711 135 0
64712 136 7336
64713 137 2422
64714 138 7359
64715 139 1778
64716 140 3914
64717 141 4398
64718 142 1990
64719 143 3560
64720 144 5064
64721 145 2869
64722 146 4219
64723 147 1519
64724 148 2790
64725 149 2418
64726 150 2449
64727 151 0
64728 152 4149
64729 153 5020
64730 154 3572
64731 155 3383
64732 156 2003
