2500
64577 1 4657
64578 2 3915
64579 3 4312
64580 4 2712
64581 5 3514
64582 6 1512
64583 7 1755
64584 8 3464
64585 9 0
64586 10 2892
64587 11 5316
64588 12 2454
64589 13 2748
64590 14 6043
64591 15 2343
64592 16 2327
64593 17 4896
64594 18 3430
64595 19 3630
64596 20 4823
64597 21 2515
64598 22 5492
64599 23 3278
64600 24 2348
64601 25 4829
64602 26 2856
64603 27 0
64604 28 4204
64605 29 2943
64606 30 2792
64607 31 5820
64608 32 4033
64609 33 2220
64610 34 2608
64611 35 4212
64612 36 1724
64613 37 5713
64614 38 0
64615 39 4942
64616 40 7980
64617 41 5280
64618 42 3526
64619 43 2209
64620 44 7685
64621 45 3943
64622 46 2362
64623 47 3879
64624 48 2315
64625 49 4079
64626 50 2343
64627 51 3086
64628 52 3290
64629 53 2376
64630 54 5057
64631 55 2085
64632 56 4035
64633 57 5966
64634 58 4722
64635 59 2501
64636 60 3810
64637 61 2270
64638 62 3458
64639 63 2377
64640 64 6873
64641 65 2547
64642 66 4836
64643 67 3266
64644 68 6170
64645 69 3029
64646 70 4153
64647 71 2510
64648 72 6614
64649 73 3918
64650 74 7181
64651 75 2003
64652 76 1477
64653 77 3292
64654 78 3418
64655 79 4210
64656 80 2984
64657 81 3558
64658 82 2175
64659 83 5344
64660 84 7296
64661 85 4905
64662 86 1230
64663 87 3524
64664 88 2168
64665 89 0
64666 90 6883
64667 91 6869
64668 92 5356
64669 93 2400
64670 94 3799
64671 95 2121
64672 96 4289
64673 97 2006
64674 98 4601
64675 99 1746
64676 100 3365
64677 101 5817
64678 102 2651
64679 103 2362
64680 104 2871
64681 105 1439
64682 106 5378
64683 107 4833
64684 108 2085
64685 109 2917
64686 110 2157
64687 111 3733
64688 112 1588
64689 113 4155
64690 114 5576
64691 115 2537
64692 116 6207
64693 117 2400
64694 118 5476
64695 119 2473
64696 120 3631
64697 121 2311
64698 122 1230
64699 123 4833
64700 124 4963
64701 125 4033
64702 126 4939
64703 127 0
64704 128 2865
64705 129 4339
64706 130 2410
64707 131 3821
64708 132 4258
64709 133 2329
64710 134 3175
64711 135 4030
64712 136 2074
64713 137 7860
64714 138 3056
64715 139 5154
64716 140 2242
64717 141 4685
64718 142 3894
64719 143 2419
64720 144 5496
64721 145 2303
64722 146 5234
64723 147 4085
64724 148 4111
64725 149 4779
64726 150 6618
64727 151 3336
64728 152 2477
64729 153 5692
64730 154 5139
64731 155 6588
64732 156 1321
64733 157 5145
64734 158 3240
64735 159 4140
64736 160 2003
