2500
64577 1 1295
64578 2 8075
64579 3 2822
64580 4 3144
64581 5 3535
64582 6 8432
64583 7 0
64584 8 4051
64585 9 5595
64586 10 1564
64587 11 4969
64588 12 3134
64589 13 3755
64590 14 4595
64591 15 3675
64592 16 5414
64593 17 3328
64594 18 3851
64595 19 3645
64596 20 0
64597 21 2670
64598 22 4441
64599 23 0
64600 24 5308
64601 25 2891
64602 26 6958
64603 27 6031
64604 28 3706
64605 29 9507
64606 30 2271
64607 31 3242
64608 32 5731
64609 33 2347
64610 34 7674
64611 35 3469
64612 36 3205
64613 37 6493
64614 38 4382
64615 39 6242
64616 40 2815
64617 41 2661
64618 42 1703
64619 43 3656
64620 44 4955
64621 45 3425
64622 46 2894
64623 47 8509
64624 48 2003
64625 49 3192
64626 50 3296
64627 51 4001
64628 52 3140
64629 53 5734
64630 54 5858
64631 55 3643
64632 56 5342
64633 57 4653
64634 58 6392
64635 59 0
64636 60 3725
64637 61 1543
64638 62 4092
64639 63 6563
64640 64 2165
64641 65 2875
64642 66 4080
64643 67 1683
64644 68 3479
64645 69 2322
64646 70 5596
64647 71 5344
64648 72 6242
64649 73 0
64650 74 7695
64651 75 6471
64652 76 0
64653 77 7442
64654 78 6314
64655 79 2135
64656 80 3392
64657 81 5731
64658 82 2329
64659 83 6641
64660 84 5523
64661 85 6861
64662 86 7249
64663 87 3007
64664 88 0
64665 89 4025
64666 90 5295
64667 91 6624
64668 92 2134
64669 93 5465
64670 94 4834
64671 95 5715
64672 96 5803
64673 97 2863
64674 98 5030
64675 99 6538
64676 100 2608
64677 101 5007
64678 102 5343
64679 103 7062
64680 104 0
64681 105 4156
64682 106 5439
64683 107 3789
64684 108 3908
64685 109 2212
64686 110 2703
64687 111 4392
64688 112 2536
64689 113 2784
64690 114 1392
64691 115 8855
64692 116 6097
64693 117 6106
64694 118 1836
64695 119 2678
64696 120 4573
64697 121 7041
64698 122 2226
64699 123 2777
64700 124 6051
64701 125 3295
64702 126 2085
64703 127 5714
64704 128 2718
64705 129 1937
64706 130 3674
64707 131 2568
64708 132 6014
64709 133 10525
64710 134 4792
64711 135 4646
64712 136 0
64713 137 3525
64714 138 2567
64715 139 4513
64716 140 6195
64717 141 2003
