2500
64577 1 4356
64578 2 2711
64579 3 6028
64580 4 3372
64581 5 0
64582 6 2541
64583 7 5066
64584 8 7436
64585 9 2587
64586 10 3476
64587 11 1429
64588 12 4557
64589 13 4428
64590 14 5424
64591 15 0
64592 16 3060
64593 17 3240
64594 18 3829
64595 19 3617
64596 20 2147
64597 21 3580
64598 22 5211
64599 23 2646
64600 24 3624
64601 25 2508
64602 26 3668
64603 27 4432
64604 28 2342
64605 29 3565
64606 30 2166
64607 31 4529
64608 32 2315
64609 33 2811
64610 34 4336
64611 35 9229
64612 36 6892
64613 37 3941
64614 38 7422
64615 39 2418
64616 40 4584
64617 41 2284
64618 42 2003
64619 43 4163
64620 44 4671
64621 45 2513
64622 46 3405
64623 47 4054
64624 48 2451
64625 49 7214
64626 50 2458
64627 51 7879
64628 52 2432
64629 53 4980
64630 54 5817
64631 55 2058
64632 56 2274
64633 57 3884
64634 58 2215
64635 59 4106
64636 60 3695
64637 61 2851
64638 62 4889
64639 63 2181
64640 64 4918
64641 65 1675
64642 66 4978
64643 67 3452
64644 68 2761
64645 69 5463
64646 70 2268
64647 71 7894
64648 72 3539
64649 73 6724
64650 74 2593
64651 75 4291
64652 76 2993
64653 77 4899
64654 78 2537
64655 79 5377
64656 80 4802
64657 81 4548
64658 82 1381
64659 83 3453
64660 84 2226
64661 85 6532
64662 86 3516
64663 87 4962
64664 88 3820
64665 89 7458
64666 90 5217
64667 91 7330
64668 92 5621
64669 93 2534
64670 94 3931
64671 95 4694
64672 96 0
64673 97 4808
64674 98 3144
64675 99 3034
64676 100 3755
64677 101 2372
64678 102 1931
64679 103 5247
64680 104 3815
64681 105 4157
64682 106 3897
64683 107 5707
64684 108 2262
64685 109 2275
64686 110 4194
64687 111 3285
64688 112 4404
64689 113 0
64690 114 5939
64691 115 5170
64692 116 4454
64693 117 0
64694 118 3070
64695 119 8570
64696 120 2998
64697 121 4071
64698 122 3102
64699 123 3671
64700 124 5299
64701 125 3613
64702 126 5137
64703 127 2691
64704 128 4979
64705 129 2345
64706 130 3410
64707 131 4604
64708 132 2761
64709 133 7089
64710 134 2709
64711 135 2404
64712 136 6137
64713 137 4906
64714 138 5936
64715 139 2132
64716 140 5057
64717 141 4349
64718 142 2192
64719 143 2684
64720 144 2962
64721 145 1721
64722 146 6907
64723 147 4302
64724 148 2601
64725 149 4175
64726 150 4871
64727 151 2003
