2500
64577 1 2342
64578 2 5138
64579 3 3965
64580 4 4864
64581 5 6312
64582 6 0
64583 7 5476
64584 8 4023
64585 9 4606
64586 10 2003
64587 11 5067
64588 12 4041
64589 13 2313
64590 14 4597
64591 15 2199
64592 16 3606
64593 17 4801
64594 18 3208
64595 19 0
64596 20 5257
64597 21 4198
64598 22 3299
64599 23 4032
64600 24 2442
64601 25 2470
64602 26 3179
64603 27 2502
64604 28 2114
64605 29 5350
64606 30 4442
64607 31 3930
64608 32 5296
64609 33 5472
64610 34 1954
64611 35 6852
64612 36 0
64613 37 2024
64614 38 2053
64615 39 3112
64616 40 4670
64617 41 5613
64618 42 4951
64619 43 2003
64620 44 3757
64621 45 3873
64622 46 5361
64623 47 2524
64624 48 3659
64625 49 4005
64626 50 4056
64627 51 3975
64628 52 5609
64629 53 2003
64630 54 4279
64631 55 2522
64632 56 1304
64633 57 4975
64634 58 4450
64635 59 3795
64636 60 3505
64637 61 3064
64638 62 4644
64639 63 6292
64640 64 3348
64641 65 5118
64642 66 0
64643 67 3215
64644 68 4396
64645 69 3355
64646 70 4265
64647 71 5751
64648 72 4974
64649 73 4297
64650 74 3914
64651 75 1994
64652 76 2474
64653 77 4154
64654 78 4474
64655 79 2692
64656 80 1560
64657 81 3504
64658 82 2765
64659 83 3908
64660 84 4404
64661 85 3505
64662 86 4376
64663 87 3978
64664 88 5253
64665 89 2612
64666 90 0
64667 91 4507
64668 92 3237
64669 93 2736
64670 94 3557
64671 95 2397
64672 96 2902
64673 97 3791
64674 98 6128
64675 99 5580
64676 100 3796
64677 101 0
64678 102 1652
64679 103 4661
64680 104 3164
64681 105 0
64682 106 3165
64683 107 4776
64684 108 0
64685 109 6169
64686 110 5468
64687 111 2128
64688 112 4507
64689 113 2992
64690 114 4352
64691 115 4421
64692 116 2716
64693 117 4515
64694 118 0
64695 119 3432
64696 120 4579
64697 121 3982
64698 122 1428
64699 123 1830
64700 124 7167
64701 125 5414
64702 126 2417
64703 127 2731
64704 128 2194
64705 129 7150
64706 130 5017
64707 131 2554
64708 132 4473
64709 133 4375
64710 134 3475
64711 135 3442
64712 136 5636
64713 137 4901
64714 138 5553
64715 139 4207
64716 140 4922
64717 141 2558
64718 142 3020
64719 143 2079
64720 144 3225
64721 145 5770
64722 146 2253
64723 147 1703
64724 148 2799
64725 149 5401
64726 150 5180
64727 151 0
64728 152 8705
64729 153 2524
64730 154 6134
64731 155 5705
64732 156 4987
64733 157 3196
64734 158 5718
64735 159 2003
