2500
64577 1 4708
64578 2 5524
64579 3 7879
64580 4 3354
64581 5 1939
64582 6 4798
64583 7 8372
64584 8 2003
64585 9 1567
64586 10 5153
64587 11 2757
64588 12 2773
64589 13 2736
64590 14 4591
64591 15 5026
64592 16 2690
64593 17 7461
64594 18 3638
64595 19 6231
64596 20 2197
64597 21 5293
64598 22 5838
64599 23 0
64600 24 6605
64601 25 6700
64602 26 5826
64603 27 5320
64604 28 3087
64605 29 3258
64606 30 2786
64607 31 3351
64608 32 5715
64609 33 0
64610 34 5738
64611 35 5590
64612 36 4078
64613 37 7961
64614 38 2402
64615 39 2786
64616 40 2830
64617 41 3541
64618 42 4432
64619 43 2003
64620 44 6329
64621 45 6448
64622 46 0
64623 47 3060
64624 48 6250
64625 49 6012
64626 50 2653
64627 51 2089
64628 52 4911
64629 53 6605
64630 54 4808
64631 55 2320
64632 56 5100
64633 57 2136
64634 58 2369
64635 59 4982
64636 60 4871
64637 61 4125
64638 62 5276
64639 63 3992
64640 64 5886
64641 65 2413
64642 66 1597
64643 67 5482
64644 68 4829
64645 69 2749
64646 70 4123
64647 71 8701
64648 72 0
64649 73 3541
64650 74 5797
64651 75 2436
64652 76 2766
64653 77 5342
64654 78 4940
64655 79 2574
64656 80 4720
64657 81 3560
64658 82 4686
64659 83 0
64660 84 5190
64661 85 3044
64662 86 6597
64663 87 2080
64664 88 4105
64665 89 1671
64666 90 7913
64667 91 2445
64668 92 2561
64669 93 6890
64670 94 4938
64671 95 1678
64672 96 7716
64673 97 5857
64674 98 2629
64675 99 3619
64676 100 5705
64677 101 2516
64678 102 2255
64679 103 7250
64680 104 4427
64681 105 7104
64682 106 3540
64683 107 4169
64684 108 8749
64685 109 9273
64686 110 2003
64687 111 2955
64688 112 3623
64689 113 5142
64690 114 5870
64691 115 3528
64692 116 4654
64693 117 0
64694 118 3805
64695 119 7493
64696 120 2003
