2500
64577 1 2478
64578 2 5661
64579 3 2547
64580 4 3361
64581 5 6287
64582 6 5251
64583 7 5350
64584 8 4907
64585 9 3243
64586 10 5611
64587 11 2264
64588 12 3396
64589 13 4875
64590 14 4617
64591 15 2460
64592 16 1930
64593 17 3665
64594 18 8367
64595 19 2003
64596 20 1562
64597 21 5209
64598 22 5844
64599 23 2713
64600 24 1713
64601 25 4690
64602 26 3031
64603 27 7832
64604 28 6355
64605 29 5543
64606 30 2379
64607 31 2934
64608 32 4636
64609 33 2354
64610 34 4301
64611 35 5381
64612 36 2286
64613 37 2037
64614 38 4178
64615 39 3235
64616 40 5742
64617 41 3352
64618 42 6773
64619 43 6832
64620 44 6535
64621 45 2292
64622 46 2558
64623 47 4500
64624 48 5649
64625 49 6330
64626 50 2425
64627 51 5031
64628 52 4862
64629 53 2475
64630 54 1536
64631 55 3828
64632 56 1856
64633 57 4543
64634 58 3301
64635 59 7266
64636 60 2628
64637 61 2652
64638 62 2051
64639 63 2760
64640 64 4999
64641 65 2407
64642 66 2021
64643 67 4551
64644 68 3820
64645 69 2365
64646 70 5296
64647 71 6648
64648 72 2686
64649 73 2109
64650 74 4199
64651 75 0
64652 76 3477
64653 77 4018
64654 78 2836
64655 79 4971
64656 80 2338
64657 81 2955
64658 82 2178
64659 83 1773
64660 84 6921
64661 85 6215
64662 86 0
64663 87 3397
64664 88 4707
64665 89 1384
64666 90 7459
64667 91 2270
64668 92 6122
64669 93 2602
64670 94 10342
64671 95 2191
64672 96 6309
64673 97 3758
64674 98 5615
64675 99 1535
64676 100 5693
64677 101 2379
64678 102 1560
64679 103 4893
64680 104 4297
64681 105 2397
64682 106 5144
64683 107 2072
64684 108 7513
64685 109 2003
64686 110 1009
64687 111 2800
64688 112 4605
64689 113 4180
64690 114 2845
64691 115 2802
64692 116 5514
64693 117 0
64694 118 5617
64695 119 2536
64696 120 2509
64697 121 4350
64698 122 2434
64699 123 5906
64700 124 2214
64701 125 1366
64702 126 3626
64703 127 2540
64704 128 3864
64705 129 2938
64706 130 5179
64707 131 2300
64708 132 1469
64709 133 5510
64710 134 2447
64711 135 4658
64712 136 4739
64713 137 0
64714 138 2047
64715 139 4059
64716 140 5966
64717 141 0
64718 142 2723
64719 143 2418
64720 144 2185
64721 145 3132
64722 146 4616
64723 147 2203
64724 148 2645
64725 149 0
64726 150 1993
64727 151 6946
64728 152 1400
64729 153 7681
64730 154 3637
64731 155 0
64732 156 3685
64733 157 6851
64734 158 2003
