2500
64577 1 2835
64578 2 5656
64579 3 2609
64580 4 5463
64581 5 2489
64582 6 4566
64583 7 2506
64584 8 3280
64585 9 3359
64586 10 2583
64587 11 1363
64588 12 2428
64589 13 2951
64590 14 2139
64591 15 7355
64592 16 2160
64593 17 4329
64594 18 3872
64595 19 6387
64596 20 3130
64597 21 0
64598 22 6855
64599 23 0
64600 24 2327
64601 25 4683
64602 26 10933
64603 27 2106
64604 28 1672
64605 29 8350
64606 30 5678
64607 31 3098
64608 32 5092
64609 33 6761
64610 34 2030
64611 35 3998
64612 36 1565
64613 37 4685
64614 38 6180
64615 39 2712
64616 40 6039
64617 41 2214
64618 42 7420
64619 43 2541
64620 44 3351
64621 45 5034
64622 46 3643
64623 47 2078
64624 48 6329
64625 49 6143
64626 50 2149
64627 51 1283
64628 52 3004
64629 53 3309
64630 54 4140
64631 55 3684
64632 56 2738
64633 57 2527
64634 58 4497
64635 59 5792
64636 60 5297
64637 61 4826
64638 62 0
64639 63 4817
64640 64 4220
64641 65 7227
64642 66 2186
64643 67 2732
64644 68 2181
64645 69 3866
64646 70 6672
64647 71 1886
64648 72 7474
64649 73 6699
64650 74 6483
64651 75 3153
64652 76 7356
64653 77 0
64654 78 5646
64655 79 2414
64656 80 3486
64657 81 2683
64658 82 3651
64659 83 2748
64660 84 0
64661 85 2736
64662 86 5932
64663 87 2242
64664 88 5712
64665 89 1846
64666 90 5537
64667 91 5390
64668 92 2061
64669 93 3729
64670 94 3709
64671 95 5589
64672 96 3140
64673 97 5285
64674 98 5155
64675 99 4739
64676 100 6732
64677 101 2401
64678 102 5890
64679 103 5738
64680 104 4603
64681 105 7316
64682 106 0
64683 107 3963
64684 108 2530
64685 109 5073
64686 110 7202
64687 111 2355
64688 112 2487
64689 113 3815
64690 114 3290
64691 115 3382
64692 116 5204
64693 117 6492
64694 118 4555
64695 119 0
64696 120 2415
64697 121 1846
64698 122 3151
64699 123 6963
64700 124 2285
64701 125 2665
64702 126 5092
64703 127 3978
64704 128 2486
64705 129 3892
64706 130 4350
64707 131 0
64708 132 3667
64709 133 3394
64710 134 3557
64711 135 8089
64712 136 2287
64713 137 5333
64714 138 3844
64715 139 4379
64716 140 5243
64717 141 0
64718 142 5909
64719 143 4741
64720 144 5871
64721 145 4321
64722 146 0
64723 147 4376
64724 148 6447
64725 149 2003
