2500
64577 1 2904
64578 2 4323
64579 3 4184
64580 4 6801
64581 5 2348
64582 6 7118
64583 7 2442
64584 8 4498
64585 9 4272
64586 10 4100
64587 11 7283
64588 12 7306
64589 13 4000
64590 14 6662
64591 15 6476
64592 16 3033
64593 17 8286
64594 18 2231
64595 19 3814
64596 20 6304
64597 21 2519
64598 22 5241
64599 23 0
64600 24 10695
64601 25 4707
64602 26 2939
64603 27 9601
64604 28 2296
64605 29 7787
64606 30 3060
64607 31 4104
64608 32 4540
64609 33 2355
64610 34 6795
64611 35 6817
64612 36 2400
64613 37 1277
64614 38 4060
64615 39 4868
64616 40 5354
64617 41 5120
64618 42 1634
64619 43 8982
64620 44 2556
64621 45 6946
64622 46 4268
64623 47 2517
64624 48 2810
64625 49 6411
64626 50 2611
64627 51 2692
64628 52 8181
64629 53 2195
64630 54 2257
64631 55 6086
64632 56 5113
64633 57 8682
64634 58 3573
64635 59 10550
64636 60 4506
64637 61 2432
64638 62 2975
64639 63 6116
64640 64 2286
64641 65 3499
64642 66 7019
64643 67 5307
64644 68 2361
64645 69 4526
64646 70 4967
64647 71 5307
64648 72 5832
64649 73 5019
64650 74 1360
64651 75 4108
64652 76 3005
64653 77 11009
64654 78 2328
64655 79 2090
64656 80 2363
64657 81 8177
64658 82 4515
64659 83 5860
64660 84 2399
64661 85 6017
64662 86 0
64663 87 2610
64664 88 3183
64665 89 2779
64666 90 5404
64667 91 5458
64668 92 9451
64669 93 2003
64670 94 1864
64671 95 3969
64672 96 5970
64673 97 7318
64674 98 2792
64675 99 4301
64676 100 0
64677 101 1357
64678 102 8106
64679 103 3353
64680 104 6341
64681 105 2687
64682 106 2653
64683 107 2758
64684 108 9472
64685 109 2454
64686 110 2157
64687 111 5087
64688 112 5103
64689 113 7173
64690 114 3721
64691 115 4046
64692 116 5154
64693 117 5296
64694 118 0
64695 119 3415
64696 120 4214
64697 121 1708
64698 122 3912
64699 123 7539
64700 124 6999
64701 125 2752
64702 126 6949
64703 127 0
64704 128 4088
64705 129 8947
64706 130 2003
