2500
64577 1 1803
64578 2 4206
64579 3 7595
64580 4 5211
64581 5 0
64582 6 2667
64583 7 4598
64584 8 5177
64585 9 5551
64586 10 2013
64587 11 1367
64588 12 8185
64589 13 2325
64590 14 3503
64591 15 7215
64592 16 5214
64593 17 2614
64594 18 4869
64595 19 3846
64596 20 5138
64597 21 4928
64598 22 2701
64599 23 4730
64600 24 7897
64601 25 2483
64602 26 5003
64603 27 6257
64604 28 5265
64605 29 4011
64606 30 6148
64607 31 2428
64608 32 4475
64609 33 3912
64610 34 4440
64611 35 0
64612 36 3004
64613 37 5258
64614 38 5221
64615 39 4324
64616 40 2349
64617 41 5732
64618 42 3363
64619 43 3116
64620 44 0
64621 45 4138
64622 46 2156
64623 47 6810
64624 48 2003
64625 49 4051
64626 50 5065
64627 51 4492
64628 52 7761
64629 53 6362
64630 54 5128
64631 55 6156
64632 56 6664
64633 57 2085
64634 58 3926
64635 59 5783
64636 60 4300
64637 61 5992
64638 62 2725
64639 63 2264
64640 64 5274
64641 65 9262
64642 66 2294
64643 67 4369
64644 68 5700
64645 69 5273
64646 70 5427
64647 71 0
64648 72 4356
64649 73 2379
64650 74 7007
64651 75 2260
64652 76 1044
64653 77 3667
64654 78 4529
64655 79 6388
64656 80 5596
64657 81 2525
64658 82 3272
64659 83 2715
64660 84 2570
64661 85 5787
64662 86 2022
64663 87 2091
64664 88 2624
64665 89 4898
64666 90 6002
64667 91 1710
64668 92 3225
64669 93 5730
64670 94 2780
64671 95 3291
64672 96 2250
64673 97 6757
64674 98 2223
64675 99 3236
64676 100 5553
64677 101 4832
64678 102 2001
64679 103 4665
64680 104 2133
64681 105 2354
64682 106 2275
64683 107 4442
64684 108 3651
64685 109 7156
64686 110 1704
64687 111 4490
64688 112 3926
64689 113 2323
64690 114 3340
64691 115 5274
64692 116 4751
64693 117 1972
64694 118 2956
64695 119 2626
64696 120 6369
64697 121 2358
64698 122 2380
64699 123 2218
64700 124 3766
64701 125 3051
64702 126 6587
64703 127 6502
64704 128 4341
64705 129 6252
64706 130 2831
64707 131 2796
64708 132 3899
64709 133 2590
64710 134 7577
64711 135 2003
64712 136 4945
64713 137 9011
64714 138 7174
64715 139 3558
64716 140 2095
64717 141 3385
64718 142 6870
64719 143 2003
