2500
64577 1 6878
64578 2 4184
64579 3 2606
64580 4 6158
64581 5 3008
64582 6 4682
64583 7 3415
64584 8 7978
64585 9 2241
64586 10 3058
64587 11 2363
64588 12 3963
64589 13 2984
64590 14 6879
64591 15 3788
64592 16 2986
64593 17 8684
64594 18 2003
64595 19 3328
64596 20 5492
64597 21 2606
64598 22 8196
64599 23 3550
64600 24 1780
64601 25 5520
64602 26 2387
64603 27 3290
64604 28 3139
64605 29 2626
64606 30 2588
64607 31 3499
64608 32 5155
64609 33 5433
64610 34 9588
64611 35 2163
64612 36 4131
64613 37 3809
64614 38 4600
64615 39 2991
64616 40 6559
64617 41 7626
64618 42 2228
64619 43 2611
64620 44 2150
64621 45 4011
64622 46 5940
64623 47 3638
64624 48 6354
64625 49 2532
64626 50 6466
64627 51 8739
64628 52 2240
64629 53 6486
64630 54 2448
64631 55 5883
64632 56 4390
64633 57 6665
64634 58 3217
64635 59 9548
64636 60 2306
64637 61 2294
64638 62 4682
64639 63 2539
64640 64 6900
64641 65 3161
64642 66 4941
64643 67 1795
64644 68 5959
64645 69 9334
64646 70 2230
64647 71 2430
64648 72 8968
64649 73 2505
64650 74 4785
64651 75 2978
64652 76 1822
64653 77 1428
64654 78 9060
64655 79 4698
64656 80 2505
64657 81 8276
64658 82 2379
64659 83 2622
64660 84 5982
64661 85 3712
64662 86 7596
64663 87 2476
64664 88 3375
64665 89 2524
64666 90 0
64667 91 2863
64668 92 7525
64669 93 2239
64670 94 3047
64671 95 5198
64672 96 6334
64673 97 6286
64674 98 1670
64675 99 3740
64676 100 6923
64677 101 2244
64678 102 3090
64679 103 3981
64680 104 5655
64681 105 3522
64682 106 5790
64683 107 2492
64684 108 5309
64685 109 2199
64686 110 5394
64687 111 2463
64688 112 3975
64689 113 6962
64690 114 9059
64691 115 2118
64692 116 6541
64693 117 4290
64694 118 2665
64695 119 5827
64696 120 3134
64697 121 5897
64698 122 3225
64699 123 6599
64700 124 2115
64701 125 5213
64702 126 2001
64703 127 5530
64704 128 6601
64705 129 3763
64706 130 0
64707 131 5540
64708 132 5320
64709 133 8529
64710 134 2003
