2500
64577 1 7414
64578 2 4212
64579 3 7588
64580 4 4744
64581 5 6931
64582 6 4767
64583 7 3380
64584 8 6122
64585 9 3709
64586 10 6001
64587 11 5156
64588 12 7084
64589 13 0
64590 14 7452
64591 15 3305
64592 16 5781
64593 17 2057
64594 18 4626
64595 19 5501
64596 20 7161
64597 21 4732
64598 22 5918
64599 23 3285
64600 24 5655
64601 25 2896
64602 26 6706
64603 27 4630
64604 28 5566
64605 29 0
64606 30 3473
64607 31 3873
64608 32 2909
64609 33 3478
64610 34 7077
64611 35 2286
64612 36 7124
64613 37 1913
64614 38 5840
64615 39 0
64616 40 3550
64617 41 2376
64618 42 8803
64619 43 2338
64620 44 4616
64621 45 2300
64622 46 5066
64623 47 2632
64624 48 3597
64625 49 9135
64626 50 2582
64627 51 6402
64628 52 5754
64629 53 2418
64630 54 8118
64631 55 6176
64632 56 2351
64633 57 7192
64634 58 2640
64635 59 4350
64636 60 5065
64637 61 4555
64638 62 5580
64639 63 0
64640 64 3371
64641 65 4111
64642 66 3178
64643 67 3994
64644 68 9035
64645 69 7479
64646 70 2275
64647 71 4857
64648 72 7394
64649 73 2023
64650 74 8435
64651 75 1679
64652 76 4591
64653 77 2012
64654 78 5226
64655 79 3332
64656 80 3703
64657 81 4849
64658 82 3063
64659 83 8102
64660 84 6682
64661 85 2003
64662 86 7238
64663 87 6260
64664 88 0
64665 89 6082
64666 90 4789
64667 91 4570
64668 92 4481
64669 93 0
64670 94 5320
64671 95 2419
64672 96 3763
64673 97 6876
64674 98 6430
64675 99 5455
64676 100 0
64677 101 5687
64678 102 6843
64679 103 2003
64680 104 6372
64681 105 5709
64682 106 4478
64683 107 5679
64684 108 8217
64685 109 2501
64686 110 5801
64687 111 0
64688 112 3572
64689 113 3469
64690 114 6349
64691 115 2076
64692 116 7076
64693 117 3482
64694 118 5369
64695 119 3383
64696 120 4316
64697 121 2402
64698 122 5290
64699 123 2949
64700 124 4080
64701 125 3379
64702 126 0
64703 127 5069
64704 128 3639
64705 129 3766
64706 130 6286
64707 131 2003
