2500
64577 1 3642
64578 2 8586
64579 3 2308
64580 4 8290
64581 5 2380
64582 6 6887
64583 7 3938
64584 8 2856
64585 9 3685
64586 10 0
64587 11 6008
64588 12 3071
64589 13 8540
64590 14 2143
64591 15 1256
64592 16 6672
64593 17 2122
64594 18 5546
64595 19 4598
64596 20 2216
64597 21 4648
64598 22 5208
64599 23 5204
64600 24 5003
64601 25 10126
64602 26 2003
64603 27 9042
64604 28 2366
64605 29 7165
64606 30 1412
64607 31 2891
64608 32 2572
64609 33 3154
64610 34 0
64611 35 6579
64612 36 3762
64613 37 6850
64614 38 5232
64615 39 5276
64616 40 2682
64617 41 4910
64618 42 7290
64619 43 6487
64620 44 2478
64621 45 8290
64622 46 6364
64623 47 2502
64624 48 6621
64625 49 0
64626 50 2413
64627 51 2365
64628 52 8095
64629 53 2173
64630 54 8112
64631 55 2959
64632 56 5781
64633 57 0
64634 58 4285
64635 59 4112
64636 60 9715
64637 61 2003
64638 62 2651
64639 63 5372
64640 64 2099
64641 65 4730
64642 66 5925
64643 67 5182
64644 68 2001
64645 69 2115
64646 70 4843
64647 71 4028
64648 72 5463
64649 73 1873
64650 74 7848
64651 75 2014
64652 76 1603
64653 77 3180
64654 78 3051
64655 79 3604
64656 80 7815
64657 81 2358
64658 82 6292
64659 83 3879
64660 84 9352
64661 85 2439
64662 86 8628
64663 87 2303
64664 88 6167
64665 89 2485
64666 90 4544
64667 91 0
64668 92 8468
64669 93 4099
64670 94 9732
64671 95 2315
64672 96 7654
64673 97 1903
64674 98 4879
64675 99 4291
64676 100 3076
64677 101 1831
64678 102 5512
64679 103 4064
64680 104 4054
64681 105 3175
64682 106 6125
64683 107 2287
64684 108 9667
64685 109 2576
64686 110 7252
64687 111 2488
64688 112 6566
64689 113 7982
64690 114 2431
64691 115 5872
64692 116 0
64693 117 4314
64694 118 6133
64695 119 9297
64696 120 1999
64697 121 8734
64698 122 7280
64699 123 4108
64700 124 6682
64701 125 0
64702 126 7140
64703 127 2834
64704 128 9014
64705 129 2003
