2500
64577 1 2712
64578 2 2341
64579 3 5326
64580 4 2608
64581 5 5284
64582 6 2237
64583 7 3491
64584 8 3621
64585 9 0
64586 10 3275
64587 11 4075
64588 12 3854
64589 13 2730
64590 14 2455
64591 15 3306
64592 16 1548
64593 17 5090
64594 18 2954
64595 19 2924
64596 20 5300
64597 21 6829
64598 22 2203
64599 23 3763
64600 24 3075
64601 25 4704
64602 26 4227
64603 27 4057
64604 28 7325
64605 29 2167
64606 30 4095
64607 31 5250
64608 32 0
64609 33 4142
64610 34 3928
64611 35 4813
64612 36 2797
64613 37 5895
64614 38 0
64615 39 3358
64616 40 4839
64617 41 2277
64618 42 3456
64619 43 3205
64620 44 4619
64621 45 2219
64622 46 5565
64623 47 5111
64624 48 2998
64625 49 5314
64626 50 4298
64627 51 2556
64628 52 5204
64629 53 5525
64630 54 6808
64631 55 4575
64632 56 4442
64633 57 7417
64634 58 4044
64635 59 4591
64636 60 2320
64637 61 4535
64638 62 3315
64639 63 5744
64640 64 3380
64641 65 0
64642 66 2708
64643 67 5577
64644 68 2830
64645 69 2604
64646 70 3971
64647 71 3351
64648 72 2319
64649 73 2989
64650 74 1418
64651 75 6130
64652 76 6217
64653 77 3250
64654 78 4752
64655 79 0
64656 80 5303
64657 81 2777
64658 82 4088
64659 83 4986
64660 84 2617
64661 85 6010
64662 86 3393
64663 87 2499
64664 88 4131
64665 89 6001
64666 90 0
64667 91 3375
64668 92 5264
64669 93 2253
64670 94 3568
64671 95 2619
64672 96 4711
64673 97 6347
64674 98 2482
64675 99 1527
64676 100 6440
64677 101 1970
64678 102 5791
64679 103 4735
64680 104 2558
64681 105 4104
64682 106 3258
64683 107 3866
64684 108 3166
64685 109 2362
64686 110 4761
64687 111 0
64688 112 6261
64689 113 5997
64690 114 5408
64691 115 5125
64692 116 3366
64693 117 3880
64694 118 5965
64695 119 5008
64696 120 4773
64697 121 4566
64698 122 2816
64699 123 3532
64700 124 2820
64701 125 0
64702 126 2230
64703 127 2476
64704 128 3036
64705 129 2871
64706 130 4182
64707 131 2079
64708 132 6947
64709 133 2966
64710 134 7379
64711 135 0
64712 136 1986
64713 137 1732
64714 138 5063
64715 139 2299
64716 140 3124
64717 141 6827
64718 142 7725
64719 143 5375
64720 144 6725
64721 145 3125
64722 146 5970
64723 147 0
64724 148 2675
64725 149 4907
64726 150 2211
64727 151 3496
64728 152 4940
64729 153 2721
64730 154 2841
64731 155 4252
64732 156 2003
