2500
64577 1 5561
64578 2 7351
64579 3 6042
64580 4 6618
64581 5 4190
64582 6 2921
64583 7 6218
64584 8 7857
64585 9 6018
64586 10 4264
64587 11 10257
64588 12 1876
64589 13 4251
64590 14 4894
64591 15 7567
64592 16 3670
64593 17 5695
64594 18 3445
64595 19 6825
64596 20 9655
64597 21 2003
64598 22 7657
64599 23 6082
64600 24 5822
64601 25 0
64602 26 5356
64603 27 4802
64604 28 7294
64605 29 2003
64606 30 3216
64607 31 4728
64608 32 3898
64609 33 8892
64610 34 3226
64611 35 5825
64612 36 2180
64613 37 6797
64614 38 6823
64615 39 3340
64616 40 2466
64617 41 9541
64618 42 2357
64619 43 6504
64620 44 3630
64621 45 4600
64622 46 9817
64623 47 4041
64624 48 1556
64625 49 9170
64626 50 2297
64627 51 4669
64628 52 2454
64629 53 5263
64630 54 5966
64631 55 7019
64632 56 3855
64633 57 2514
64634 58 4850
64635 59 5493
64636 60 7363
64637 61 2003
64638 62 5713
64639 63 5216
64640 64 4668
64641 65 3127
64642 66 2931
64643 67 7593
64644 68 4455
64645 69 5181
64646 70 7398
64647 71 5344
64648 72 2003
64649 73 4565
64650 74 2029
64651 75 5074
64652 76 2555
64653 77 3520
64654 78 1718
64655 79 4521
64656 80 8905
64657 81 1917
64658 82 6956
64659 83 3169
64660 84 8307
64661 85 2755
64662 86 4064
64663 87 2682
64664 88 6066
64665 89 5904
64666 90 3928
64667 91 3428
64668 92 8996
64669 93 2164
64670 94 1576
64671 95 7072
64672 96 5322
64673 97 6021
64674 98 1690
64675 99 6884
64676 100 0
64677 101 5885
64678 102 3529
64679 103 7758
64680 104 2003
64681 105 3297
64682 106 4254
64683 107 4436
64684 108 3826
64685 109 3967
64686 110 1554
64687 111 7789
64688 112 2020
64689 113 2376
64690 114 5509
64691 115 6108
64692 116 3321
64693 117 2960
64694 118 5561
64695 119 6189
64696 120 3834
64697 121 8896
64698 122 2003
