2500
64577 1 1509
64578 2 8269
64579 3 7936
64580 4 0
64581 5 3940
64582 6 2011
64583 7 1563
64584 8 7646
64585 9 6284
64586 10 6630
64587 11 2119
64588 12 1464
64589 13 6418
64590 14 5058
64591 15 8326
64592 16 9019
64593 17 9555
64594 18 3093
64595 19 4743
64596 20 4457
64597 21 6883
64598 22 8572
64599 23 2003
64600 24 3038
64601 25 4593
64602 26 5865
64603 27 3987
64604 28 5751
64605 29 7129
64606 30 0
64607 31 3766
64608 32 4976
64609 33 2650
64610 34 4027
64611 35 5821
64612 36 0
64613 37 3707
64614 38 4156
64615 39 0
64616 40 2641
64617 41 4630
64618 42 5630
64619 43 2313
64620 44 3399
64621 45 6481
64622 46 3005
64623 47 4678
64624 48 2485
64625 49 3401
64626 50 6655
64627 51 2026
64628 52 5604
64629 53 4340
64630 54 7770
64631 55 10882
64632 56 1805
64633 57 2369
64634 58 3307
64635 59 3971
64636 60 4607
64637 61 4132
64638 62 8226
64639 63 2213
64640 64 3435
64641 65 7726
64642 66 2683
64643 67 5710
64644 68 9008
64645 69 2406
64646 70 1911
64647 71 3405
64648 72 3861
64649 73 4624
64650 74 3183
64651 75 8200
64652 76 3359
64653 77 4775
64654 78 0
64655 79 3470
64656 80 3573
64657 81 9531
64658 82 2313
64659 83 2703
64660 84 3520
64661 85 3768
64662 86 7228
64663 87 2720
64664 88 3653
64665 89 0
64666 90 3023
64667 91 5803
64668 92 4759
64669 93 1592
64670 94 5114
64671 95 1648
64672 96 7944
64673 97 2006
64674 98 3449
64675 99 4031
64676 100 5193
64677 101 4425
64678 102 4834
64679 103 5417
64680 104 1579
64681 105 9054
64682 106 2371
64683 107 2977
64684 108 3495
64685 109 4599
64686 110 4720
64687 111 5825
64688 112 4619
64689 113 2508
64690 114 4114
64691 115 2262
64692 116 2806
64693 117 2850
64694 118 4614
64695 119 3880
64696 120 1230
64697 121 4573
64698 122 6962
64699 123 8995
64700 124 2691
64701 125 1675
64702 126 6781
64703 127 2003
