2500
64577 1 4060
64578 2 4658
64579 3 3779
64580 4 6285
64581 5 0
64582 6 2407
64583 7 3650
64584 8 5471
64585 9 3851
64586 10 4993
64587 11 2087
64588 12 2790
64589 13 5153
64590 14 4565
64591 15 4751
64592 16 6420
64593 17 2895
64594 18 5902
64595 19 4310
64596 20 5102
64597 21 3528
64598 22 4708
64599 23 5006
64600 24 4381
64601 25 5326
64602 26 6258
64603 27 2461
64604 28 1988
64605 29 8206
64606 30 6435
64607 31 4753
64608 32 2907
64609 33 5589
64610 34 2219
64611 35 3077
64612 36 3958
64613 37 2109
64614 38 5034
64615 39 1996
64616 40 2763
64617 41 4179
64618 42 2863
64619 43 5292
64620 44 5639
64621 45 5729
64622 46 3776
64623 47 2003
64624 48 6383
64625 49 4499
64626 50 3863
64627 51 2644
64628 52 4482
64629 53 4626
64630 54 5878
64631 55 6471
64632 56 2565
64633 57 4918
64634 58 6573
64635 59 2109
64636 60 4441
64637 61 4845
64638 62 2571
64639 63 6284
64640 64 1862
64641 65 3123
64642 66 2604
64643 67 5631
64644 68 3073
64645 69 9273
64646 70 2763
64647 71 4766
64648 72 2654
64649 73 2906
64650 74 5257
64651 75 2118
64652 76 2288
64653 77 4883
64654 78 2124
64655 79 2381
64656 80 6260
64657 81 6006
64658 82 3407
64659 83 5201
64660 84 4246
64661 85 5536
64662 86 0
64663 87 4131
64664 88 1764
64665 89 7151
64666 90 1757
64667 91 3644
64668 92 2852
64669 93 4190
64670 94 5291
64671 95 2590
64672 96 5553
64673 97 4562
64674 98 2195
64675 99 6103
64676 100 8601
64677 101 0
64678 102 5221
64679 103 3244
64680 104 3488
64681 105 8329
64682 106 2319
64683 107 2858
64684 108 2853
64685 109 4016
64686 110 5479
64687 111 7020
64688 112 3612
64689 113 2132
64690 114 3231
64691 115 3192
64692 116 4516
64693 117 0
64694 118 4720
64695 119 7507
64696 120 5294
64697 121 2779
64698 122 3818
64699 123 3732
64700 124 4032
64701 125 5554
64702 126 4944
64703 127 6230
64704 128 2563
64705 129 5466
64706 130 3760
64707 131 4570
64708 132 2003
