2500
64577 1 2928
64578 2 2874
64579 3 2743
64580 4 1978
64581 5 3664
64582 6 3681
64583 7 2790
64584 8 4832
64585 9 3787
64586 10 2325
64587 11 4354
64588 12 3133
64589 13 3625
64590 14 2391
64591 15 2815
64592 16 5220
64593 17 4048
64594 18 1498
64595 19 3271
64596 20 3222
64597 21 2762
64598 22 2509
64599 23 4265
64600 24 2080
64601 25 1456
64602 26 5333
64603 27 2366
64604 28 3124
64605 29 4607
64606 30 2259
64607 31 4741
64608 32 1775
64609 33 2476
64610 34 3623
64611 35 2623
64612 36 2338
64613 37 4099
64614 38 2364
64615 39 4437
64616 40 3937
64617 41 2292
64618 42 2693
64619 43 5103
64620 44 4546
64621 45 2499
64622 46 4683
64623 47 2736
64624 48 0
64625 49 2342
64626 50 1613
64627 51 4317
64628 52 4427
64629 53 0
64630 54 6642
64631 55 2831
64632 56 6066
64633 57 4654
64634 58 4801
64635 59 2331
64636 60 3160
64637 61 2361
64638 62 4659
64639 63 4469
64640 64 2904
64641 65 2881
64642 66 3083
64643 67 4272
64644 68 4809
64645 69 2342
64646 70 3248
64647 71 4333
64648 72 2254
64649 73 3769
64650 74 2824
64651 75 2022
64652 76 4676
64653 77 0
64654 78 2786
64655 79 5511
64656 80 3504
64657 81 5525
64658 82 3214
64659 83 0
64660 84 2506
64661 85 5639
64662 86 3751
64663 87 5071
64664 88 2526
64665 89 5759
64666 90 3501
64667 91 4392
64668 92 5555
64669 93 0
64670 94 2656
64671 95 1849
64672 96 7263
64673 97 5719
64674 98 2426
64675 99 4508
64676 100 2889
64677 101 3623
64678 102 2883
64679 103 1691
64680 104 1475
64681 105 4969
64682 106 2603
64683 107 1485
64684 108 5612
64685 109 0
64686 110 3488
64687 111 1990
64688 112 6131
64689 113 6477
64690 114 2310
64691 115 5393
64692 116 3206
64693 117 3987
64694 118 3939
64695 119 2583
64696 120 4548
64697 121 0
64698 122 4680
64699 123 5265
64700 124 5387
64701 125 6284
64702 126 2003
64703 127 2377
64704 128 2792
64705 129 5084
64706 130 5662
64707 131 4554
64708 132 5378
64709 133 8378
64710 134 4744
64711 135 4317
64712 136 2454
64713 137 4396
64714 138 5513
64715 139 0
64716 140 2111
64717 141 2660
64718 142 4449
64719 143 1309
64720 144 4497
64721 145 2379
64722 146 1834
64723 147 3320
64724 148 3587
64725 149 2025
64726 150 1911
64727 151 4540
64728 152 2612
64729 153 1735
64730 154 4499
64731 155 6342
64732 156 5098
64733 157 4416
64734 158 2258
64735 159 5696
64736 160 1593
64737 161 4808
64738 162 5462
64739 163 2916
64740 164 5449
64741 165 6583
64742 166 1263
64743 167 3862
64744 168 2003
