2500
64577 1 5390
64578 2 4317
64579 3 4568
64580 4 4951
64581 5 4738
64582 6 2820
64583 7 5745
64584 8 2292
64585 9 3948
64586 10 1641
64587 11 2290
64588 12 4042
64589 13 4736
64590 14 6556
64591 15 4535
64592 16 8374
64593 17 6694
64594 18 8048
64595 19 6892
64596 20 7590
64597 21 2294
64598 22 2593
64599 23 4955
64600 24 3794
64601 25 2706
64602 26 5577
64603 27 0
64604 28 2455
64605 29 2772
64606 30 2272
64607 31 4757
64608 32 3779
64609 33 5506
64610 34 2179
64611 35 1927
64612 36 1471
64613 37 3383
64614 38 2635
64615 39 4785
64616 40 0
64617 41 2178
64618 42 0
64619 43 2103
64620 44 1725
64621 45 7402
64622 46 3394
64623 47 1616
64624 48 7931
64625 49 7613
64626 50 5548
64627 51 6744
64628 52 6655
64629 53 6596
64630 54 6773
64631 55 4313
64632 56 2282
64633 57 5026
64634 58 0
64635 59 3957
64636 60 3042
64637 61 3673
64638 62 6179
64639 63 0
64640 64 3236
64641 65 3358
64642 66 3028
64643 67 3058
64644 68 2170
64645 69 2289
64646 70 4650
64647 71 0
64648 72 3879
64649 73 2961
64650 74 5009
64651 75 1794
64652 76 4470
64653 77 1198
64654 78 2202
64655 79 1168
64656 80 5160
64657 81 6423
64658 82 7325
64659 83 1920
64660 84 4468
64661 85 0
64662 86 4700
64663 87 6812
64664 88 5571
64665 89 3375
64666 90 4661
64667 91 2578
64668 92 2378
64669 93 4723
64670 94 2597
64671 95 3267
64672 96 7694
64673 97 5984
64674 98 2169
64675 99 5099
64676 100 2245
64677 101 1219
64678 102 1972
64679 103 6007
64680 104 5528
64681 105 2220
64682 106 4135
64683 107 4891
64684 108 2367
64685 109 5079
64686 110 1796
64687 111 4044
64688 112 4533
64689 113 1972
64690 114 5223
64691 115 3806
64692 116 2525
64693 117 3301
64694 118 4837
64695 119 3197
64696 120 4975
64697 121 4302
64698 122 5294
64699 123 1806
64700 124 2295
64701 125 2717
64702 126 4751
64703 127 4089
64704 128 4604
64705 129 5568
64706 130 8119
64707 131 4774
64708 132 4817
64709 133 2543
64710 134 4844
64711 135 6829
64712 136 7371
64713 137 4038
64714 138 3639
64715 139 5438
64716 140 2575
64717 141 4802
64718 142 4866
64719 143 0
64720 144 8611
64721 145 4637
64722 146 5867
64723 147 2003
