2500
64577 1 5137
64578 2 2637
64579 3 5565
64580 4 4007
64581 5 4490
64582 6 5203
64583 7 2604
64584 8 4352
64585 9 4915
64586 10 1793
64587 11 2281
64588 12 4186
64589 13 7086
64590 14 7458
64591 15 2529
64592 16 4282
64593 17 2583
64594 18 6468
64595 19 5618
64596 20 4177
64597 21 5654
64598 22 6058
64599 23 3828
64600 24 5630
64601 25 3066
64602 26 4694
64603 27 0
64604 28 3373
64605 29 2902
64606 30 3478
64607 31 6713
64608 32 4592
64609 33 4665
64610 34 2642
64611 35 6680
64612 36 3761
64613 37 2208
64614 38 2788
64615 39 3865
64616 40 8342
64617 41 7307
64618 42 5204
64619 43 2089
64620 44 1737
64621 45 5069
64622 46 2382
64623 47 4458
64624 48 5222
64625 49 3611
64626 50 8739
64627 51 8704
64628 52 5732
64629 53 7161
64630 54 2123
64631 55 4109
64632 56 3294
64633 57 5376
64634 58 4943
64635 59 4546
64636 60 4516
64637 61 3052
64638 62 5190
64639 63 5366
64640 64 6077
64641 65 1930
64642 66 2919
64643 67 2964
64644 68 5019
64645 69 1862
64646 70 7289
64647 71 4420
64648 72 3693
64649 73 9395
64650 74 3893
64651 75 2692
64652 76 2096
64653 77 4200
64654 78 8005
64655 79 2778
64656 80 1761
64657 81 6213
64658 82 2847
64659 83 6710
64660 84 6946
64661 85 0
64662 86 7095
64663 87 4080
64664 88 7789
64665 89 6215
64666 90 7176
64667 91 2622
64668 92 2879
64669 93 6774
64670 94 5589
64671 95 5845
64672 96 8523
64673 97 7185
64674 98 7833
64675 99 7199
64676 100 2003
64677 101 5200
64678 102 0
64679 103 3920
64680 104 5323
64681 105 6941
64682 106 2938
64683 107 2887
64684 108 4765
64685 109 2158
64686 110 4330
64687 111 4251
64688 112 0
64689 113 6713
64690 114 6008
64691 115 6046
64692 116 2585
64693 117 1398
64694 118 3834
64695 119 7898
64696 120 0
64697 121 6980
64698 122 5229
64699 123 3836
64700 124 6210
64701 125 7147
64702 126 2882
64703 127 4757
64704 128 2003
