2500
64577 1 4495
64578 2 2558
64579 3 2536
64580 4 6068
64581 5 2896
64582 6 0
64583 7 3447
64584 8 4520
64585 9 3391
64586 10 4731
64587 11 2198
64588 12 2209
64589 13 5570
64590 14 6647
64591 15 4406
64592 16 1299
64593 17 4295
64594 18 2007
64595 19 3715
64596 20 1944
64597 21 4297
64598 22 4724
64599 23 2169
64600 24 3447
64601 25 0
64602 26 3366
64603 27 4522
64604 28 4592
64605 29 2838
64606 30 3784
64607 31 2752
64608 32 4257
64609 33 5381
64610 34 2003
64611 35 2438
64612 36 3696
64613 37 4221
64614 38 2570
64615 39 3582
64616 40 5189
64617 41 1453
64618 42 3620
64619 43 2475
64620 44 4650
64621 45 4912
64622 46 2161
64623 47 6535
64624 48 2878
64625 49 5090
64626 50 5155
64627 51 8228
64628 52 3240
64629 53 2763
64630 54 2669
64631 55 1621
64632 56 5277
64633 57 2558
64634 58 5553
64635 59 5747
64636 60 0
64637 61 7027
64638 62 2748
64639 63 4380
64640 64 3659
64641 65 5068
64642 66 0
64643 67 3954
64644 68 7695
64645 69 2078
64646 70 3805
64647 71 2542
64648 72 5098
64649 73 3046
64650 74 5426
64651 75 5470
64652 76 7720
64653 77 2555
64654 78 1871
64655 79 6649
64656 80 8368
64657 81 6158
64658 82 3802
64659 83 5686
64660 84 5866
64661 85 2263
64662 86 5290
64663 87 6313
64664 88 2433
64665 89 2744
64666 90 4885
64667 91 2660
64668 92 2413
64669 93 3165
64670 94 3314
64671 95 0
64672 96 5165
64673 97 2658
64674 98 2625
64675 99 3941
64676 100 5178
64677 101 0
64678 102 2656
64679 103 4945
64680 104 5530
64681 105 3725
64682 106 3453
64683 107 6454
64684 108 3978
64685 109 5098
64686 110 0
64687 111 4445
64688 112 6131
64689 113 2773
64690 114 6716
64691 115 6645
64692 116 1989
64693 117 1706
64694 118 3279
64695 119 2743
64696 120 5221
64697 121 2293
64698 122 5310
64699 123 4460
64700 124 3856
64701 125 5645
64702 126 4073
64703 127 0
64704 128 4919
64705 129 5398
64706 130 4696
64707 131 5769
64708 132 2922
64709 133 2602
64710 134 1774
64711 135 7910
64712 136 0
64713 137 4379
64714 138 7887
64715 139 2148
64716 140 672
64717 141 2138
64718 142 2859
64719 143 3792
64720 144 2458
64721 145 5347
64722 146 4248
64723 147 0
64724 148 2250
64725 149 2930
64726 150 1575
64727 151 4181
64728 152 4723
64729 153 3947
64730 154 5336
64731 155 2003
