2500
64577 1 2686
64578 2 3979
64579 3 5678
64580 4 4842
64581 5 4430
64582 6 0
64583 7 2591
64584 8 2526
64585 9 2495
64586 10 5090
64587 11 4578
64588 12 2109
64589 13 4262
64590 14 5105
64591 15 2499
64592 16 6325
64593 17 3563
64594 18 3161
64595 19 2986
64596 20 4237
64597 21 4882
64598 22 3419
64599 23 3052
64600 24 0
64601 25 4007
64602 26 3078
64603 27 2791
64604 28 5249
64605 29 6336
64606 30 4558
64607 31 6134
64608 32 5404
64609 33 3856
64610 34 7037
64611 35 7046
64612 36 5614
64613 37 3135
64614 38 3846
64615 39 2764
64616 40 6591
64617 41 0
64618 42 7745
64619 43 3151
64620 44 2305
64621 45 5678
64622 46 0
64623 47 4038
64624 48 3169
64625 49 6039
64626 50 4806
64627 51 2209
64628 52 5382
64629 53 2645
64630 54 6375
64631 55 1657
64632 56 5887
64633 57 4152
64634 58 5628
64635 59 4526
64636 60 6742
64637 61 4998
64638 62 8159
64639 63 4347
64640 64 2452
64641 65 7944
64642 66 0
64643 67 3327
64644 68 5048
64645 69 6211
64646 70 2542
64647 71 3110
64648 72 7687
64649 73 3809
64650 74 7406
64651 75 5026
64652 76 2971
64653 77 3217
64654 78 4752
64655 79 5687
64656 80 2304
64657 81 4252
64658 82 6458
64659 83 4073
64660 84 3372
64661 85 2176
64662 86 7594
64663 87 4152
64664 88 0
64665 89 5498
64666 90 4564
64667 91 0
64668 92 5395
64669 93 5957
64670 94 2404
64671 95 6733
64672 96 0
64673 97 4641
64674 98 5139
64675 99 4125
64676 100 2202
64677 101 4853
64678 102 4214
64679 103 4202
64680 104 8712
64681 105 3469
64682 106 5819
64683 107 3530
64684 108 5568
64685 109 2340
64686 110 5901
64687 111 3554
64688 112 5624
64689 113 4630
64690 114 5435
64691 115 2172
64692 116 2912
64693 117 5055
64694 118 1907
64695 119 6032
64696 120 4765
64697 121 3037
64698 122 3975
64699 123 7239
64700 124 2869
64701 125 1468
64702 126 4214
64703 127 8836
64704 128 2966
64705 129 0
64706 130 4086
64707 131 1563
64708 132 3949
64709 133 6274
64710 134 4111
64711 135 3978
64712 136 5700
64713 137 3003
64714 138 1813
64715 139 6771
64716 140 2003
