2500
64577 1 10294
64578 2 6564
64579 3 2803
64580 4 4526
64581 5 2730
64582 6 4851
64583 7 0
64584 8 4019
64585 9 3164
64586 10 3041
64587 11 3378
64588 12 6570
64589 13 3596
64590 14 3325
64591 15 7806
64592 16 2470
64593 17 6827
64594 18 2115
64595 19 3961
64596 20 4865
64597 21 2576
64598 22 3379
64599 23 5665
64600 24 2415
64601 25 6241
64602 26 3562
64603 27 6335
64604 28 2183
64605 29 1931
64606 30 4531
64607 31 4605
64608 32 3867
64609 33 2226
64610 34 2936
64611 35 3317
64612 36 5843
64613 37 2200
64614 38 5118
64615 39 4319
64616 40 5638
64617 41 8440
64618 42 2941
64619 43 5127
64620 44 4760
64621 45 5928
64622 46 2003
64623 47 5217
64624 48 4174
64625 49 3542
64626 50 5126
64627 51 7150
64628 52 7124
64629 53 6360
64630 54 6113
64631 55 2352
64632 56 2858
64633 57 5286
64634 58 2727
64635 59 3987
64636 60 2462
64637 61 4935
64638 62 2821
64639 63 2930
64640 64 2749
64641 65 2220
64642 66 4043
64643 67 3046
64644 68 6439
64645 69 1903
64646 70 6375
64647 71 5820
64648 72 3139
64649 73 1748
64650 74 4281
64651 75 6601
64652 76 1383
64653 77 3802
64654 78 2840
64655 79 5899
64656 80 0
64657 81 3626
64658 82 3224
64659 83 4469
64660 84 1915
64661 85 5407
64662 86 1484
64663 87 3776
64664 88 6827
64665 89 4234
64666 90 4098
64667 91 2031
64668 92 5569
64669 93 3754
64670 94 7083
64671 95 5942
64672 96 0
64673 97 3013
64674 98 9228
64675 99 3045
64676 100 4757
64677 101 4863
64678 102 2338
64679 103 5876
64680 104 6141
64681 105 3459
64682 106 4395
64683 107 2863
64684 108 4514
64685 109 2729
64686 110 6024
64687 111 6104
64688 112 2680
64689 113 5744
64690 114 2393
64691 115 5827
64692 116 0
64693 117 2931
64694 118 3019
64695 119 3309
64696 120 4214
64697 121 4221
64698 122 2571
64699 123 4571
64700 124 8060
64701 125 2205
64702 126 2584
64703 127 3993
64704 128 4214
64705 129 6950
64706 130 1571
64707 131 3341
64708 132 2774
64709 133 2858
64710 134 5565
64711 135 6286
64712 136 4699
64713 137 1646
64714 138 5535
64715 139 4885
64716 140 2751
64717 141 5376
64718 142 2003
