2500
64577 1 6457
64578 2 5263
64579 3 2514
64580 4 6903
64581 5 5271
64582 6 0
64583 7 7621
64584 8 4865
64585 9 5978
64586 10 9083
64587 11 2042
64588 12 5845
64589 13 7134
64590 14 2378
64591 15 6462
64592 16 7921
64593 17 7601
64594 18 6365
64595 19 7789
64596 20 3592
64597 21 5330
64598 22 6594
64599 23 2102
64600 24 6545
64601 25 6669
64602 26 1997
64603 27 5298
64604 28 2830
64605 29 2467
64606 30 4090
64607 31 1490
64608 32 4717
64609 33 7699
64610 34 3029
64611 35 4684
64612 36 5956
64613 37 0
64614 38 5054
64615 39 2900
64616 40 3309
64617 41 3641
64618 42 8265
64619 43 2218
64620 44 9399
64621 45 7160
64622 46 8094
64623 47 0
64624 48 2959
64625 49 2812
64626 50 4676
64627 51 4638
64628 52 2131
64629 53 1449
64630 54 5715
64631 55 0
64632 56 3700
64633 57 5658
64634 58 5077
64635 59 1581
64636 60 4970
64637 61 2992
64638 62 2527
64639 63 3828
64640 64 4047
64641 65 8654
64642 66 2660
64643 67 0
64644 68 4605
64645 69 2655
64646 70 4881
64647 71 6143
64648 72 2502
64649 73 5401
64650 74 5113
64651 75 2943
64652 76 3866
64653 77 4394
64654 78 3273
64655 79 5852
64656 80 5081
64657 81 5537
64658 82 3719
64659 83 4124
64660 84 4798
64661 85 3229
64662 86 6594
64663 87 5651
64664 88 2484
64665 89 3170
64666 90 5639
64667 91 2963
64668 92 2300
64669 93 4674
64670 94 5328
64671 95 1693
64672 96 4727
64673 97 2624
64674 98 5169
64675 99 2018
64676 100 5726
64677 101 5118
64678 102 2564
64679 103 2278
64680 104 4211
64681 105 7622
64682 106 2003
64683 107 2078
64684 108 2279
64685 109 1869
64686 110 2609
64687 111 3074
64688 112 3772
64689 113 6275
64690 114 2795
64691 115 6762
64692 116 7254
64693 117 6788
64694 118 0
64695 119 4317
64696 120 2823
64697 121 5228
64698 122 5015
64699 123 2126
64700 124 2231
64701 125 1345
64702 126 1867
64703 127 6964
64704 128 2529
64705 129 3182
64706 130 7727
64707 131 0
64708 132 5612
64709 133 2960
64710 134 2886
64711 135 6233
64712 136 5969
64713 137 2003
