2500
64577 1 3832
64578 2 6564
64579 3 5101
64580 4 2275
64581 5 3421
64582 6 5183
64583 7 0
64584 8 4742
64585 9 2098
64586 10 6665
64587 11 3775
64588 12 2842
64589 13 3785
64590 14 5497
64591 15 0
64592 16 5092
64593 17 1974
64594 18 4020
64595 19 4089
64596 20 3492
64597 21 4197
64598 22 5714
64599 23 0
64600 24 3558
64601 25 3798
64602 26 4225
64603 27 1612
64604 28 5635
64605 29 2039
64606 30 5814
64607 31 2211
64608 32 4765
64609 33 4962
64610 34 3448
64611 35 3172
64612 36 0
64613 37 1978
64614 38 3523
64615 39 3178
64616 40 5996
64617 41 0
64618 42 4458
64619 43 2815
64620 44 5238
64621 45 3039
64622 46 6625
64623 47 2400
64624 48 7958
64625 49 5199
64626 50 6625
64627 51 4663
64628 52 2639
64629 53 5231
64630 54 3243
64631 55 3023
64632 56 0
64633 57 6158
64634 58 5554
64635 59 2402
64636 60 5310
64637 61 0
64638 62 2558
64639 63 5158
64640 64 7369
64641 65 3187
64642 66 7771
64643 67 2636
64644 68 4807
64645 69 2198
64646 70 7679
64647 71 0
64648 72 3075
64649 73 4263
64650 74 7177
64651 75 2489
64652 76 5112
64653 77 4708
64654 78 3092
64655 79 5771
64656 80 6131
64657 81 5943
64658 82 6605
64659 83 1710
64660 84 4868
64661 85 7475
64662 86 0
64663 87 6175
64664 88 6088
64665 89 4193
64666 90 0
64667 91 2986
64668 92 3272
64669 93 8652
64670 94 1832
64671 95 2249
64672 96 5545
64673 97 5154
64674 98 5258
64675 99 6242
64676 100 6908
64677 101 1908
64678 102 4928
64679 103 2851
64680 104 5127
64681 105 5449
64682 106 5292
64683 107 2884
64684 108 0
64685 109 3758
64686 110 4226
64687 111 4545
64688 112 2126
64689 113 1303
64690 114 6229
64691 115 2424
64692 116 5070
64693 117 6725
64694 118 0
64695 119 2114
64696 120 4556
64697 121 3682
64698 122 5838
64699 123 5225
64700 124 4798
64701 125 7558
64702 126 5339
64703 127 2642
64704 128 6346
64705 129 0
64706 130 8358
64707 131 2787
64708 132 6937
64709 133 0
64710 134 1865
64711 135 4209
64712 136 0
64713 137 5981
64714 138 3690
64715 139 2761
64716 140 5257
64717 141 5810
64718 142 7427
64719 143 12208
64720 144 2003
