2500
64577 1 1830
64578 2 2060
64579 3 1942
64580 4 2931
64581 5 4218
64582 6 5258
64583 7 1386
64584 8 1810
64585 9 5882
64586 10 7350
64587 11 4028
64588 12 1511
64589 13 4952
64590 14 4971
64591 15 6647
64592 16 6170
64593 17 1978
64594 18 3000
64595 19 2487
64596 20 5187
64597 21 2151
64598 22 5038
64599 23 0
64600 24 2468
64601 25 2569
64602 26 5882
64603 27 7194
64604 28 5719
64605 29 2203
64606 30 3317
64607 31 4931
64608 32 7542
64609 33 1579
64610 34 6016
64611 35 1447
64612 36 5938
64613 37 0
64614 38 2315
64615 39 6454
64616 40 5635
64617 41 2003
64618 42 6128
64619 43 2739
64620 44 5024
64621 45 5481
64622 46 2930
64623 47 7963
64624 48 0
64625 49 2253
64626 50 6402
64627 51 1788
64628 52 4915
64629 53 0
64630 54 3613
64631 55 2844
64632 56 5225
64633 57 0
64634 58 3464
64635 59 3719
64636 60 4884
64637 61 6528
64638 62 2003
64639 63 2965
64640 64 6749
64641 65 3694
64642 66 2857
64643 67 3099
64644 68 2882
64645 69 7876
64646 70 2206
64647 71 2443
64648 72 4005
64649 73 7462
64650 74 2897
64651 75 6100
64652 76 4209
64653 77 6132
64654 78 2752
64655 79 7269
64656 80 2003
64657 81 2513
64658 82 3879
64659 83 3247
64660 84 2770
64661 85 4105
64662 86 1496
64663 87 3250
64664 88 6357
64665 89 8873
64666 90 0
64667 91 2106
64668 92 3352
64669 93 1750
64670 94 6585
64671 95 0
64672 96 2532
64673 97 4785
64674 98 2558
64675 99 2840
64676 100 4936
64677 101 2090
64678 102 7239
64679 103 2647
64680 104 3681
64681 105 3050
64682 106 1812
64683 107 1845
64684 108 3730
64685 109 3138
64686 110 6128
64687 111 2854
64688 112 3160
64689 113 3407
64690 114 3115
64691 115 2829
64692 116 0
64693 117 2493
64694 118 8449
64695 119 2321
64696 120 4880
64697 121 2135
64698 122 3067
64699 123 2887
64700 124 4849
64701 125 4883
64702 126 4934
64703 127 4622
64704 128 1923
64705 129 4290
64706 130 4187
64707 131 6952
64708 132 5830
64709 133 0
64710 134 5849
64711 135 5592
64712 136 4917
64713 137 4375
64714 138 4767
64715 139 5057
64716 140 0
64717 141 2202
64718 142 5932
64719 143 3790
64720 144 2300
64721 145 4018
64722 146 0
64723 147 3852
64724 148 5489
64725 149 2784
64726 150 5732
64727 151 5107
64728 152 0
64729 153 4436
64730 154 5928
64731 155 2003
