2500
64577 1 4628
64578 2 5183
64579 3 4952
64580 4 3954
64581 5 8271
64582 6 2094
64583 7 0
64584 8 4374
64585 9 5296
64586 10 6615
64587 11 2587
64588 12 3520
64589 13 2902
64590 14 1795
64591 15 5410
64592 16 4537
64593 17 2505
64594 18 6691
64595 19 2182
64596 20 0
64597 21 3075
64598 22 6336
64599 23 6388
64600 24 4116
64601 25 1786
64602 26 9294
64603 27 3357
64604 28 0
64605 29 4623
64606 30 6496
64607 31 8491
64608 32 2120
64609 33 1713
64610 34 5026
64611 35 2741
64612 36 3240
64613 37 4479
64614 38 0
64615 39 2014
64616 40 2532
64617 41 4275
64618 42 5154
64619 43 2239
64620 44 2836
64621 45 6699
64622 46 4487
64623 47 9067
64624 48 3985
64625 49 4938
64626 50 4993
64627 51 0
64628 52 2412
64629 53 2603
64630 54 5676
64631 55 5353
64632 56 2374
64633 57 5042
64634 58 1705
64635 59 4082
64636 60 6034
64637 61 2698
64638 62 6472
64639 63 0
64640 64 3316
64641 65 2936
64642 66 4409
64643 67 6153
64644 68 2468
64645 69 4433
64646 70 5771
64647 71 4607
64648 72 7086
64649 73 8211
64650 74 0
64651 75 7110
64652 76 6015
64653 77 6222
64654 78 5542
64655 79 7533
64656 80 8452
64657 81 1236
64658 82 2416
64659 83 6251
64660 84 1725
64661 85 2748
64662 86 2991
64663 87 7229
64664 88 0
64665 89 2196
64666 90 10212
64667 91 2747
64668 92 4588
64669 93 6362
64670 94 1692
64671 95 4462
64672 96 2375
64673 97 4613
64674 98 0
64675 99 3094
64676 100 3684
64677 101 7214
64678 102 0
64679 103 2450
64680 104 9205
64681 105 7725
64682 106 2298
64683 107 3090
64684 108 2949
64685 109 3097
64686 110 5087
64687 111 5402
64688 112 4835
64689 113 4639
64690 114 5257
64691 115 5027
64692 116 2522
64693 117 4560
64694 118 0
64695 119 5141
64696 120 5799
64697 121 4658
64698 122 5841
64699 123 7468
64700 124 3534
64701 125 2277
64702 126 4547
64703 127 874
64704 128 3797
64705 129 4896
64706 130 3789
64707 131 5913
64708 132 2003
