2500
64577 1 1980
64578 2 3254
64579 3 7761
64580 4 1994
64581 5 4313
64582 6 2604
64583 7 1935
64584 8 7298
64585 9 7771
64586 10 2157
64587 11 4756
64588 12 1916
64589 13 2372
64590 14 3840
64591 15 7459
64592 16 2133
64593 17 4663
64594 18 2194
64595 19 7255
64596 20 5042
64597 21 2235
64598 22 4933
64599 23 2021
64600 24 8345
64601 25 9426
64602 26 1823
64603 27 2505
64604 28 2551
64605 29 6795
64606 30 1523
64607 31 1666
64608 32 5535
64609 33 5650
64610 34 4302
64611 35 2536
64612 36 5732
64613 37 2078
64614 38 2920
64615 39 4390
64616 40 3621
64617 41 3754
64618 42 6416
64619 43 2761
64620 44 8668
64621 45 2079
64622 46 4812
64623 47 2339
64624 48 7332
64625 49 6703
64626 50 6376
64627 51 2215
64628 52 4765
64629 53 1990
64630 54 2608
64631 55 7042
64632 56 7819
64633 57 2328
64634 58 6343
64635 59 2758
64636 60 6585
64637 61 2175
64638 62 5973
64639 63 4871
64640 64 7683
64641 65 2759
64642 66 3266
64643 67 6772
64644 68 2116
64645 69 4029
64646 70 4412
64647 71 5793
64648 72 2045
64649 73 4578
64650 74 2415
64651 75 4125
64652 76 2348
64653 77 1974
64654 78 5777
64655 79 4528
64656 80 2008
64657 81 3951
64658 82 5214
64659 83 2003
64660 84 1347
64661 85 4728
64662 86 5576
64663 87 4448
64664 88 5605
64665 89 5464
64666 90 5533
64667 91 6040
64668 92 6695
64669 93 4938
64670 94 5685
64671 95 5452
64672 96 4314
64673 97 2552
64674 98 5310
64675 99 3817
64676 100 4445
64677 101 0
64678 102 6264
64679 103 2860
64680 104 5137
64681 105 6352
64682 106 2312
64683 107 1705
64684 108 3489
64685 109 3160
64686 110 3140
64687 111 6628
64688 112 2356
64689 113 2254
64690 114 6257
64691 115 2635
64692 116 5977
64693 117 5815
64694 118 2268
64695 119 4365
64696 120 5079
64697 121 4566
64698 122 3827
64699 123 5447
64700 124 2436
64701 125 2696
64702 126 2663
64703 127 4085
64704 128 5981
64705 129 2003
