2500
64577 1 4489
64578 2 2372
64579 3 5714
64580 4 2149
64581 5 4758
64582 6 6625
64583 7 1889
64584 8 5821
64585 9 0
64586 10 2626
64587 11 2399
64588 12 4587
64589 13 2505
64590 14 6737
64591 15 2223
64592 16 5274
64593 17 5024
64594 18 2346
64595 19 4686
64596 20 2235
64597 21 3701
64598 22 5519
64599 23 2491
64600 24 3275
64601 25 2849
64602 26 4865
64603 27 4480
64604 28 7521
64605 29 2240
64606 30 6137
64607 31 4164
64608 32 2277
64609 33 3557
64610 34 4986
64611 35 4209
64612 36 5740
64613 37 4480
64614 38 7685
64615 39 2003
64616 40 3019
64617 41 2581
64618 42 1807
64619 43 5464
64620 44 4218
64621 45 0
64622 46 5635
64623 47 2810
64624 48 1808
64625 49 5091
64626 50 3216
64627 51 3185
64628 52 3320
64629 53 4833
64630 54 4368
64631 55 7527
64632 56 2246
64633 57 4293
64634 58 2888
64635 59 4268
64636 60 5487
64637 61 2215
64638 62 3881
64639 63 5315
64640 64 2718
64641 65 2611
64642 66 4438
64643 67 3961
64644 68 4414
64645 69 6624
64646 70 2629
64647 71 1680
64648 72 5246
64649 73 2183
64650 74 3303
64651 75 4371
64652 76 0
64653 77 2783
64654 78 5367
64655 79 2578
64656 80 3657
64657 81 4446
64658 82 3687
64659 83 4118
64660 84 2457
64661 85 4398
64662 86 1534
64663 87 3229
64664 88 2663
64665 89 2680
64666 90 4392
64667 91 3436
64668 92 1650
64669 93 4971
64670 94 3996
64671 95 2336
64672 96 3353
64673 97 2755
64674 98 4669
64675 99 5922
64676 100 1751
64677 101 6016
64678 102 4417
64679 103 1975
64680 104 5558
64681 105 6067
64682 106 1831
64683 107 2223
64684 108 1975
64685 109 2544
64686 110 3312
64687 111 2456
64688 112 3891
64689 113 5871
64690 114 2407
64691 115 2872
64692 116 3662
64693 117 2185
64694 118 2608
64695 119 2846
64696 120 5404
64697 121 2347
64698 122 5499
64699 123 2201
64700 124 6128
64701 125 3706
64702 126 1857
64703 127 3982
64704 128 4330
64705 129 6071
64706 130 6278
64707 131 2446
64708 132 3884
64709 133 3288
64710 134 3094
64711 135 5125
64712 136 4559
64713 137 3109
64714 138 2348
64715 139 4957
64716 140 5692
64717 141 4294
64718 142 5238
64719 143 2911
64720 144 2473
64721 145 4161
64722 146 3854
64723 147 4241
64724 148 4023
64725 149 0
64726 150 2420
64727 151 5696
64728 152 1681
64729 153 4144
64730 154 4808
64731 155 3987
64732 156 6125
64733 157 2003
