2500
64577 1 2433
64578 2 6181
64579 3 2699
64580 4 3093
64581 5 3789
64582 6 2083
64583 7 4548
64584 8 3000
64585 9 4375
64586 10 2328
64587 11 3933
64588 12 3349
64589 13 2151
64590 14 3612
64591 15 6203
64592 16 2203
64593 17 3017
64594 18 2516
64595 19 3744
64596 20 4034
64597 21 4794
64598 22 3647
64599 23 2623
64600 24 6303
64601 25 1806
64602 26 1993
64603 27 1895
64604 28 2918
64605 29 4633
64606 30 2086
64607 31 2439
64608 32 5272
64609 33 2224
64610 34 1426
64611 35 3655
64612 36 2497
64613 37 4509
64614 38 2262
64615 39 4933
64616 40 2233
64617 41 5255
64618 42 4185
64619 43 4147
64620 44 3408
64621 45 1649
64622 46 4274
64623 47 2697
64624 48 1616
64625 49 2041
64626 50 2152
64627 51 2817
64628 52 4345
64629 53 0
64630 54 2668
64631 55 4592
64632 56 2235
64633 57 3529
64634 58 4212
64635 59 2825
64636 60 3524
64637 61 3411
64638 62 4696
64639 63 4385
64640 64 3852
64641 65 5196
64642 66 6811
64643 67 1615
64644 68 4457
64645 69 4252
64646 70 1454
64647 71 2913
64648 72 2702
64649 73 2446
64650 74 5101
64651 75 5460
64652 76 2805
64653 77 6927
64654 78 3504
64655 79 5418
64656 80 3094
64657 81 5472
64658 82 2286
64659 83 3470
64660 84 4552
64661 85 2757
64662 86 4564
64663 87 3505
64664 88 2548
64665 89 7116
64666 90 2164
64667 91 4681
64668 92 3037
64669 93 2155
64670 94 3445
64671 95 4125
64672 96 3092
64673 97 5829
64674 98 3412
64675 99 6600
64676 100 2100
64677 101 1167
64678 102 5571
64679 103 5451
64680 104 2830
64681 105 7807
64682 106 1800
64683 107 2380
64684 108 2261
64685 109 2242
64686 110 5218
64687 111 4228
64688 112 4830
64689 113 4528
64690 114 2681
64691 115 3212
64692 116 10114
64693 117 1861
64694 118 2502
64695 119 2358
64696 120 2406
64697 121 3468
64698 122 4453
64699 123 2457
64700 124 2108
64701 125 3948
64702 126 2681
64703 127 3096
64704 128 2198
64705 129 7110
64706 130 2442
64707 131 2657
64708 132 2612
64709 133 5576
64710 134 2356
64711 135 5647
64712 136 2095
64713 137 2505
64714 138 2909
64715 139 3489
64716 140 6258
64717 141 6424
64718 142 2003
64719 143 6614
64720 144 6599
64721 145 4987
64722 146 7092
64723 147 4419
64724 148 0
64725 149 4927
64726 150 4354
64727 151 7157
64728 152 2226
64729 153 2536
64730 154 4810
64731 155 2663
64732 156 6409
64733 157 4994
64734 158 6498
64735 159 2003
