2500
64577 1 1577
64578 2 4026
64579 3 2472
64580 4 2836
64581 5 4443
64582 6 2489
64583 7 8107
64584 8 2487
64585 9 1578
64586 10 4820
64587 11 4425
64588 12 2465
64589 13 0
64590 14 2598
64591 15 1428
64592 16 2836
64593 17 2589
64594 18 4917
64595 19 4926
64596 20 0
64597 21 5348
64598 22 6456
64599 23 5117
64600 24 7170
64601 25 5656
64602 26 0
64603 27 3713
64604 28 3899
64605 29 1491
64606 30 5649
64607 31 2364
64608 32 1349
64609 33 4499
64610 34 3546
64611 35 3935
64612 36 4679
64613 37 5435
64614 38 6206
64615 39 4341
64616 40 2161
64617 41 2420
64618 42 4718
64619 43 5520
64620 44 7914
64621 45 3685
64622 46 2978
64623 47 4452
64624 48 2419
64625 49 4351
64626 50 3928
64627 51 5196
64628 52 4289
64629 53 6892
64630 54 2053
64631 55 6535
64632 56 2331
64633 57 7722
64634 58 4294
64635 59 2466
64636 60 7007
64637 61 2342
64638 62 3453
64639 63 4563
64640 64 4084
64641 65 6499
64642 66 4364
64643 67 6140
64644 68 2255
64645 69 5446
64646 70 2391
64647 71 3565
64648 72 4176
64649 73 3669
64650 74 7699
64651 75 2559
64652 76 3600
64653 77 3317
64654 78 3490
64655 79 4519
64656 80 1967
64657 81 3898
64658 82 4116
64659 83 2877
64660 84 2311
64661 85 6237
64662 86 6392
64663 87 5093
64664 88 0
64665 89 3344
64666 90 2561
64667 91 5623
64668 92 4269
64669 93 2411
64670 94 2748
64671 95 4539
64672 96 6617
64673 97 2786
64674 98 4532
64675 99 2535
64676 100 3260
64677 101 5015
64678 102 2335
64679 103 6413
64680 104 4341
64681 105 4528
64682 106 2962
64683 107 0
64684 108 2413
64685 109 4449
64686 110 2571
64687 111 4190
64688 112 4851
64689 113 2274
64690 114 4549
64691 115 1357
64692 116 5464
64693 117 3148
64694 118 3436
64695 119 2221
64696 120 6006
64697 121 2304
64698 122 3712
64699 123 2383
64700 124 2384
64701 125 2940
64702 126 4491
64703 127 2329
64704 128 4692
64705 129 3090
64706 130 1624
64707 131 5449
64708 132 0
64709 133 1995
64710 134 1548
64711 135 6453
64712 136 1814
64713 137 1986
64714 138 3749
64715 139 1724
64716 140 2182
64717 141 5129
64718 142 4071
64719 143 8395
64720 144 2255
64721 145 5094
64722 146 2839
64723 147 5387
64724 148 4330
64725 149 7054
64726 150 2150
64727 151 4510
64728 152 2264
64729 153 4273
64730 154 1579
64731 155 5805
64732 156 2003
