2500
64577 1 4395
64578 2 4087
64579 3 1417
64580 4 3278
64581 5 5946
64582 6 3832
64583 7 2943
64584 8 2324
64585 9 3436
64586 10 5458
64587 11 2003
64588 12 4789
64589 13 6312
64590 14 1717
64591 15 5720
64592 16 2743
64593 17 2370
64594 18 6205
64595 19 2262
64596 20 2511
64597 21 4428
64598 22 3468
64599 23 2385
64600 24 5488
64601 25 0
64602 26 3829
64603 27 4469
64604 28 3839
64605 29 4232
64606 30 2864
64607 31 1718
64608 32 6386
64609 33 2173
64610 34 1978
64611 35 5192
64612 36 1651
64613 37 3874
64614 38 2650
64615 39 3106
64616 40 3913
64617 41 4705
64618 42 2483
64619 43 3662
64620 44 3672
64621 45 2118
64622 46 2130
64623 47 5780
64624 48 2203
64625 49 3232
64626 50 2531
64627 51 4174
64628 52 6496
64629 53 5858
64630 54 2297
64631 55 2142
64632 56 5645
64633 57 2038
64634 58 1528
64635 59 4564
64636 60 3465
64637 61 0
64638 62 3064
64639 63 2896
64640 64 1661
64641 65 6264
64642 66 2298
64643 67 1431
64644 68 4239
64645 69 4594
64646 70 2614
64647 71 4794
64648 72 4968
64649 73 2613
64650 74 6605
64651 75 10803
64652 76 2003
64653 77 7801
64654 78 2835
64655 79 4120
64656 80 6638
64657 81 2156
64658 82 2853
64659 83 5735
64660 84 4611
64661 85 1818
64662 86 4921
64663 87 1670
64664 88 1360
64665 89 3312
64666 90 5899
64667 91 5788
64668 92 2169
64669 93 1453
64670 94 1559
64671 95 4726
64672 96 6195
64673 97 3141
64674 98 2258
64675 99 6228
64676 100 2184
64677 101 1547
64678 102 4889
64679 103 2683
64680 104 4371
64681 105 0
64682 106 2144
64683 107 5572
64684 108 3791
64685 109 7598
64686 110 3446
64687 111 5712
64688 112 2173
64689 113 2260
64690 114 2852
64691 115 3638
64692 116 5692
64693 117 5939
64694 118 7189
64695 119 6373
64696 120 3189
64697 121 4452
64698 122 0
64699 123 2165
64700 124 5084
64701 125 7315
64702 126 3234
64703 127 2678
64704 128 4445
64705 129 7294
64706 130 2212
64707 131 1748
64708 132 5701
64709 133 4039
64710 134 4545
64711 135 3183
64712 136 3111
64713 137 0
64714 138 2882
64715 139 2389
64716 140 6131
64717 141 2162
64718 142 3959
64719 143 6241
64720 144 2479
64721 145 4866
64722 146 6093
64723 147 2003
64724 148 2743
64725 149 4212
64726 150 1451
64727 151 7398
64728 152 6263
64729 153 2474
64730 154 5713
64731 155 6863
64732 156 2003
