2500
64577 1 1415
64578 2 2293
64579 3 5927
64580 4 5407
64581 5 1139
64582 6 3356
64583 7 2555
64584 8 2839
64585 9 4112
64586 10 2123
64587 11 7497
64588 12 6576
64589 13 2247
64590 14 3926
64591 15 5864
64592 16 6624
64593 17 2537
64594 18 6611
64595 19 4956
64596 20 2489
64597 21 6724
64598 22 2204
64599 23 2990
64600 24 2192
64601 25 4293
64602 26 4379
64603 27 2770
64604 28 1389
64605 29 4783
64606 30 4670
64607 31 2148
64608 32 2373
64609 33 3019
64610 34 6297
64611 35 2225
64612 36 2888
64613 37 4239
64614 38 2938
64615 39 2143
64616 40 4202
64617 41 6853
64618 42 6692
64619 43 0
64620 44 3919
64621 45 1593
64622 46 6638
64623 47 2356
64624 48 2608
64625 49 4125
64626 50 4028
64627 51 1804
64628 52 5542
64629 53 3909
64630 54 8115
64631 55 2386
64632 56 2871
64633 57 4048
64634 58 3935
64635 59 5526
64636 60 2523
64637 61 5736
64638 62 4087
64639 63 6207
64640 64 0
64641 65 3203
64642 66 7796
64643 67 2294
64644 68 2296
64645 69 4313
64646 70 4680
64647 71 1832
64648 72 2473
64649 73 7925
64650 74 2270
64651 75 3428
64652 76 2651
64653 77 4252
64654 78 5773
64655 79 4158
64656 80 5832
64657 81 2844
64658 82 9303
64659 83 2230
64660 84 3510
64661 85 4972
64662 86 3248
64663 87 7457
64664 88 3005
64665 89 2338
64666 90 2737
64667 91 2539
64668 92 3733
64669 93 3124
64670 94 5427
64671 95 7981
64672 96 2395
64673 97 1997
64674 98 3298
64675 99 5668
64676 100 3118
64677 101 3928
64678 102 2467
64679 103 6621
64680 104 8402
64681 105 2382
64682 106 8126
64683 107 2484
64684 108 0
64685 109 2130
64686 110 2633
64687 111 10778
64688 112 2383
64689 113 2090
64690 114 2404
64691 115 2818
64692 116 6635
64693 117 4246
64694 118 3237
64695 119 4502
64696 120 6387
64697 121 2443
64698 122 8578
64699 123 2757
64700 124 0
64701 125 2140
64702 126 3588
64703 127 6866
64704 128 2274
64705 129 1859
64706 130 2107
64707 131 4917
64708 132 5994
64709 133 4697
64710 134 3977
64711 135 3008
64712 136 4023
64713 137 2489
64714 138 4201
64715 139 3790
64716 140 2001
64717 141 4290
64718 142 7929
64719 143 2484
64720 144 8519
64721 145 2466
64722 146 0
64723 147 1986
64724 148 3021
64725 149 6701
64726 150 2003
