2500
64577 1 2166
64578 2 5325
64579 3 4203
64580 4 4739
64581 5 9831
64582 6 2280
64583 7 1554
64584 8 4166
64585 9 2830
64586 10 2160
64587 11 2901
64588 12 2604
64589 13 5385
64590 14 4063
64591 15 2168
64592 16 2595
64593 17 0
64594 18 2610
64595 19 4603
64596 20 2491
64597 21 3021
64598 22 2576
64599 23 3893
64600 24 4712
64601 25 6021
64602 26 2640
64603 27 4214
64604 28 0
64605 29 5342
64606 30 2971
64607 31 3431
64608 32 7693
64609 33 2003
64610 34 2789
64611 35 5192
64612 36 7084
64613 37 4530
64614 38 3539
64615 39 8184
64616 40 2164
64617 41 2332
64618 42 2663
64619 43 2395
64620 44 4353
64621 45 1312
64622 46 6583
64623 47 2291
64624 48 2803
64625 49 2224
64626 50 5431
64627 51 1667
64628 52 4313
64629 53 5913
64630 54 2144
64631 55 2958
64632 56 2848
64633 57 2134
64634 58 5605
64635 59 1639
64636 60 5905
64637 61 7256
64638 62 1986
64639 63 3293
64640 64 3327
64641 65 2760
64642 66 4969
64643 67 6301
64644 68 0
64645 69 3150
64646 70 3365
64647 71 2700
64648 72 7532
64649 73 2359
64650 74 3249
64651 75 2849
64652 76 3197
64653 77 2577
64654 78 2475
64655 79 5570
64656 80 9722
64657 81 2182
64658 82 4539
64659 83 3674
64660 84 3028
64661 85 1559
64662 86 7313
64663 87 2405
64664 88 3310
64665 89 2331
64666 90 4161
64667 91 6409
64668 92 7200
64669 93 3275
64670 94 2401
64671 95 6212
64672 96 2183
64673 97 3504
64674 98 4415
64675 99 4692
64676 100 3795
64677 101 6397
64678 102 0
64679 103 3078
64680 104 0
64681 105 4331
64682 106 6551
64683 107 2101
64684 108 4602
64685 109 0
64686 110 3213
64687 111 5819
64688 112 4011
64689 113 2457
64690 114 2785
64691 115 5252
64692 116 2003
64693 117 2465
64694 118 3102
64695 119 1651
64696 120 5397
64697 121 2600
64698 122 4861
64699 123 4357
64700 124 5231
64701 125 2376
64702 126 6737
64703 127 2274
64704 128 2957
64705 129 4305
64706 130 6436
64707 131 7416
64708 132 2518
64709 133 8056
64710 134 2225
64711 135 2885
64712 136 4977
64713 137 6514
64714 138 5844
64715 139 3906
64716 140 5494
64717 141 5129
64718 142 1584
64719 143 5351
64720 144 6576
64721 145 2223
64722 146 4058
64723 147 6641
64724 148 4022
64725 149 3585
64726 150 3169
64727 151 6569
64728 152 2003
