2500
64577 1 2009
64578 2 3475
64579 3 4286
64580 4 2791
64581 5 6768
64582 6 4489
64583 7 2620
64584 8 7153
64585 9 2386
64586 10 3057
64587 11 3144
64588 12 4437
64589 13 3786
64590 14 5645
64591 15 5575
64592 16 3130
64593 17 7485
64594 18 2188
64595 19 3686
64596 20 5618
64597 21 3762
64598 22 2703
64599 23 3765
64600 24 3352
64601 25 7688
64602 26 2185
64603 27 2560
64604 28 4737
64605 29 2940
64606 30 2339
64607 31 6394
64608 32 1789
64609 33 2430
64610 34 3377
64611 35 3203
64612 36 2512
64613 37 4990
64614 38 5531
64615 39 2893
64616 40 3636
64617 41 4158
64618 42 2170
64619 43 6324
64620 44 3990
64621 45 3964
64622 46 7563
64623 47 2242
64624 48 8574
64625 49 4623
64626 50 3442
64627 51 4732
64628 52 6466
64629 53 4854
64630 54 4375
64631 55 8595
64632 56 2003
64633 57 2248
64634 58 6423
64635 59 3837
64636 60 2877
64637 61 5263
64638 62 3685
64639 63 2791
64640 64 7277
64641 65 2193
64642 66 2578
64643 67 1864
64644 68 4444
64645 69 1700
64646 70 5592
64647 71 3783
64648 72 4896
64649 73 2225
64650 74 2902
64651 75 3208
64652 76 3343
64653 77 1496
64654 78 3823
64655 79 2727
64656 80 3680
64657 81 5744
64658 82 2329
64659 83 2673
64660 84 2394
64661 85 4684
64662 86 2843
64663 87 4666
64664 88 0
64665 89 1631
64666 90 5609
64667 91 4140
64668 92 8023
64669 93 2331
64670 94 7833
64671 95 3182
64672 96 5564
64673 97 3822
64674 98 4227
64675 99 3949
64676 100 1515
64677 101 8008
64678 102 2242
64679 103 4429
64680 104 2550
64681 105 5877
64682 106 4467
64683 107 0
64684 108 1343
64685 109 2371
64686 110 2268
64687 111 2099
64688 112 2934
64689 113 5905
64690 114 8631
64691 115 2276
64692 116 3601
64693 117 4069
64694 118 2440
64695 119 2762
64696 120 3902
64697 121 3790
64698 122 1659
64699 123 4639
64700 124 1941
64701 125 3209
64702 126 4097
64703 127 5410
64704 128 3239
64705 129 2982
64706 130 0
64707 131 3253
64708 132 1350
64709 133 3357
64710 134 7306
64711 135 1984
64712 136 3098
64713 137 3034
64714 138 4022
64715 139 4977
64716 140 3772
64717 141 2607
64718 142 6458
64719 143 2003
