2500
64577 1 1684
64578 2 4446
64579 3 6425
64580 4 0
64581 5 7292
64582 6 2410
64583 7 5742
64584 8 0
64585 9 2030
64586 10 6424
64587 11 2492
64588 12 4106
64589 13 0
64590 14 2875
64591 15 8361
64592 16 9466
64593 17 0
64594 18 3325
64595 19 3056
64596 20 5672
64597 21 1979
64598 22 6562
64599 23 0
64600 24 2542
64601 25 3312
64602 26 2732
64603 27 9668
64604 28 0
64605 29 2098
64606 30 2757
64607 31 3626
64608 32 6201
64609 33 2132
64610 34 2592
64611 35 5682
64612 36 9666
64613 37 3464
64614 38 5575
64615 39 0
64616 40 5208
64617 41 4856
64618 42 3530
64619 43 2714
64620 44 7527
64621 45 2475
64622 46 8195
64623 47 0
64624 48 2708
64625 49 5239
64626 50 6380
64627 51 3060
64628 52 4628
64629 53 0
64630 54 4325
64631 55 3813
64632 56 3642
64633 57 2551
64634 58 5121
64635 59 2692
64636 60 9376
64637 61 0
64638 62 5269
64639 63 5048
64640 64 2609
64641 65 3977
64642 66 0
64643 67 3492
64644 68 4241
64645 69 2691
64646 70 5129
64647 71 6392
64648 72 5766
64649 73 0
64650 74 4692
64651 75 5781
64652 76 4872
64653 77 4693
64654 78 11637
64655 79 2003
64656 80 7525
64657 81 2326
64658 82 6639
64659 83 0
64660 84 2182
64661 85 2314
64662 86 3344
64663 87 7131
64664 88 5660
64665 89 1631
64666 90 7388
64667 91 2725
64668 92 6401
64669 93 3443
64670 94 5551
64671 95 0
64672 96 2811
64673 97 5834
64674 98 4919
64675 99 2088
64676 100 4266
64677 101 6211
64678 102 2258
64679 103 0
64680 104 2471
64681 105 2507
64682 106 3551
64683 107 4842
64684 108 3958
64685 109 6766
64686 110 1866
64687 111 7939
64688 112 4270
64689 113 5011
64690 114 3471
64691 115 4981
64692 116 2047
64693 117 4576
64694 118 0
64695 119 5142
64696 120 10032
64697 121 0
64698 122 4958
64699 123 2752
64700 124 6308
64701 125 5872
64702 126 4870
64703 127 0
64704 128 4375
64705 129 7384
64706 130 2332
64707 131 2442
64708 132 5595
64709 133 2800
64710 134 5032
64711 135 7504
64712 136 2113
64713 137 4062
64714 138 5875
64715 139 7925
64716 140 4160
64717 141 5175
64718 142 0
64719 143 3892
64720 144 5179
64721 145 4689
64722 146 2003
