2500
64577 1 4086
64578 2 4385
64579 3 6077
64580 4 3982
64581 5 3194
64582 6 4317
64583 7 4137
64584 8 3605
64585 9 5091
64586 10 1894
64587 11 4574
64588 12 4662
64589 13 4716
64590 14 2680
64591 15 3558
64592 16 3996
64593 17 2926
64594 18 3438
64595 19 0
64596 20 2311
64597 21 4409
64598 22 3427
64599 23 2630
64600 24 1573
64601 25 2482
64602 26 2303
64603 27 1672
64604 28 3444
64605 29 4890
64606 30 3011
64607 31 4070
64608 32 4383
64609 33 0
64610 34 5113
64611 35 5435
64612 36 4114
64613 37 2111
64614 38 6212
64615 39 2018
64616 40 3654
64617 41 1389
64618 42 3698
64619 43 1894
64620 44 3193
64621 45 1149
64622 46 4531
64623 47 5564
64624 48 1408
64625 49 5184
64626 50 2519
64627 51 2929
64628 52 1364
64629 53 4812
64630 54 0
64631 55 4141
64632 56 2779
64633 57 2189
64634 58 5957
64635 59 2112
64636 60 4636
64637 61 4314
64638 62 8933
64639 63 1319
64640 64 1390
64641 65 3555
64642 66 6503
64643 67 6089
64644 68 6901
64645 69 4751
64646 70 4089
64647 71 2559
64648 72 4376
64649 73 2654
64650 74 4752
64651 75 2505
64652 76 0
64653 77 6271
64654 78 1691
64655 79 7644
64656 80 1821
64657 81 2661
64658 82 4005
64659 83 2837
64660 84 2542
64661 85 2946
64662 86 3206
64663 87 6748
64664 88 2515
64665 89 2603
64666 90 4275
64667 91 3908
64668 92 2192
64669 93 4486
64670 94 4619
64671 95 6609
64672 96 2417
64673 97 5211
64674 98 3076
64675 99 4598
64676 100 2854
64677 101 5001
64678 102 5172
64679 103 4309
64680 104 2787
64681 105 4947
64682 106 2852
64683 107 3307
64684 108 2881
64685 109 6642
64686 110 2085
64687 111 6262
64688 112 1730
64689 113 3433
64690 114 2567
64691 115 3021
64692 116 1414
64693 117 2921
64694 118 2108
64695 119 7123
64696 120 2262
64697 121 5060
64698 122 3181
64699 123 5184
64700 124 1929
64701 125 4390
64702 126 3123
64703 127 5715
64704 128 2890
64705 129 2949
64706 130 2607
64707 131 6010
64708 132 2401
64709 133 6130
64710 134 1654
64711 135 4333
64712 136 2480
64713 137 3366
64714 138 1353
64715 139 3139
64716 140 2063
64717 141 6628
64718 142 2192
64719 143 3708
64720 144 4092
64721 145 2511
64722 146 4355
64723 147 6457
64724 148 2630
64725 149 2811
64726 150 3687
64727 151 4800
64728 152 2003
