2500
64577 1 2124
64578 2 3743
64579 3 3695
64580 4 5071
64581 5 4514
64582 6 3746
64583 7 0
64584 8 1384
64585 9 5720
64586 10 2978
64587 11 4463
64588 12 0
64589 13 1812
64590 14 1912
64591 15 2783
64592 16 2313
64593 17 0
64594 18 3348
64595 19 4053
64596 20 4424
64597 21 1593
64598 22 5271
64599 23 2061
64600 24 4200
64601 25 0
64602 26 4352
64603 27 2558
64604 28 4024
64605 29 3750
64606 30 2165
64607 31 4259
64608 32 4051
64609 33 2101
64610 34 2273
64611 35 1805
64612 36 6949
64613 37 2254
64614 38 5783
64615 39 7381
64616 40 5841
64617 41 3350
64618 42 4006
64619 43 3603
64620 44 3647
64621 45 5973
64622 46 2375
64623 47 2733
64624 48 3838
64625 49 3330
64626 50 5420
64627 51 5191
64628 52 0
64629 53 2137
64630 54 1479
64631 55 3849
64632 56 7842
64633 57 5744
64634 58 3258
64635 59 2781
64636 60 2580
64637 61 7135
64638 62 2299
64639 63 3734
64640 64 4191
64641 65 3009
64642 66 4754
64643 67 5680
64644 68 1635
64645 69 4422
64646 70 6126
64647 71 5336
64648 72 1877
64649 73 1767
64650 74 4700
64651 75 3055
64652 76 4456
64653 77 3899
64654 78 2003
64655 79 1638
64656 80 5049
64657 81 7099
64658 82 5816
64659 83 6196
64660 84 1457
64661 85 3425
64662 86 2380
64663 87 2556
64664 88 3419
64665 89 7863
64666 90 3227
64667 91 2860
64668 92 3111
64669 93 2393
64670 94 4211
64671 95 2158
64672 96 3533
64673 97 2007
64674 98 7483
64675 99 3186
64676 100 1417
64677 101 4054
64678 102 2202
64679 103 1989
64680 104 3754
64681 105 3881
64682 106 6770
64683 107 2961
64684 108 3872
64685 109 4772
64686 110 1916
64687 111 4744
64688 112 2707
64689 113 1927
64690 114 4481
64691 115 5540
64692 116 2554
64693 117 2000
64694 118 4163
64695 119 7273
64696 120 2003
64697 121 4270
64698 122 2641
64699 123 4783
64700 124 5375
64701 125 0
64702 126 3679
64703 127 3987
64704 128 6564
64705 129 1893
64706 130 2154
64707 131 3711
64708 132 5000
64709 133 2103
64710 134 3815
64711 135 7027
64712 136 1829
64713 137 4051
64714 138 4582
64715 139 2774
64716 140 4777
64717 141 3238
64718 142 1803
64719 143 4354
64720 144 6253
64721 145 0
64722 146 3306
64723 147 3838
64724 148 4006
64725 149 1713
64726 150 7795
64727 151 2246
64728 152 3661
64729 153 4365
64730 154 2838
64731 155 7402
64732 156 7326
64733 157 2788
64734 158 2743
64735 159 4755
64736 160 4743
64737 161 2003
