2500
64577 1 1277
64578 2 4069
64579 3 3945
64580 4 4497
64581 5 1540
64582 6 4691
64583 7 5974
64584 8 5845
64585 9 0
64586 10 3129
64587 11 3345
64588 12 5852
64589 13 6548
64590 14 3628
64591 15 3555
64592 16 7484
64593 17 8670
64594 18 0
64595 19 3388
64596 20 4065
64597 21 2660
64598 22 4413
64599 23 6483
64600 24 1504
64601 25 2462
64602 26 3723
64603 27 2579
64604 28 3058
64605 29 3917
64606 30 3963
64607 31 2727
64608 32 3216
64609 33 2124
64610 34 3511
64611 35 0
64612 36 3560
64613 37 4650
64614 38 3942
64615 39 2128
64616 40 2391
64617 41 2994
64618 42 2742
64619 43 4978
64620 44 3966
64621 45 5669
64622 46 1750
64623 47 3514
64624 48 3012
64625 49 5414
64626 50 7873
64627 51 7653
64628 52 1875
64629 53 4677
64630 54 2712
64631 55 0
64632 56 5908
64633 57 8189
64634 58 0
64635 59 2300
64636 60 5171
64637 61 1903
64638 62 3671
64639 63 2543
64640 64 3014
64641 65 0
64642 66 3810
64643 67 4877
64644 68 4479
64645 69 1914
64646 70 2121
64647 71 4080
64648 72 4869
64649 73 9448
64650 74 6009
64651 75 7327
64652 76 3206
64653 77 1840
64654 78 4801
64655 79 7212
64656 80 4423
64657 81 4347
64658 82 4200
64659 83 1863
64660 84 2792
64661 85 4394
64662 86 4639
64663 87 6332
64664 88 6167
64665 89 6253
64666 90 2188
64667 91 3374
64668 92 5495
64669 93 2028
64670 94 4409
64671 95 5233
64672 96 2771
64673 97 4681
64674 98 3693
64675 99 5975
64676 100 1665
64677 101 2732
64678 102 1989
64679 103 3153
64680 104 5459
64681 105 2348
64682 106 7976
64683 107 7919
64684 108 7787
64685 109 8062
64686 110 0
64687 111 7365
64688 112 8433
64689 113 8074
64690 114 6973
64691 115 0
64692 116 5173
64693 117 5366
64694 118 2579
64695 119 4971
64696 120 0
64697 121 3223
64698 122 4670
64699 123 3905
64700 124 3609
64701 125 2060
64702 126 3744
64703 127 4158
64704 128 4782
64705 129 1727
64706 130 5866
64707 131 3594
64708 132 2749
64709 133 5024
64710 134 3654
64711 135 7222
64712 136 6963
64713 137 2641
64714 138 4767
64715 139 0
64716 140 3860
64717 141 2884
64718 142 3221
64719 143 6902
64720 144 5793
64721 145 2003
