2500
64577 1 2858
64578 2 1272
64579 3 4709
64580 4 3636
64581 5 4288
64582 6 2618
64583 7 6863
64584 8 3254
64585 9 3968
64586 10 5289
64587 11 0
64588 12 2680
64589 13 3307
64590 14 5433
64591 15 5316
64592 16 6013
64593 17 0
64594 18 2221
64595 19 3368
64596 20 5524
64597 21 0
64598 22 2883
64599 23 2139
64600 24 7460
64601 25 4259
64602 26 2423
64603 27 3356
64604 28 4384
64605 29 4560
64606 30 2197
64607 31 5846
64608 32 4252
64609 33 2657
64610 34 6132
64611 35 3430
64612 36 3182
64613 37 5820
64614 38 0
64615 39 3818
64616 40 3912
64617 41 1595
64618 42 5592
64619 43 2522
64620 44 6512
64621 45 2152
64622 46 2111
64623 47 9331
64624 48 4954
64625 49 2492
64626 50 5357
64627 51 6022
64628 52 7122
64629 53 0
64630 54 3554
64631 55 3226
64632 56 3253
64633 57 0
64634 58 2357
64635 59 2952
64636 60 4540
64637 61 2753
64638 62 7353
64639 63 2003
64640 64 3254
64641 65 7828
64642 66 7406
64643 67 4171
64644 68 7417
64645 69 8512
64646 70 6797
64647 71 2578
64648 72 5942
64649 73 6036
64650 74 2694
64651 75 1656
64652 76 3642
64653 77 3196
64654 78 0
64655 79 6123
64656 80 6927
64657 81 2031
64658 82 6535
64659 83 0
64660 84 2458
64661 85 6328
64662 86 5631
64663 87 2420
64664 88 6684
64665 89 1499
64666 90 6834
64667 91 1583
64668 92 4472
64669 93 6296
64670 94 1394
64671 95 5812
64672 96 1342
64673 97 3506
64674 98 5831
64675 99 1220
64676 100 7091
64677 101 1386
64678 102 3501
64679 103 6718
64680 104 1427
64681 105 3219
64682 106 6503
64683 107 1405
64684 108 6075
64685 109 1454
64686 110 1595
64687 111 7399
64688 112 6096
64689 113 1260
64690 114 6362
64691 115 2732
64692 116 3312
64693 117 6148
64694 118 2249
64695 119 5927
64696 120 1227
64697 121 5192
64698 122 6173
64699 123 1392
64700 124 6013
64701 125 2465
64702 126 5335
64703 127 4947
64704 128 0
64705 129 2569
64706 130 5413
64707 131 7080
64708 132 4305
64709 133 1407
64710 134 6535
64711 135 2305
64712 136 5563
64713 137 0
64714 138 3892
64715 139 2549
64716 140 2927
64717 141 5510
64718 142 3065
64719 143 8893
64720 144 7257
64721 145 7052
64722 146 2003
