2500
64577 1 5813
64578 2 5365
64579 3 3568
64580 4 7612
64581 5 2159
64582 6 5418
64583 7 7666
64584 8 0
64585 9 1516
64586 10 4863
64587 11 4732
64588 12 4866
64589 13 2698
64590 14 2663
64591 15 5659
64592 16 0
64593 17 3253
64594 18 3936
64595 19 4414
64596 20 2003
64597 21 8069
64598 22 3736
64599 23 1389
64600 24 5028
64601 25 3961
64602 26 2869
64603 27 4502
64604 28 2637
64605 29 2337
64606 30 4698
64607 31 0
64608 32 4739
64609 33 5090
64610 34 5878
64611 35 2962
64612 36 4780
64613 37 5282
64614 38 8287
64615 39 1734
64616 40 4367
64617 41 3885
64618 42 3282
64619 43 0
64620 44 5133
64621 45 2337
64622 46 2738
64623 47 2583
64624 48 3999
64625 49 4349
64626 50 0
64627 51 2206
64628 52 4334
64629 53 5066
64630 54 2289
64631 55 4322
64632 56 2380
64633 57 3609
64634 58 4717
64635 59 5870
64636 60 4939
64637 61 5393
64638 62 4324
64639 63 0
64640 64 3289
64641 65 6495
64642 66 2507
64643 67 2761
64644 68 2534
64645 69 2472
64646 70 6219
64647 71 4846
64648 72 3679
64649 73 2377
64650 74 3853
64651 75 3621
64652 76 4560
64653 77 4411
64654 78 6050
64655 79 5052
64656 80 2439
64657 81 3693
64658 82 3183
64659 83 2441
64660 84 4241
64661 85 5992
64662 86 6226
64663 87 2189
64664 88 982
64665 89 2642
64666 90 1910
64667 91 7158
64668 92 5410
64669 93 0
64670 94 3467
64671 95 3251
64672 96 9078
64673 97 3274
64674 98 6114
64675 99 0
64676 100 6954
64677 101 1860
64678 102 4722
64679 103 0
64680 104 5721
64681 105 3693
64682 106 4436
64683 107 3630
64684 108 3562
64685 109 2542
64686 110 5397
64687 111 5132
64688 112 4834
64689 113 1703
64690 114 5146
64691 115 2403
64692 116 4696
64693 117 3846
64694 118 4066
64695 119 5192
64696 120 2332
64697 121 1634
64698 122 5591
64699 123 2491
64700 124 0
64701 125 2091
64702 126 2571
64703 127 2524
64704 128 0
64705 129 4911
64706 130 2493
64707 131 4909
64708 132 2366
64709 133 4037
64710 134 0
64711 135 5401
64712 136 2415
64713 137 5045
64714 138 4922
64715 139 0
64716 140 3218
64717 141 3413
64718 142 3775
64719 143 3736
64720 144 2035
64721 145 1823
64722 146 3828
64723 147 4504
64724 148 2691
64725 149 1778
64726 150 3123
64727 151 7353
64728 152 3256
64729 153 5401
64730 154 4350
64731 155 1956
64732 156 2959
64733 157 5065
64734 158 6833
64735 159 2003
