2500
64577 1 3910
64578 2 1668
64579 3 5656
64580 4 4540
64581 5 2346
64582 6 2352
64583 7 2636
64584 8 2879
64585 9 2698
64586 10 4779
64587 11 5405
64588 12 4437
64589 13 4686
64590 14 5355
64591 15 3128
64592 16 5032
64593 17 3034
64594 18 5101
64595 19 6241
64596 20 2003
64597 21 6965
64598 22 2861
64599 23 4791
64600 24 1455
64601 25 4532
64602 26 7472
64603 27 2560
64604 28 5451
64605 29 0
64606 30 3132
64607 31 3987
64608 32 2219
64609 33 3119
64610 34 3158
64611 35 5264
64612 36 2209
64613 37 3946
64614 38 5070
64615 39 4961
64616 40 5420
64617 41 4860
64618 42 5085
64619 43 6828
64620 44 2211
64621 45 2854
64622 46 2032
64623 47 5358
64624 48 1252
64625 49 4354
64626 50 4166
64627 51 4483
64628 52 2716
64629 53 5056
64630 54 4407
64631 55 5976
64632 56 0
64633 57 3669
64634 58 4406
64635 59 6341
64636 60 2003
64637 61 611
64638 62 6751
64639 63 1748
64640 64 2728
64641 65 3134
64642 66 5251
64643 67 3043
64644 68 2377
64645 69 3905
64646 70 2832
64647 71 2455
64648 72 3914
64649 73 5494
64650 74 0
64651 75 5595
64652 76 5327
64653 77 3074
64654 78 3812
64655 79 2354
64656 80 4251
64657 81 4224
64658 82 1514
64659 83 3038
64660 84 4150
64661 85 0
64662 86 3391
64663 87 1440
64664 88 4553
64665 89 2687
64666 90 2281
64667 91 2781
64668 92 2165
64669 93 2197
64670 94 2509
64671 95 3010
64672 96 2390
64673 97 1904
64674 98 2051
64675 99 1649
64676 100 2529
64677 101 4329
64678 102 2321
64679 103 2318
64680 104 1705
64681 105 6946
64682 106 6334
64683 107 4937
64684 108 4944
64685 109 0
64686 110 2400
64687 111 1601
64688 112 2262
64689 113 5938
64690 114 7601
64691 115 0
64692 116 3206
64693 117 3289
64694 118 1951
64695 119 5007
64696 120 2247
64697 121 3049
64698 122 3051
64699 123 6696
64700 124 6241
64701 125 0
64702 126 2993
64703 127 2513
64704 128 6309
64705 129 2305
64706 130 1748
64707 131 1754
64708 132 1776
64709 133 2521
64710 134 4135
64711 135 4810
64712 136 1363
64713 137 3826
64714 138 3792
64715 139 1346
64716 140 5100
64717 141 3669
64718 142 3652
64719 143 5403
64720 144 3572
64721 145 2089
64722 146 4715
64723 147 4085
64724 148 2122
64725 149 4883
64726 150 1912
64727 151 3652
64728 152 2357
64729 153 2025
64730 154 2142
64731 155 4421
64732 156 2083
64733 157 1843
64734 158 2996
64735 159 5964
64736 160 2429
64737 161 2324
64738 162 3458
64739 163 0
64740 164 3834
64741 165 3322
64742 166 4262
64743 167 5151
64744 168 6505
64745 169 2003
