2500
64577 1 3969
64578 2 2594
64579 3 3570
64580 4 5028
64581 5 0
64582 6 2074
64583 7 1850
64584 8 3532
64585 9 4152
64586 10 4292
64587 11 6451
64588 12 2003
64589 13 3209
64590 14 2553
64591 15 2474
64592 16 2735
64593 17 2235
64594 18 2374
64595 19 0
64596 20 3913
64597 21 2116
64598 22 4030
64599 23 2458
64600 24 4487
64601 25 4277
64602 26 2009
64603 27 3957
64604 28 2513
64605 29 4606
64606 30 4643
64607 31 2101
64608 32 4456
64609 33 2485
64610 34 2871
64611 35 0
64612 36 3843
64613 37 2845
64614 38 1398
64615 39 3257
64616 40 0
64617 41 2066
64618 42 2596
64619 43 2254
64620 44 4793
64621 45 3568
64622 46 4191
64623 47 2165
64624 48 2942
64625 49 3830
64626 50 5000
64627 51 5860
64628 52 0
64629 53 3337
64630 54 5177
64631 55 2391
64632 56 3219
64633 57 2534
64634 58 4742
64635 59 7344
64636 60 2325
64637 61 7748
64638 62 3532
64639 63 3830
64640 64 7402
64641 65 5473
64642 66 1434
64643 67 3916
64644 68 3284
64645 69 4213
64646 70 2714
64647 71 2918
64648 72 3264
64649 73 0
64650 74 2754
64651 75 4758
64652 76 7975
64653 77 2278
64654 78 2873
64655 79 3078
64656 80 2549
64657 81 2740
64658 82 7105
64659 83 5204
64660 84 3889
64661 85 2286
64662 86 3188
64663 87 4383
64664 88 6506
64665 89 2165
64666 90 2517
64667 91 2916
64668 92 2964
64669 93 3344
64670 94 3139
64671 95 3731
64672 96 6514
64673 97 2242
64674 98 1981
64675 99 4786
64676 100 3825
64677 101 1361
64678 102 4973
64679 103 1250
64680 104 5299
64681 105 1711
64682 106 4408
64683 107 2815
64684 108 4819
64685 109 5987
64686 110 0
64687 111 2000
64688 112 4705
64689 113 1674
64690 114 6353
64691 115 1985
64692 116 2737
64693 117 2972
64694 118 2686
64695 119 6393
64696 120 2165
64697 121 2795
64698 122 2384
64699 123 2672
64700 124 6235
64701 125 4626
64702 126 4605
64703 127 1576
64704 128 4831
64705 129 5231
64706 130 5157
64707 131 0
64708 132 6284
64709 133 2784
64710 134 9571
64711 135 2205
64712 136 3110
64713 137 3153
64714 138 2931
64715 139 6680
64716 140 4544
64717 141 2864
64718 142 4583
64719 143 5624
64720 144 2413
64721 145 5963
64722 146 2097
64723 147 1167
64724 148 5928
64725 149 3256
64726 150 3991
64727 151 5753
64728 152 2551
64729 153 5381
64730 154 7143
64731 155 0
64732 156 1822
64733 157 1533
64734 158 5665
64735 159 0
64736 160 4795
64737 161 6537
64738 162 0
64739 163 3962
64740 164 2700
64741 165 3954
64742 166 2484
64743 167 5293
64744 168 2003
