2500
64577 1 2054
64578 2 4834
64579 3 2809
64580 4 5798
64581 5 5732
64582 6 0
64583 7 2337
64584 8 3213
64585 9 3617
64586 10 4007
64587 11 1476
64588 12 3044
64589 13 8066
64590 14 1548
64591 15 5734
64592 16 0
64593 17 2991
64594 18 5473
64595 19 5175
64596 20 0
64597 21 2707
64598 22 2516
64599 23 4697
64600 24 2545
64601 25 4150
64602 26 5736
64603 27 2288
64604 28 3306
64605 29 2709
64606 30 6163
64607 31 4361
64608 32 3733
64609 33 4276
64610 34 8542
64611 35 10622
64612 36 1841
64613 37 5511
64614 38 4993
64615 39 7380
64616 40 3970
64617 41 2455
64618 42 4933
64619 43 9852
64620 44 3306
64621 45 5076
64622 46 4328
64623 47 4634
64624 48 3273
64625 49 8415
64626 50 2530
64627 51 2565
64628 52 5874
64629 53 2572
64630 54 0
64631 55 7393
64632 56 1487
64633 57 4763
64634 58 2121
64635 59 3745
64636 60 0
64637 61 3123
64638 62 5359
64639 63 3326
64640 64 3453
64641 65 6175
64642 66 1763
64643 67 7943
64644 68 2003
64645 69 5552
64646 70 5943
64647 71 4408
64648 72 6477
64649 73 6081
64650 74 5677
64651 75 4711
64652 76 6840
64653 77 2092
64654 78 1484
64655 79 5661
64656 80 4985
64657 81 4869
64658 82 6085
64659 83 1372
64660 84 5295
64661 85 0
64662 86 6393
64663 87 4116
64664 88 0
64665 89 4730
64666 90 6369
64667 91 2252
64668 92 4494
64669 93 6324
64670 94 4406
64671 95 8403
64672 96 4179
64673 97 5518
64674 98 5453
64675 99 4526
64676 100 998
64677 101 4004
64678 102 2881
64679 103 3289
64680 104 3219
64681 105 3513
64682 106 0
64683 107 2206
64684 108 2737
64685 109 4247
64686 110 4354
64687 111 4257
64688 112 7416
64689 113 4475
64690 114 2303
64691 115 5909
64692 116 3289
64693 117 2750
64694 118 4085
64695 119 4959
64696 120 0
64697 121 3138
64698 122 5080
64699 123 2377
64700 124 0
64701 125 2989
64702 126 4684
64703 127 2320
64704 128 4456
64705 129 4402
64706 130 5358
64707 131 0
64708 132 5341
64709 133 4558
64710 134 5552
64711 135 2580
64712 136 4195
64713 137 0
64714 138 4857
64715 139 4865
64716 140 2734
64717 141 5147
64718 142 5429
64719 143 0
64720 144 3596
64721 145 4058
64722 146 6041
64723 147 2003
