2500
64577 1 3067
64578 2 3211
64579 3 7437
64580 4 7023
64581 5 4839
64582 6 8456
64583 7 4795
64584 8 7181
64585 9 5486
64586 10 2864
64587 11 4914
64588 12 0
64589 13 6384
64590 14 3962
64591 15 2971
64592 16 5109
64593 17 6040
64594 18 0
64595 19 3576
64596 20 4183
64597 21 7482
64598 22 2353
64599 23 6877
64600 24 3925
64601 25 4388
64602 26 3598
64603 27 1456
64604 28 7103
64605 29 4944
64606 30 4199
64607 31 5056
64608 32 5544
64609 33 1995
64610 34 4973
64611 35 6503
64612 36 3180
64613 37 7731
64614 38 5894
64615 39 0
64616 40 2992
64617 41 9281
64618 42 3711
64619 43 4924
64620 44 0
64621 45 3743
64622 46 4996
64623 47 4932
64624 48 2326
64625 49 3211
64626 50 2485
64627 51 5774
64628 52 4072
64629 53 2292
64630 54 2395
64631 55 6562
64632 56 4975
64633 57 2576
64634 58 2761
64635 59 6163
64636 60 3639
64637 61 2484
64638 62 2472
64639 63 5122
64640 64 1906
64641 65 7183
64642 66 2614
64643 67 7572
64644 68 1410
64645 69 4385
64646 70 8321
64647 71 1258
64648 72 3883
64649 73 8712
64650 74 1461
64651 75 3881
64652 76 9513
64653 77 1435
64654 78 5202
64655 79 8445
64656 80 1419
64657 81 4358
64658 82 9851
64659 83 1423
64660 84 5188
64661 85 9537
64662 86 1464
64663 87 5247
64664 88 9522
64665 89 1506
64666 90 5301
64667 91 10753
64668 92 1726
64669 93 2045
64670 94 7841
64671 95 8831
64672 96 1436
64673 97 10980
64674 98 0
64675 99 3704
64676 100 7346
64677 101 4899
64678 102 1489
64679 103 6868
64680 104 5856
64681 105 1481
64682 106 5724
64683 107 0
64684 108 2979
64685 109 5635
64686 110 4240
64687 111 5952
64688 112 2739
64689 113 6352
64690 114 4604
64691 115 2724
64692 116 3313
64693 117 2896
64694 118 4933
64695 119 4509
64696 120 0
64697 121 6513
64698 122 6110
64699 123 2981
64700 124 5646
64701 125 6328
64702 126 7802
64703 127 8062
64704 128 2003
