2500
64577 1 3464
64578 2 7309
64579 3 4101
64580 4 4449
64581 5 3515
64582 6 6352
64583 7 2967
64584 8 3571
64585 9 3579
64586 10 2706
64587 11 2076
64588 12 4391
64589 13 1491
64590 14 5503
64591 15 3380
64592 16 6014
64593 17 0
64594 18 2942
64595 19 3462
64596 20 6878
64597 21 6320
64598 22 3900
64599 23 7285
64600 24 3624
64601 25 6812
64602 26 0
64603 27 2814
64604 28 7933
64605 29 5274
64606 30 6148
64607 31 3637
64608 32 3822
64609 33 4938
64610 34 4954
64611 35 6993
64612 36 3390
64613 37 2463
64614 38 0
64615 39 4016
64616 40 2994
64617 41 4572
64618 42 5400
64619 43 2458
64620 44 1631
64621 45 5846
64622 46 4517
64623 47 4971
64624 48 5083
64625 49 8060
64626 50 6125
64627 51 4319
64628 52 0
64629 53 1818
64630 54 4341
64631 55 2915
64632 56 6107
64633 57 7374
64634 58 6727
64635 59 3746
64636 60 0
64637 61 6435
64638 62 4494
64639 63 7404
64640 64 2547
64641 65 4492
64642 66 1912
64643 67 5968
64644 68 3678
64645 69 1449
64646 70 6617
64647 71 4932
64648 72 3600
64649 73 2378
64650 74 1760
64651 75 2013
64652 76 2769
64653 77 1384
64654 78 1761
64655 79 7533
64656 80 6515
64657 81 0
64658 82 1858
64659 83 4006
64660 84 1909
64661 85 3530
64662 86 4432
64663 87 3474
64664 88 6155
64665 89 3759
64666 90 6053
64667 91 2580
64668 92 2985
64669 93 1430
64670 94 3410
64671 95 3454
64672 96 3535
64673 97 3978
64674 98 2003
64675 99 4475
64676 100 4047
64677 101 2775
64678 102 5415
64679 103 2311
64680 104 4440
64681 105 4909
64682 106 6795
64683 107 3729
64684 108 2173
64685 109 3808
64686 110 2175
64687 111 3046
64688 112 6705
64689 113 6106
64690 114 2309
64691 115 4301
64692 116 3097
64693 117 2206
64694 118 3195
64695 119 2253
64696 120 4372
64697 121 1630
64698 122 5036
64699 123 4267
64700 124 5198
64701 125 3808
64702 126 6170
64703 127 4555
64704 128 2003
