2500
64577 1 1426
64578 2 5600
64579 3 2293
64580 4 4302
64581 5 1870
64582 6 5262
64583 7 3825
64584 8 5647
64585 9 2058
64586 10 6497
64587 11 5206
64588 12 0
64589 13 3458
64590 14 3900
64591 15 4318
64592 16 1991
64593 17 4153
64594 18 4206
64595 19 2335
64596 20 5737
64597 21 3861
64598 22 4591
64599 23 4501
64600 24 0
64601 25 2914
64602 26 3536
64603 27 2740
64604 28 2698
64605 29 4282
64606 30 4322
64607 31 2090
64608 32 2742
64609 33 4500
64610 34 4730
64611 35 2411
64612 36 2533
64613 37 4076
64614 38 3814
64615 39 2195
64616 40 7475
64617 41 5684
64618 42 6106
64619 43 3723
64620 44 4208
64621 45 0
64622 46 2425
64623 47 3223
64624 48 3156
64625 49 1819
64626 50 5589
64627 51 1477
64628 52 3244
64629 53 2417
64630 54 1895
64631 55 5778
64632 56 1645
64633 57 2656
64634 58 3867
64635 59 3634
64636 60 4808
64637 61 4825
64638 62 0
64639 63 7092
64640 64 3133
64641 65 5614
64642 66 1620
64643 67 2925
64644 68 2591
64645 69 4195
64646 70 6229
64647 71 0
64648 72 4225
64649 73 3311
64650 74 3826
64651 75 4529
64652 76 6899
64653 77 0
64654 78 6008
64655 79 5021
64656 80 4393
64657 81 0
64658 82 3458
64659 83 3418
64660 84 6664
64661 85 2102
64662 86 4577
64663 87 3347
64664 88 0
64665 89 5647
64666 90 6853
64667 91 1594
64668 92 4614
64669 93 6090
64670 94 0
64671 95 2242
64672 96 3251
64673 97 2637
64674 98 1631
64675 99 4725
64676 100 3231
64677 101 8952
64678 102 3360
64679 103 3186
64680 104 1957
64681 105 4208
64682 106 1992
64683 107 4518
64684 108 5265
64685 109 2415
64686 110 0
64687 111 2627
64688 112 4923
64689 113 2243
64690 114 4256
64691 115 4333
64692 116 2820
64693 117 1943
64694 118 3970
64695 119 4190
64696 120 3141
64697 121 4427
64698 122 2555
64699 123 0
64700 124 3074
64701 125 4487
64702 126 2685
64703 127 2313
64704 128 6224
64705 129 0
64706 130 2675
64707 131 3708
64708 132 4214
64709 133 2490
64710 134 4816
64711 135 1600
64712 136 6419
64713 137 2191
64714 138 2690
64715 139 4789
64716 140 2231
64717 141 2823
64718 142 2344
64719 143 2202
64720 144 2307
64721 145 2801
64722 146 3493
64723 147 3256
64724 148 4005
64725 149 0
64726 150 2627
64727 151 5084
64728 152 1872
64729 153 4422
64730 154 5480
64731 155 1699
64732 156 6364
64733 157 2428
64734 158 3256
64735 159 1643
64736 160 4133
64737 161 4428
64738 162 2751
64739 163 0
64740 164 4192
64741 165 4366
64742 166 2705
64743 167 5124
64744 168 3849
64745 169 5712
64746 170 2003
