2500
64577 1 6139
64578 2 2826
64579 3 4722
64580 4 4541
64581 5 1613
64582 6 6215
64583 7 3858
64584 8 3522
64585 9 5431
64586 10 2526
64587 11 7871
64588 12 7348
64589 13 3227
64590 14 2698
64591 15 3627
64592 16 2416
64593 17 6362
64594 18 2865
64595 19 2195
64596 20 5080
64597 21 2720
64598 22 4559
64599 23 2235
64600 24 3695
64601 25 5365
64602 26 5047
64603 27 2474
64604 28 3152
64605 29 2696
64606 30 3467
64607 31 5180
64608 32 6369
64609 33 4267
64610 34 2742
64611 35 6756
64612 36 0
64613 37 2927
64614 38 4004
64615 39 3456
64616 40 4928
64617 41 2329
64618 42 4697
64619 43 5466
64620 44 7614
64621 45 7841
64622 46 3133
64623 47 2995
64624 48 4076
64625 49 6359
64626 50 7032
64627 51 2388
64628 52 2184
64629 53 3969
64630 54 5169
64631 55 3852
64632 56 4065
64633 57 1630
64634 58 7708
64635 59 6854
64636 60 0
64637 61 3441
64638 62 5862
64639 63 5963
64640 64 5605
64641 65 2003
64642 66 4401
64643 67 3362
64644 68 3764
64645 69 6163
64646 70 6332
64647 71 6689
64648 72 5923
64649 73 2233
64650 74 6929
64651 75 3440
64652 76 3343
64653 77 3976
64654 78 3583
64655 79 7754
64656 80 4558
64657 81 3628
64658 82 2003
64659 83 1329
64660 84 3833
64661 85 3525
64662 86 5676
64663 87 1452
64664 88 4966
64665 89 2082
64666 90 4202
64667 91 5659
64668 92 3087
64669 93 0
64670 94 3051
64671 95 8411
64672 96 2603
64673 97 7666
64674 98 2676
64675 99 5292
64676 100 6619
64677 101 1911
64678 102 4271
64679 103 6783
64680 104 4701
64681 105 3889
64682 106 6581
64683 107 5368
64684 108 2398
64685 109 8683
64686 110 5302
64687 111 2292
64688 112 4454
64689 113 3855
64690 114 2595
64691 115 3066
64692 116 4601
64693 117 3415
64694 118 3714
64695 119 2450
64696 120 2968
64697 121 4589
64698 122 4215
64699 123 2183
64700 124 4076
64701 125 5930
64702 126 5605
64703 127 2382
64704 128 5198
64705 129 2315
64706 130 2206
64707 131 4643
64708 132 6815
64709 133 0
64710 134 5979
64711 135 3188
64712 136 4248
64713 137 7062
64714 138 5071
64715 139 2003
