2500
64577 1 2113
64578 2 4414
64579 3 2691
64580 4 4371
64581 5 4539
64582 6 5567
64583 7 2457
64584 8 4934
64585 9 6053
64586 10 2003
64587 11 2922
64588 12 3616
64589 13 3784
64590 14 4523
64591 15 4688
64592 16 5595
64593 17 3540
64594 18 6723
64595 19 3433
64596 20 1959
64597 21 1647
64598 22 4331
64599 23 4114
64600 24 3517
64601 25 4219
64602 26 5045
64603 27 4734
64604 28 7446
64605 29 2003
64606 30 2187
64607 31 3945
64608 32 3796
64609 33 1509
64610 34 4356
64611 35 5346
64612 36 3038
64613 37 3606
64614 38 6986
64615 39 0
64616 40 3962
64617 41 2878
64618 42 4673
64619 43 6295
64620 44 2311
64621 45 2778
64622 46 3656
64623 47 1549
64624 48 7908
64625 49 6714
64626 50 0
64627 51 5783
64628 52 2620
64629 53 5055
64630 54 4624
64631 55 5705
64632 56 2355
64633 57 3848
64634 58 6420
64635 59 2345
64636 60 8252
64637 61 2639
64638 62 3388
64639 63 2849
64640 64 5112
64641 65 4654
64642 66 6475
64643 67 5566
64644 68 5288
64645 69 1596
64646 70 2683
64647 71 4341
64648 72 6461
64649 73 2228
64650 74 3275
64651 75 8967
64652 76 1029
64653 77 2954
64654 78 4733
64655 79 2047
64656 80 2021
64657 81 4546
64658 82 2695
64659 83 4550
64660 84 2603
64661 85 5000
64662 86 4744
64663 87 6303
64664 88 8175
64665 89 3670
64666 90 3590
64667 91 6591
64668 92 7176
64669 93 3943
64670 94 3702
64671 95 2003
64672 96 3834
64673 97 10328
64674 98 2620
64675 99 7081
64676 100 2606
64677 101 8323
64678 102 3717
64679 103 2728
64680 104 3986
64681 105 0
64682 106 3506
64683 107 4541
64684 108 7508
64685 109 4545
64686 110 4112
64687 111 6237
64688 112 2003
64689 113 3537
64690 114 6012
64691 115 4283
64692 116 2348
64693 117 7365
64694 118 2531
64695 119 4710
64696 120 8218
64697 121 7064
64698 122 9078
64699 123 1838
64700 124 7150
64701 125 0
64702 126 5611
64703 127 8474
64704 128 5376
64705 129 5154
64706 130 9717
64707 131 0
64708 132 6495
64709 133 5221
64710 134 5054
64711 135 2003
