2500
64577 1 1327
64578 2 3665
64579 3 3877
64580 4 1441
64581 5 5246
64582 6 4680
64583 7 3074
64584 8 3237
64585 9 4017
64586 10 8201
64587 11 1373
64588 12 3222
64589 13 3071
64590 14 0
64591 15 2539
64592 16 7817
64593 17 1881
64594 18 6275
64595 19 3655
64596 20 3267
64597 21 5980
64598 22 2182
64599 23 2301
64600 24 3967
64601 25 7115
64602 26 1745
64603 27 4252
64604 28 4826
64605 29 7770
64606 30 5075
64607 31 4679
64608 32 6576
64609 33 2231
64610 34 5437
64611 35 2936
64612 36 1573
64613 37 4472
64614 38 2210
64615 39 3296
64616 40 5934
64617 41 3962
64618 42 5327
64619 43 2313
64620 44 6036
64621 45 5028
64622 46 5391
64623 47 4270
64624 48 6691
64625 49 5915
64626 50 5057
64627 51 2046
64628 52 3366
64629 53 4248
64630 54 4876
64631 55 5072
64632 56 3366
64633 57 5362
64634 58 4611
64635 59 1991
64636 60 4778
64637 61 4889
64638 62 3333
64639 63 5462
64640 64 0
64641 65 8314
64642 66 3149
64643 67 2337
64644 68 6863
64645 69 5375
64646 70 2291
64647 71 3543
64648 72 4072
64649 73 5177
64650 74 2639
64651 75 4808
64652 76 4052
64653 77 5159
64654 78 5511
64655 79 2347
64656 80 5808
64657 81 5779
64658 82 2273
64659 83 5682
64660 84 4869
64661 85 1698
64662 86 3691
64663 87 3741
64664 88 4824
64665 89 2287
64666 90 2943
64667 91 4703
64668 92 2559
64669 93 6184
64670 94 2304
64671 95 1898
64672 96 3751
64673 97 0
64674 98 5252
64675 99 6546
64676 100 5447
64677 101 5412
64678 102 2152
64679 103 3702
64680 104 5982
64681 105 4121
64682 106 2216
64683 107 3817
64684 108 5311
64685 109 3780
64686 110 6842
64687 111 6412
64688 112 2215
64689 113 8221
64690 114 4347
64691 115 5858
64692 116 2425
64693 117 3595
64694 118 2481
64695 119 7571
64696 120 0
64697 121 4066
64698 122 4215
64699 123 4232
64700 124 5663
64701 125 2099
64702 126 3403
64703 127 3573
64704 128 4794
64705 129 2781
64706 130 3217
64707 131 3682
64708 132 5727
64709 133 4176
64710 134 4638
64711 135 0
64712 136 5751
64713 137 5355
64714 138 2718
64715 139 5943
64716 140 0
64717 141 6867
64718 142 5544
64719 143 2003
