2500
64577 1 2674
64578 2 6569
64579 3 5063
64580 4 2027
64581 5 5405
64582 6 5178
64583 7 6611
64584 8 5525
64585 9 1989
64586 10 4029
64587 11 8265
64588 12 2683
64589 13 7580
64590 14 2459
64591 15 5548
64592 16 6194
64593 17 3174
64594 18 4685
64595 19 4984
64596 20 5857
64597 21 2277
64598 22 3892
64599 23 4726
64600 24 4218
64601 25 5464
64602 26 6127
64603 27 5046
64604 28 4086
64605 29 7524
64606 30 4333
64607 31 2357
64608 32 4600
64609 33 5202
64610 34 2375
64611 35 4306
64612 36 5134
64613 37 4120
64614 38 5915
64615 39 7961
64616 40 7083
64617 41 2003
64618 42 4041
64619 43 2905
64620 44 2684
64621 45 6759
64622 46 5232
64623 47 6061
64624 48 6246
64625 49 4732
64626 50 4050
64627 51 0
64628 52 6264
64629 53 8782
64630 54 4747
64631 55 3869
64632 56 2282
64633 57 4007
64634 58 5167
64635 59 7791
64636 60 4238
64637 61 6127
64638 62 4421
64639 63 3115
64640 64 5123
64641 65 2523
64642 66 5829
64643 67 5368
64644 68 1434
64645 69 6550
64646 70 0
64647 71 6566
64648 72 4331
64649 73 4922
64650 74 2189
64651 75 3544
64652 76 1977
64653 77 2149
64654 78 5712
64655 79 3366
64656 80 6599
64657 81 3705
64658 82 4894
64659 83 0
64660 84 3073
64661 85 6474
64662 86 4974
64663 87 0
64664 88 2710
64665 89 6356
64666 90 1461
64667 91 7057
64668 92 4397
64669 93 2288
64670 94 2782
64671 95 3300
64672 96 1897
64673 97 6570
64674 98 2446
64675 99 5009
64676 100 4565
64677 101 5963
64678 102 3739
64679 103 2888
64680 104 5231
64681 105 1956
64682 106 2331
64683 107 4886
64684 108 5981
64685 109 2872
64686 110 6867
64687 111 3276
64688 112 2047
64689 113 5830
64690 114 5280
64691 115 0
64692 116 6583
64693 117 6122
64694 118 3588
64695 119 4969
64696 120 5748
64697 121 2243
64698 122 4036
64699 123 5840
64700 124 2193
64701 125 4276
64702 126 2411
64703 127 3762
64704 128 4497
64705 129 4962
64706 130 5087
64707 131 4899
64708 132 4208
64709 133 7037
64710 134 2003
