2500
64577 1 1385
64578 2 5553
64579 3 2105
64580 4 8086
64581 5 6875
64582 6 1480
64583 7 6823
64584 8 0
64585 9 2222
64586 10 2231
64587 11 2176
64588 12 6478
64589 13 2136
64590 14 2099
64591 15 4258
64592 16 5233
64593 17 2288
64594 18 1773
64595 19 1297
64596 20 2625
64597 21 3261
64598 22 4723
64599 23 2591
64600 24 4037
64601 25 2433
64602 26 3384
64603 27 5828
64604 28 4607
64605 29 1429
64606 30 4946
64607 31 5735
64608 32 3208
64609 33 3635
64610 34 2124
64611 35 2087
64612 36 5077
64613 37 4173
64614 38 3739
64615 39 4835
64616 40 2199
64617 41 2990
64618 42 3935
64619 43 5162
64620 44 2757
64621 45 3435
64622 46 4628
64623 47 4965
64624 48 5212
64625 49 5768
64626 50 5365
64627 51 4251
64628 52 2217
64629 53 3406
64630 54 4149
64631 55 4537
64632 56 4714
64633 57 4105
64634 58 2659
64635 59 4912
64636 60 6909
64637 61 0
64638 62 4455
64639 63 2292
64640 64 5667
64641 65 2752
64642 66 5135
64643 67 1856
64644 68 5437
64645 69 2946
64646 70 4283
64647 71 3833
64648 72 6968
64649 73 2879
64650 74 4635
64651 75 4002
64652 76 6137
64653 77 6465
64654 78 2150
64655 79 3519
64656 80 5502
64657 81 4047
64658 82 6411
64659 83 3466
64660 84 5480
64661 85 4924
64662 86 2701
64663 87 7480
64664 88 2285
64665 89 2405
64666 90 3838
64667 91 4335
64668 92 1849
64669 93 5108
64670 94 3724
64671 95 4031
64672 96 2192
64673 97 2377
64674 98 2759
64675 99 6493
64676 100 6429
64677 101 2754
64678 102 5430
64679 103 6759
64680 104 2141
64681 105 1173
64682 106 3138
64683 107 4397
64684 108 3776
64685 109 6924
64686 110 2934
64687 111 4314
64688 112 4720
64689 113 4946
64690 114 3896
64691 115 5276
64692 116 5477
64693 117 5664
64694 118 4400
64695 119 5544
64696 120 6684
64697 121 2191
64698 122 2880
64699 123 3974
64700 124 4041
64701 125 2015
64702 126 3366
64703 127 2856
64704 128 5764
64705 129 3733
64706 130 6093
64707 131 0
64708 132 6426
64709 133 3381
64710 134 3517
64711 135 2213
64712 136 6426
64713 137 2280
64714 138 2795
64715 139 2644
64716 140 1596
64717 141 1509
64718 142 6004
64719 143 2497
64720 144 4980
64721 145 0
64722 146 3663
64723 147 4891
64724 148 2728
64725 149 3487
64726 150 5473
64727 151 2003
