2500
64577 1 2714
64578 2 7612
64579 3 2754
64580 4 4731
64581 5 5333
64582 6 2166
64583 7 2142
64584 8 1730
64585 9 7053
64586 10 3157
64587 11 2535
64588 12 2728
64589 13 2693
64590 14 2564
64591 15 3588
64592 16 1831
64593 17 4200
64594 18 2651
64595 19 3433
64596 20 5599
64597 21 2433
64598 22 4857
64599 23 2264
64600 24 3740
64601 25 4096
64602 26 1695
64603 27 5091
64604 28 6097
64605 29 6809
64606 30 0
64607 31 6208
64608 32 2625
64609 33 5033
64610 34 6227
64611 35 4774
64612 36 2321
64613 37 3995
64614 38 3817
64615 39 7410
64616 40 5888
64617 41 2694
64618 42 5729
64619 43 2038
64620 44 4120
64621 45 3332
64622 46 2355
64623 47 5672
64624 48 2362
64625 49 5662
64626 50 0
64627 51 4846
64628 52 3859
64629 53 2587
64630 54 4716
64631 55 2171
64632 56 2662
64633 57 3704
64634 58 3395
64635 59 6747
64636 60 0
64637 61 5862
64638 62 3203
64639 63 2355
64640 64 5898
64641 65 5122
64642 66 2560
64643 67 4855
64644 68 6388
64645 69 4266
64646 70 1265
64647 71 2145
64648 72 4463
64649 73 4047
64650 74 4642
64651 75 1571
64652 76 5894
64653 77 4661
64654 78 5355
64655 79 3062
64656 80 4594
64657 81 5210
64658 82 4215
64659 83 2167
64660 84 2887
64661 85 4141
64662 86 4361
64663 87 3948
64664 88 6075
64665 89 4513
64666 90 3444
64667 91 2790
64668 92 1934
64669 93 6146
64670 94 1638
64671 95 3233
64672 96 5866
64673 97 2483
64674 98 3882
64675 99 4652
64676 100 4029
64677 101 5411
64678 102 2246
64679 103 5681
64680 104 3636
64681 105 3098
64682 106 7382
64683 107 9241
64684 108 3229
64685 109 4164
64686 110 2139
64687 111 4904
64688 112 7623
64689 113 5177
64690 114 5711
64691 115 5243
64692 116 2266
64693 117 6356
64694 118 5656
64695 119 3416
64696 120 5068
64697 121 2693
64698 122 4928
64699 123 4274
64700 124 0
64701 125 2387
64702 126 5161
64703 127 5037
64704 128 4231
64705 129 1885
64706 130 3378
64707 131 5926
64708 132 6613
64709 133 6436
64710 134 2213
64711 135 6156
64712 136 2534
64713 137 4831
64714 138 1538
64715 139 5204
64716 140 2500
64717 141 5740
64718 142 6178
64719 143 4387
64720 144 3121
64721 145 3534
64722 146 2003
