2500
64577 1 4851
64578 2 1623
64579 3 5329
64580 4 2047
64581 5 2409
64582 6 3385
64583 7 4580
64584 8 2597
64585 9 6791
64586 10 5139
64587 11 2795
64588 12 4218
64589 13 2576
64590 14 2487
64591 15 5329
64592 16 2334
64593 17 6401
64594 18 0
64595 19 3647
64596 20 5357
64597 21 3944
64598 22 3216
64599 23 4582
64600 24 2301
64601 25 6322
64602 26 1626
64603 27 6582
64604 28 2921
64605 29 6587
64606 30 5139
64607 31 4077
64608 32 4829
64609 33 1915
64610 34 2669
64611 35 2094
64612 36 3371
64613 37 6333
64614 38 4817
64615 39 4540
64616 40 4647
64617 41 7392
64618 42 4319
64619 43 2914
64620 44 7452
64621 45 7545
64622 46 0
64623 47 6520
64624 48 2623
64625 49 5323
64626 50 5315
64627 51 2203
64628 52 3538
64629 53 4641
64630 54 5884
64631 55 4917
64632 56 3493
64633 57 3500
64634 58 2501
64635 59 3008
64636 60 4311
64637 61 2119
64638 62 6545
64639 63 1579
64640 64 8143
64641 65 4614
64642 66 2953
64643 67 3436
64644 68 4865
64645 69 3773
64646 70 6618
64647 71 2237
64648 72 7146
64649 73 2579
64650 74 7031
64651 75 4683
64652 76 4604
64653 77 1485
64654 78 4793
64655 79 4873
64656 80 4180
64657 81 6873
64658 82 2160
64659 83 4724
64660 84 5248
64661 85 3399
64662 86 3465
64663 87 2222
64664 88 2708
64665 89 6301
64666 90 6544
64667 91 3112
64668 92 5491
64669 93 5598
64670 94 8049
64671 95 4684
64672 96 2271
64673 97 5133
64674 98 7030
64675 99 4886
64676 100 2462
64677 101 4616
64678 102 7974
64679 103 3555
64680 104 5582
64681 105 6777
64682 106 2120
64683 107 8216
64684 108 4399
64685 109 0
64686 110 6978
64687 111 6878
64688 112 6722
64689 113 2178
64690 114 2219
64691 115 1607
64692 116 4392
64693 117 5461
64694 118 2247
64695 119 3011
64696 120 6947
64697 121 1738
64698 122 2870
64699 123 6198
64700 124 5075
64701 125 6807
64702 126 3966
64703 127 2003
