2500
64577 1 4043
64578 2 2103
64579 3 3026
64580 4 3717
64581 5 5549
64582 6 4590
64583 7 2070
64584 8 3886
64585 9 3516
64586 10 4739
64587 11 2059
64588 12 4378
64589 13 5465
64590 14 1955
64591 15 2182
64592 16 2588
64593 17 3023
64594 18 4213
64595 19 2193
64596 20 5446
64597 21 3426
64598 22 4403
64599 23 5354
64600 24 1990
64601 25 6321
64602 26 2221
64603 27 2242
64604 28 4500
64605 29 2375
64606 30 2033
64607 31 2305
64608 32 4637
64609 33 5030
64610 34 2132
64611 35 3443
64612 36 3061
64613 37 6437
64614 38 2335
64615 39 2161
64616 40 4201
64617 41 7141
64618 42 3760
64619 43 1016
64620 44 3587
64621 45 2407
64622 46 8225
64623 47 2282
64624 48 2543
64625 49 2585
64626 50 2212
64627 51 4348
64628 52 1959
64629 53 2988
64630 54 2849
64631 55 1416
64632 56 2623
64633 57 2866
64634 58 3646
64635 59 1747
64636 60 2061
64637 61 1926
64638 62 3046
64639 63 3765
64640 64 0
64641 65 1974
64642 66 3353
64643 67 7141
64644 68 5709
64645 69 2228
64646 70 2741
64647 71 3168
64648 72 2310
64649 73 4279
64650 74 4845
64651 75 2277
64652 76 2242
64653 77 3749
64654 78 3438
64655 79 4210
64656 80 1707
64657 81 2981
64658 82 4041
64659 83 6679
64660 84 2399
64661 85 2691
64662 86 4827
64663 87 0
64664 88 2211
64665 89 4913
64666 90 2220
64667 91 2846
64668 92 2958
64669 93 2687
64670 94 4902
64671 95 1724
64672 96 6066
64673 97 2402
64674 98 5515
64675 99 5818
64676 100 2509
64677 101 5144
64678 102 5188
64679 103 4933
64680 104 2555
64681 105 5277
64682 106 2228
64683 107 3812
64684 108 2692
64685 109 3551
64686 110 5184
64687 111 1907
64688 112 7692
64689 113 2173
64690 114 2277
64691 115 3441
64692 116 0
64693 117 4823
64694 118 5322
64695 119 0
64696 120 2521
64697 121 4476
64698 122 8454
64699 123 2348
64700 124 3069
64701 125 4870
64702 126 4087
64703 127 2304
64704 128 4627
64705 129 2775
64706 130 6103
64707 131 2260
64708 132 1954
64709 133 4201
64710 134 3302
64711 135 2162
64712 136 5554
64713 137 2276
64714 138 2810
64715 139 2115
64716 140 4019
64717 141 3898
64718 142 4269
64719 143 5181
64720 144 3131
64721 145 2246
64722 146 4363
64723 147 4856
64724 148 2125
64725 149 5914
64726 150 5168
64727 151 3410
64728 152 4823
64729 153 4065
64730 154 2409
64731 155 9347
64732 156 2003
