2500
64577 1 2637
64578 2 4190
64579 3 2371
64580 4 2708
64581 5 2279
64582 6 6086
64583 7 2234
64584 8 5607
64585 9 3999
64586 10 2315
64587 11 5017
64588 12 4068
64589 13 1875
64590 14 2728
64591 15 3864
64592 16 5330
64593 17 2243
64594 18 7212
64595 19 2350
64596 20 5605
64597 21 4143
64598 22 3545
64599 23 2508
64600 24 1799
64601 25 4978
64602 26 2007
64603 27 6109
64604 28 2222
64605 29 2228
64606 30 4174
64607 31 2149
64608 32 2466
64609 33 5170
64610 34 2318
64611 35 2612
64612 36 2603
64613 37 7027
64614 38 6265
64615 39 2507
64616 40 4750
64617 41 0
64618 42 1710
64619 43 4568
64620 44 4876
64621 45 2215
64622 46 2313
64623 47 2662
64624 48 4499
64625 49 2227
64626 50 7220
64627 51 2221
64628 52 2466
64629 53 3546
64630 54 3900
64631 55 6110
64632 56 5648
64633 57 2220
64634 58 2461
64635 59 2402
64636 60 6133
64637 61 4442
64638 62 4580
64639 63 4723
64640 64 6342
64641 65 2307
64642 66 2686
64643 67 2859
64644 68 6481
64645 69 7044
64646 70 2571
64647 71 4805
64648 72 0
64649 73 1622
64650 74 3836
64651 75 4887
64652 76 2382
64653 77 2584
64654 78 2490
64655 79 5083
64656 80 3439
64657 81 4349
64658 82 7223
64659 83 3796
64660 84 7795
64661 85 2266
64662 86 2816
64663 87 2483
64664 88 4571
64665 89 4539
64666 90 4035
64667 91 2483
64668 92 2777
64669 93 2997
64670 94 2221
64671 95 2340
64672 96 5756
64673 97 2370
64674 98 7728
64675 99 2380
64676 100 4177
64677 101 5172
64678 102 2700
64679 103 2750
64680 104 5472
64681 105 4225
64682 106 2003
64683 107 4257
64684 108 3891
64685 109 2575
64686 110 2492
64687 111 4883
64688 112 7341
64689 113 2360
64690 114 2568
64691 115 4139
64692 116 4557
64693 117 2445
64694 118 3850
64695 119 4939
64696 120 4166
64697 121 2278
64698 122 4014
64699 123 1865
64700 124 5934
64701 125 2603
64702 126 7311
64703 127 6391
64704 128 3590
64705 129 5728
64706 130 2189
64707 131 3238
64708 132 3343
64709 133 3854
64710 134 4065
64711 135 1658
64712 136 5396
64713 137 5729
64714 138 2072
64715 139 4357
64716 140 4119
64717 141 4995
64718 142 4551
64719 143 2290
64720 144 5035
64721 145 5578
64722 146 6249
64723 147 3071
64724 148 5455
64725 149 2067
64726 150 3653
64727 151 4401
64728 152 2656
64729 153 2731
64730 154 7110
64731 155 2003
