2500
64577 1 3280
64578 2 3023
64579 3 5538
64580 4 1726
64581 5 3596
64582 6 1864
64583 7 6107
64584 8 2313
64585 9 3174
64586 10 3332
64587 11 5292
64588 12 2626
64589 13 5844
64590 14 2380
64591 15 1897
64592 16 3915
64593 17 1587
64594 18 2681
64595 19 3044
64596 20 6407
64597 21 2359
64598 22 3088
64599 23 3183
64600 24 3841
64601 25 2352
64602 26 2685
64603 27 6583
64604 28 2243
64605 29 2355
64606 30 2767
64607 31 4192
64608 32 3326
64609 33 1768
64610 34 2811
64611 35 4351
64612 36 2296
64613 37 3845
64614 38 6046
64615 39 6776
64616 40 3857
64617 41 3626
64618 42 6349
64619 43 2354
64620 44 4174
64621 45 5618
64622 46 2279
64623 47 3920
64624 48 3980
64625 49 4636
64626 50 2432
64627 51 2546
64628 52 4517
64629 53 1585
64630 54 7489
64631 55 2174
64632 56 3779
64633 57 5817
64634 58 5676
64635 59 2202
64636 60 3061
64637 61 3515
64638 62 3754
64639 63 7293
64640 64 2003
64641 65 3016
64642 66 4194
64643 67 5494
64644 68 2317
64645 69 2514
64646 70 4969
64647 71 2282
64648 72 3020
64649 73 1899
64650 74 4156
64651 75 2466
64652 76 0
64653 77 3031
64654 78 5434
64655 79 3757
64656 80 4679
64657 81 4853
64658 82 5256
64659 83 5137
64660 84 0
64661 85 5680
64662 86 4163
64663 87 5674
64664 88 2353
64665 89 4388
64666 90 8419
64667 91 5344
64668 92 2274
64669 93 3166
64670 94 1484
64671 95 3749
64672 96 0
64673 97 2440
64674 98 2341
64675 99 2743
64676 100 6081
64677 101 1963
64678 102 1989
64679 103 3626
64680 104 1764
64681 105 3123
64682 106 1840
64683 107 2617
64684 108 5846
64685 109 2470
64686 110 3296
64687 111 2512
64688 112 6955
64689 113 2228
64690 114 1061
64691 115 5066
64692 116 2472
64693 117 4187
64694 118 1873
64695 119 2943
64696 120 4888
64697 121 5244
64698 122 5400
64699 123 2158
64700 124 5018
64701 125 4665
64702 126 1542
64703 127 5626
64704 128 6058
64705 129 1914
64706 130 2355
64707 131 4540
64708 132 5468
64709 133 4624
64710 134 2270
64711 135 4234
64712 136 1862
64713 137 5986
64714 138 2168
64715 139 2828
64716 140 4504
64717 141 5470
64718 142 2275
64719 143 7219
64720 144 2173
64721 145 4494
64722 146 4953
64723 147 2196
64724 148 4786
64725 149 4903
64726 150 4338
64727 151 2003
64728 152 4809
64729 153 0
64730 154 6875
64731 155 2402
64732 156 6701
64733 157 2250
64734 158 7692
64735 159 6330
64736 160 2003
