2500
64577 1 2958
64578 2 5189
64579 3 5055
64580 4 4377
64581 5 5226
64582 6 9330
64583 7 6717
64584 8 1547
64585 9 6745
64586 10 6838
64587 11 0
64588 12 2558
64589 13 7974
64590 14 4327
64591 15 6255
64592 16 0
64593 17 2708
64594 18 3980
64595 19 3400
64596 20 2897
64597 21 3139
64598 22 5198
64599 23 0
64600 24 2592
64601 25 5837
64602 26 4649
64603 27 2853
64604 28 4413
64605 29 0
64606 30 5008
64607 31 4491
64608 32 2515
64609 33 4552
64610 34 2808
64611 35 2912
64612 36 4131
64613 37 2067
64614 38 5425
64615 39 5292
64616 40 5049
64617 41 2559
64618 42 0
64619 43 4508
64620 44 2626
64621 45 5275
64622 46 1712
64623 47 2372
64624 48 3331
64625 49 3639
64626 50 3762
64627 51 2146
64628 52 2525
64629 53 5137
64630 54 5230
64631 55 4617
64632 56 5734
64633 57 2642
64634 58 7815
64635 59 1750
64636 60 5895
64637 61 6342
64638 62 2409
64639 63 5003
64640 64 4073
64641 65 7206
64642 66 0
64643 67 3111
64644 68 4608
64645 69 2378
64646 70 1106
64647 71 2779
64648 72 3483
64649 73 3527
64650 74 3258
64651 75 4142
64652 76 4180
64653 77 0
64654 78 3833
64655 79 3193
64656 80 4893
64657 81 5392
64658 82 0
64659 83 3125
64660 84 3312
64661 85 3925
64662 86 1580
64663 87 5039
64664 88 2172
64665 89 1118
64666 90 6475
64667 91 5724
64668 92 5361
64669 93 4389
64670 94 5165
64671 95 0
64672 96 3069
64673 97 2804
64674 98 1746
64675 99 2925
64676 100 6759
64677 101 0
64678 102 3292
64679 103 5389
64680 104 1917
64681 105 5844
64682 106 6581
64683 107 7517
64684 108 0
64685 109 1734
64686 110 5241
64687 111 3720
64688 112 2494
64689 113 5495
64690 114 0
64691 115 1702
64692 116 4536
64693 117 3450
64694 118 5398
64695 119 2375
64696 120 4129
64697 121 1845
64698 122 5107
64699 123 0
64700 124 3108
64701 125 5201
64702 126 2951
64703 127 3114
64704 128 0
64705 129 2318
64706 130 2923
64707 131 5260
64708 132 2244
64709 133 4692
64710 134 4605
64711 135 5625
64712 136 1823
64713 137 4411
64714 138 4750
64715 139 0
64716 140 2442
64717 141 4104
64718 142 1865
64719 143 7803
64720 144 4559
64721 145 1820
64722 146 4358
64723 147 4224
64724 148 2452
64725 149 6133
64726 150 1799
64727 151 4084
64728 152 6703
64729 153 0
64730 154 4242
64731 155 2382
64732 156 5075
64733 157 1751
64734 158 2323
64735 159 2314
64736 160 5177
64737 161 3684
64738 162 2003
