2500
64577 1 3283
64578 2 3393
64579 3 6718
64580 4 2835
64581 5 6772
64582 6 4322
64583 7 2438
64584 8 7048
64585 9 2003
64586 10 2127
64587 11 2804
64588 12 0
64589 13 2338
64590 14 3065
64591 15 3035
64592 16 6770
64593 17 2331
64594 18 6342
64595 19 2715
64596 20 6089
64597 21 1591
64598 22 4875
64599 23 5879
64600 24 4778
64601 25 0
64602 26 5203
64603 27 3158
64604 28 2501
64605 29 2186
64606 30 5089
64607 31 5630
64608 32 2155
64609 33 5315
64610 34 1873
64611 35 6341
64612 36 2171
64613 37 5646
64614 38 4310
64615 39 3237
64616 40 3610
64617 41 4604
64618 42 2289
64619 43 2278
64620 44 4590
64621 45 7007
64622 46 1965
64623 47 2209
64624 48 2129
64625 49 4485
64626 50 4501
64627 51 0
64628 52 2685
64629 53 5050
64630 54 7206
64631 55 5925
64632 56 2156
64633 57 3237
64634 58 3869
64635 59 2639
64636 60 5168
64637 61 6542
64638 62 2003
64639 63 3749
64640 64 4821
64641 65 2078
64642 66 6085
64643 67 1884
64644 68 1679
64645 69 2319
64646 70 4298
64647 71 5359
64648 72 1426
64649 73 5689
64650 74 2109
64651 75 3259
64652 76 4611
64653 77 6274
64654 78 4203
64655 79 2736
64656 80 8419
64657 81 2123
64658 82 2562
64659 83 2587
64660 84 7552
64661 85 1964
64662 86 5361
64663 87 2123
64664 88 1368
64665 89 7190
64666 90 1475
64667 91 6895
64668 92 2250
64669 93 3001
64670 94 2043
64671 95 4589
64672 96 5106
64673 97 4923
64674 98 6136
64675 99 2125
64676 100 2803
64677 101 5547
64678 102 1190
64679 103 4412
64680 104 6098
64681 105 2147
64682 106 3625
64683 107 9087
64684 108 7225
64685 109 2290
64686 110 3857
64687 111 3159
64688 112 1536
64689 113 2364
64690 114 2754
64691 115 6243
64692 116 1988
64693 117 3978
64694 118 4932
64695 119 2758
64696 120 5131
64697 121 2329
64698 122 4685
64699 123 2305
64700 124 6370
64701 125 6544
64702 126 2237
64703 127 3307
64704 128 5946
64705 129 2997
64706 130 5544
64707 131 2203
64708 132 4386
64709 133 5916
64710 134 2149
64711 135 5210
64712 136 2392
64713 137 5040
64714 138 4216
64715 139 1829
64716 140 4329
64717 141 1753
64718 142 6414
64719 143 2811
64720 144 4220
64721 145 2132
64722 146 3026
64723 147 3191
64724 148 1898
64725 149 4407
64726 150 6420
64727 151 9134
64728 152 2003
