2500
64577 1 5256
64578 2 1647
64579 3 4142
64580 4 4299
64581 5 1353
64582 6 5909
64583 7 2227
64584 8 5387
64585 9 2125
64586 10 3516
64587 11 3601
64588 12 4538
64589 13 2268
64590 14 3842
64591 15 2957
64592 16 2288
64593 17 3143
64594 18 2259
64595 19 6724
64596 20 2279
64597 21 2710
64598 22 4028
64599 23 2149
64600 24 5285
64601 25 2092
64602 26 2599
64603 27 1460
64604 28 3460
64605 29 3073
64606 30 2682
64607 31 3380
64608 32 1948
64609 33 2491
64610 34 2249
64611 35 1994
64612 36 2399
64613 37 4187
64614 38 4590
64615 39 2289
64616 40 5358
64617 41 3561
64618 42 6053
64619 43 2239
64620 44 4993
64621 45 5128
64622 46 5144
64623 47 2203
64624 48 3552
64625 49 3400
64626 50 2331
64627 51 837
64628 52 3286
64629 53 5387
64630 54 2120
64631 55 2241
64632 56 2714
64633 57 2592
64634 58 2353
64635 59 6224
64636 60 1489
64637 61 6758
64638 62 2185
64639 63 5610
64640 64 3293
64641 65 2046
64642 66 6220
64643 67 2332
64644 68 4657
64645 69 4828
64646 70 5474
64647 71 2342
64648 72 3220
64649 73 3402
64650 74 3003
64651 75 7786
64652 76 2373
64653 77 3348
64654 78 2243
64655 79 4577
64656 80 1581
64657 81 4519
64658 82 3863
64659 83 2084
64660 84 2048
64661 85 5060
64662 86 3469
64663 87 6369
64664 88 2345
64665 89 3019
64666 90 3960
64667 91 2301
64668 92 7691
64669 93 2239
64670 94 2074
64671 95 1756
64672 96 2435
64673 97 5730
64674 98 2199
64675 99 2345
64676 100 4556
64677 101 3844
64678 102 2118
64679 103 2423
64680 104 1913
64681 105 1475
64682 106 3337
64683 107 4634
64684 108 1929
64685 109 6855
64686 110 2028
64687 111 2145
64688 112 1926
64689 113 2913
64690 114 3816
64691 115 0
64692 116 1989
64693 117 3990
64694 118 6433
64695 119 5608
64696 120 2281
64697 121 2981
64698 122 3380
64699 123 2462
64700 124 4161
64701 125 5443
64702 126 1900
64703 127 4662
64704 128 2657
64705 129 2667
64706 130 7144
64707 131 1824
64708 132 1842
64709 133 2792
64710 134 3118
64711 135 4407
64712 136 2592
64713 137 2288
64714 138 5852
64715 139 2003
64716 140 2464
64717 141 2550
64718 142 4422
64719 143 3546
64720 144 2207
64721 145 4313
64722 146 2667
64723 147 6397
64724 148 2248
64725 149 2794
64726 150 5889
64727 151 3284
64728 152 2407
64729 153 2336
64730 154 0
64731 155 2439
64732 156 3699
64733 157 2525
64734 158 2754
64735 159 2914
64736 160 7052
64737 161 2253
64738 162 4882
64739 163 2712
64740 164 6950
64741 165 2168
64742 166 1170
64743 167 3613
64744 168 4401
64745 169 3800
64746 170 7305
64747 171 7586
64748 172 2003
