2500
64577 1 2697
64578 2 2553
64579 3 3887
64580 4 2638
64581 5 5799
64582 6 5835
64583 7 1788
64584 8 1877
64585 9 5664
64586 10 2104
64587 11 2351
64588 12 2214
64589 13 0
64590 14 1370
64591 15 6190
64592 16 2202
64593 17 2562
64594 18 1377
64595 19 4419
64596 20 6985
64597 21 1764
64598 22 2208
64599 23 1692
64600 24 2358
64601 25 2785
64602 26 3346
64603 27 2078
64604 28 3109
64605 29 2592
64606 30 1274
64607 31 3853
64608 32 4651
64609 33 5489
64610 34 3714
64611 35 7929
64612 36 2132
64613 37 2353
64614 38 2440
64615 39 2373
64616 40 3022
64617 41 5191
64618 42 2191
64619 43 4597
64620 44 3192
64621 45 4791
64622 46 3757
64623 47 4314
64624 48 3002
64625 49 2737
64626 50 2289
64627 51 7336
64628 52 2225
64629 53 5465
64630 54 3133
64631 55 3242
64632 56 1600
64633 57 4361
64634 58 6720
64635 59 2241
64636 60 1552
64637 61 4397
64638 62 2844
64639 63 5627
64640 64 1797
64641 65 2189
64642 66 2008
64643 67 4000
64644 68 4041
64645 69 0
64646 70 2674
64647 71 5481
64648 72 6127
64649 73 5331
64650 74 2361
64651 75 2890
64652 76 3535
64653 77 2444
64654 78 4688
64655 79 5456
64656 80 1967
64657 81 4524
64658 82 2278
64659 83 6880
64660 84 1780
64661 85 1823
64662 86 2454
64663 87 2786
64664 88 4292
64665 89 3039
64666 90 2111
64667 91 4740
64668 92 1920
64669 93 2550
64670 94 2714
64671 95 4453
64672 96 3593
64673 97 2240
64674 98 4424
64675 99 2724
64676 100 7077
64677 101 2249
64678 102 3133
64679 103 5884
64680 104 3609
64681 105 2517
64682 106 2683
64683 107 0
64684 108 2443
64685 109 4062
64686 110 2465
64687 111 2474
64688 112 2855
64689 113 6380
64690 114 2180
64691 115 4793
64692 116 3489
64693 117 2457
64694 118 3518
64695 119 5688
64696 120 2147
64697 121 8014
64698 122 5117
64699 123 6658
64700 124 6251
64701 125 2003
64702 126 2862
64703 127 5665
64704 128 5393
64705 129 6448
64706 130 2366
64707 131 4591
64708 132 2703
64709 133 6890
64710 134 2003
64711 135 4913
64712 136 4267
64713 137 6964
64714 138 2531
64715 139 6298
64716 140 2276
64717 141 3816
64718 142 4017
64719 143 4248
64720 144 2222
64721 145 5869
64722 146 5644
64723 147 1818
64724 148 2704
64725 149 4186
64726 150 4826
64727 151 4716
64728 152 2522
64729 153 4774
64730 154 2308
64731 155 3172
64732 156 3758
64733 157 4536
64734 158 6444
64735 159 1639
64736 160 1526
64737 161 3324
64738 162 3206
64739 163 7235
64740 164 2003
