2500
64577 1 2207
64578 2 2767
64579 3 2298
64580 4 3417
64581 5 5830
64582 6 2097
64583 7 2280
64584 8 2951
64585 9 7427
64586 10 2260
64587 11 5420
64588 12 7367
64589 13 0
64590 14 2035
64591 15 2022
64592 16 3200
64593 17 4050
64594 18 0
64595 19 2145
64596 20 3677
64597 21 6983
64598 22 5587
64599 23 2003
64600 24 2875
64601 25 3548
64602 26 2231
64603 27 4571
64604 28 5156
64605 29 1378
64606 30 5069
64607 31 3351
64608 32 7480
64609 33 1844
64610 34 1530
64611 35 2460
64612 36 2834
64613 37 4648
64614 38 4149
64615 39 2281
64616 40 4728
64617 41 1895
64618 42 2702
64619 43 2727
64620 44 4586
64621 45 4049
64622 46 2003
64623 47 4488
64624 48 2630
64625 49 7483
64626 50 2280
64627 51 2894
64628 52 5555
64629 53 3686
64630 54 2150
64631 55 2223
64632 56 0
64633 57 2177
64634 58 3695
64635 59 2268
64636 60 2647
64637 61 2727
64638 62 6469
64639 63 2257
64640 64 7781
64641 65 1966
64642 66 1586
64643 67 3796
64644 68 5456
64645 69 2003
64646 70 1601
64647 71 5075
64648 72 6033
64649 73 2291
64650 74 5448
64651 75 4987
64652 76 5238
64653 77 6288
64654 78 2003
64655 79 7473
64656 80 2465
64657 81 5270
64658 82 3656
64659 83 5642
64660 84 2236
64661 85 4179
64662 86 2728
64663 87 5803
64664 88 2263
64665 89 2654
64666 90 5036
64667 91 2052
64668 92 7282
64669 93 1898
64670 94 4242
64671 95 7036
64672 96 1706
64673 97 5093
64674 98 2539
64675 99 7263
64676 100 2200
64677 101 3013
64678 102 3727
64679 103 2855
64680 104 2380
64681 105 8758
64682 106 2232
64683 107 1695
64684 108 2596
64685 109 2363
64686 110 2756
64687 111 4121
64688 112 2971
64689 113 4039
64690 114 2342
64691 115 6016
64692 116 2326
64693 117 7637
64694 118 2176
64695 119 2321
64696 120 3979
64697 121 3219
64698 122 2016
64699 123 4083
64700 124 3576
64701 125 3835
64702 126 2748
64703 127 5112
64704 128 2169
64705 129 2587
64706 130 5511
64707 131 4265
64708 132 5621
64709 133 4535
64710 134 2581
64711 135 4559
64712 136 2331
64713 137 7361
64714 138 7827
64715 139 5617
64716 140 2178
64717 141 6116
64718 142 6118
64719 143 0
64720 144 2233
64721 145 2005
64722 146 3270
64723 147 4172
64724 148 0
64725 149 2405
64726 150 4828
64727 151 6909
64728 152 6003
64729 153 2206
64730 154 3038
64731 155 5100
64732 156 2659
64733 157 5625
64734 158 5551
64735 159 2003
