2500
64577 1 4820
64578 2 2546
64579 3 2865
64580 4 6699
64581 5 1962
64582 6 1792
64583 7 2548
64584 8 2609
64585 9 4037
64586 10 2881
64587 11 2231
64588 12 4102
64589 13 1710
64590 14 2627
64591 15 5209
64592 16 4202
64593 17 3459
64594 18 2225
64595 19 4500
64596 20 2567
64597 21 7468
64598 22 2171
64599 23 2963
64600 24 7651
64601 25 3700
64602 26 2375
64603 27 2380
64604 28 0
64605 29 2481
64606 30 4349
64607 31 2637
64608 32 2597
64609 33 2874
64610 34 5843
64611 35 2003
64612 36 4442
64613 37 5374
64614 38 2094
64615 39 5843
64616 40 2226
64617 41 6342
64618 42 1524
64619 43 3351
64620 44 4938
64621 45 3180
64622 46 2438
64623 47 5700
64624 48 0
64625 49 2433
64626 50 3429
64627 51 2708
64628 52 4817
64629 53 2227
64630 54 3277
64631 55 2640
64632 56 1209
64633 57 3317
64634 58 4585
64635 59 5124
64636 60 2387
64637 61 7822
64638 62 2237
64639 63 2325
64640 64 2505
64641 65 5761
64642 66 2476
64643 67 6331
64644 68 2003
64645 69 2708
64646 70 3391
64647 71 4355
64648 72 2559
64649 73 5789
64650 74 2185
64651 75 5562
64652 76 4996
64653 77 5701
64654 78 2003
64655 79 2599
64656 80 4018
64657 81 1566
64658 82 5643
64659 83 2199
64660 84 1379
64661 85 3670
64662 86 6061
64663 87 2203
64664 88 5563
64665 89 4469
64666 90 3689
64667 91 0
64668 92 3819
64669 93 2943
64670 94 7230
64671 95 1835
64672 96 2174
64673 97 1950
64674 98 2944
64675 99 3574
64676 100 0
64677 101 1690
64678 102 2995
64679 103 4419
64680 104 5737
64681 105 2174
64682 106 2999
64683 107 3241
64684 108 2544
64685 109 4507
64686 110 6064
64687 111 1639
64688 112 4542
64689 113 5820
64690 114 4249
64691 115 7123
64692 116 1887
64693 117 1793
64694 118 2383
64695 119 2901
64696 120 4704
64697 121 2410
64698 122 4893
64699 123 1887
64700 124 2480
64701 125 2456
64702 126 4639
64703 127 3663
64704 128 2224
64705 129 4501
64706 130 2836
64707 131 6900
64708 132 2308
64709 133 3246
64710 134 5076
64711 135 3902
64712 136 2385
64713 137 2204
64714 138 0
64715 139 2373
64716 140 3934
64717 141 2456
64718 142 2488
64719 143 2886
64720 144 5931
64721 145 2211
64722 146 1199
64723 147 3139
64724 148 5868
64725 149 2276
64726 150 4187
64727 151 2433
64728 152 8234
64729 153 2281
64730 154 3713
64731 155 8355
64732 156 8116
64733 157 2003
64734 158 2596
64735 159 5458
64736 160 4994
64737 161 6250
64738 162 2615
64739 163 3140
64740 164 1613
64741 165 5033
64742 166 5728
64743 167 2003
