2500
64577 1 4430
64578 2 3695
64579 3 4699
64580 4 5448
64581 5 5850
64582 6 2238
64583 7 2968
64584 8 3689
64585 9 4125
64586 10 2023
64587 11 8235
64588 12 2234
64589 13 2961
64590 14 2490
64591 15 2805
64592 16 3439
64593 17 4492
64594 18 3173
64595 19 6611
64596 20 2884
64597 21 9039
64598 22 2336
64599 23 5544
64600 24 3861
64601 25 4104
64602 26 2609
64603 27 5980
64604 28 1851
64605 29 3915
64606 30 2302
64607 31 7435
64608 32 2241
64609 33 2676
64610 34 2800
64611 35 3107
64612 36 2713
64613 37 8091
64614 38 2116
64615 39 5738
64616 40 5505
64617 41 4345
64618 42 2963
64619 43 4543
64620 44 0
64621 45 2830
64622 46 3463
64623 47 4665
64624 48 2979
64625 49 5638
64626 50 2003
64627 51 2150
64628 52 2012
64629 53 3443
64630 54 3940
64631 55 0
64632 56 2232
64633 57 3689
64634 58 6631
64635 59 5347
64636 60 2203
64637 61 4411
64638 62 3321
64639 63 2598
64640 64 4092
64641 65 5372
64642 66 2072
64643 67 3710
64644 68 5487
64645 69 2896
64646 70 6142
64647 71 2265
64648 72 2483
64649 73 1710
64650 74 4373
64651 75 5396
64652 76 2258
64653 77 2389
64654 78 3832
64655 79 4891
64656 80 2351
64657 81 7193
64658 82 1854
64659 83 4804
64660 84 3792
64661 85 3822
64662 86 2248
64663 87 3633
64664 88 2827
64665 89 1972
64666 90 5895
64667 91 2188
64668 92 2908
64669 93 3740
64670 94 3086
64671 95 2857
64672 96 1802
64673 97 4867
64674 98 4410
64675 99 2155
64676 100 6372
64677 101 2239
64678 102 1963
64679 103 3403
64680 104 2365
64681 105 3307
64682 106 6379
64683 107 2328
64684 108 4306
64685 109 4739
64686 110 1073
64687 111 3923
64688 112 2657
64689 113 5636
64690 114 2140
64691 115 7352
64692 116 5118
64693 117 1816
64694 118 3956
64695 119 8315
64696 120 1937
64697 121 1396
64698 122 7150
64699 123 2673
64700 124 3236
64701 125 3198
64702 126 5298
64703 127 5402
64704 128 2194
64705 129 6457
64706 130 4314
64707 131 2817
64708 132 1629
64709 133 8230
64710 134 2187
64711 135 6081
64712 136 2726
64713 137 3384
64714 138 8096
64715 139 2196
64716 140 6713
64717 141 8644
64718 142 2246
64719 143 4992
64720 144 2310
64721 145 6486
64722 146 4933
64723 147 2232
64724 148 2022
64725 149 5716
64726 150 1646
64727 151 5683
64728 152 6283
64729 153 2003
