2500
64577 1 1714
64578 2 3171
64579 3 4895
64580 4 1500
64581 5 5500
64582 6 5717
64583 7 2157
64584 8 2616
64585 9 4806
64586 10 2353
64587 11 2704
64588 12 2293
64589 13 2413
64590 14 6937
64591 15 2188
64592 16 4028
64593 17 2538
64594 18 4420
64595 19 5209
64596 20 2327
64597 21 2714
64598 22 4522
64599 23 2074
64600 24 7545
64601 25 2141
64602 26 2714
64603 27 4892
64604 28 3413
64605 29 2734
64606 30 8545
64607 31 1981
64608 32 3208
64609 33 2344
64610 34 4923
64611 35 7423
64612 36 2194
64613 37 2521
64614 38 3107
64615 39 2141
64616 40 2629
64617 41 3396
64618 42 4480
64619 43 6270
64620 44 2434
64621 45 7310
64622 46 2187
64623 47 4236
64624 48 7214
64625 49 7359
64626 50 2195
64627 51 6140
64628 52 5755
64629 53 3238
64630 54 5866
64631 55 2298
64632 56 7378
64633 57 2185
64634 58 2388
64635 59 5310
64636 60 2812
64637 61 2045
64638 62 3943
64639 63 3159
64640 64 6120
64641 65 2419
64642 66 4236
64643 67 2489
64644 68 4854
64645 69 5980
64646 70 2234
64647 71 3826
64648 72 4195
64649 73 3133
64650 74 3887
64651 75 2104
64652 76 5473
64653 77 1321
64654 78 6933
64655 79 1836
64656 80 2956
64657 81 2020
64658 82 5475
64659 83 5188
64660 84 2457
64661 85 2933
64662 86 4489
64663 87 2387
64664 88 2296
64665 89 3398
64666 90 7354
64667 91 2322
64668 92 3598
64669 93 2792
64670 94 2665
64671 95 3929
64672 96 3441
64673 97 2208
64674 98 6169
64675 99 5053
64676 100 7573
64677 101 6043
64678 102 2003
64679 103 7063
64680 104 5911
64681 105 6147
64682 106 2240
64683 107 1965
64684 108 2209
64685 109 3849
64686 110 1994
64687 111 5153
64688 112 2791
64689 113 6757
64690 114 2257
64691 115 5041
64692 116 5756
64693 117 1745
64694 118 1502
64695 119 7839
64696 120 1927
64697 121 2696
64698 122 3700
64699 123 4597
64700 124 5757
64701 125 8323
64702 126 5139
64703 127 2071
64704 128 4433
64705 129 6493
64706 130 2183
64707 131 3044
64708 132 1555
64709 133 3435
64710 134 1351
64711 135 6307
64712 136 4157
64713 137 4443
64714 138 2298
64715 139 4806
64716 140 5768
64717 141 2003
