2500
64577 1 3927
64578 2 0
64579 3 3328
64580 4 4444
64581 5 5600
64582 6 6958
64583 7 3710
64584 8 2213
64585 9 4006
64586 10 4720
64587 11 6871
64588 12 2055
64589 13 3852
64590 14 5770
64591 15 5806
64592 16 5166
64593 17 6694
64594 18 3117
64595 19 5587
64596 20 2048
64597 21 5234
64598 22 1819
64599 23 2185
64600 24 4049
64601 25 1471
64602 26 5543
64603 27 6146
64604 28 2481
64605 29 2740
64606 30 6232
64607 31 3233
64608 32 6823
64609 33 2167
64610 34 4703
64611 35 4065
64612 36 3008
64613 37 3159
64614 38 5327
64615 39 3177
64616 40 1832
64617 41 6016
64618 42 2282
64619 43 8308
64620 44 2236
64621 45 4146
64622 46 4008
64623 47 5238
64624 48 2013
64625 49 2652
64626 50 4060
64627 51 3671
64628 52 1811
64629 53 1679
64630 54 2170
64631 55 3525
64632 56 4513
64633 57 2331
64634 58 4768
64635 59 2507
64636 60 5580
64637 61 2869
64638 62 3767
64639 63 1427
64640 64 4402
64641 65 5641
64642 66 3526
64643 67 3665
64644 68 6028
64645 69 2135
64646 70 2224
64647 71 3670
64648 72 3860
64649 73 1778
64650 74 3651
64651 75 2168
64652 76 1719
64653 77 4280
64654 78 3228
64655 79 5069
64656 80 7258
64657 81 2833
64658 82 2749
64659 83 5691
64660 84 2106
64661 85 4853
64662 86 3230
64663 87 1461
64664 88 2470
64665 89 4154
64666 90 4908
64667 91 2188
64668 92 3262
64669 93 4946
64670 94 0
64671 95 2885
64672 96 4135
64673 97 3304
64674 98 3752
64675 99 3258
64676 100 2571
64677 101 3597
64678 102 2071
64679 103 3724
64680 104 0
64681 105 4792
64682 106 1274
64683 107 3459
64684 108 2406
64685 109 1519
64686 110 4111
64687 111 3252
64688 112 7068
64689 113 1989
64690 114 2503
64691 115 2014
64692 116 3033
64693 117 1385
64694 118 2952
64695 119 4390
64696 120 2688
64697 121 3369
64698 122 2547
64699 123 3812
64700 124 3802
64701 125 2262
64702 126 4454
64703 127 3181
64704 128 1639
64705 129 4487
64706 130 3553
64707 131 4018
64708 132 1898
64709 133 2279
64710 134 3246
64711 135 0
64712 136 1655
64713 137 3060
64714 138 3859
64715 139 2348
64716 140 4607
64717 141 4368
64718 142 0
64719 143 2483
64720 144 3394
64721 145 2688
64722 146 4868
64723 147 2209
64724 148 2972
64725 149 5504
64726 150 4629
64727 151 5541
64728 152 3351
64729 153 3783
64730 154 4394
64731 155 4383
64732 156 2003
