2500
64577 1 6030
64578 2 2485
64579 3 8164
64580 4 5224
64581 5 4153
64582 6 4170
64583 7 0
64584 8 4214
64585 9 4478
64586 10 3009
64587 11 4078
64588 12 7923
64589 13 2194
64590 14 3641
64591 15 4512
64592 16 3826
64593 17 6748
64594 18 3331
64595 19 0
64596 20 3981
64597 21 4101
64598 22 2300
64599 23 4017
64600 24 4926
64601 25 1992
64602 26 4097
64603 27 2477
64604 28 4787
64605 29 6197
64606 30 2354
64607 31 5274
64608 32 5783
64609 33 4077
64610 34 0
64611 35 3697
64612 36 4603
64613 37 4782
64614 38 4435
64615 39 4107
64616 40 4557
64617 41 5482
64618 42 1924
64619 43 2498
64620 44 3207
64621 45 0
64622 46 2272
64623 47 3236
64624 48 2738
64625 49 5687
64626 50 5481
64627 51 2003
64628 52 4831
64629 53 6068
64630 54 5395
64631 55 4288
64632 56 4406
64633 57 6096
64634 58 4821
64635 59 3021
64636 60 5655
64637 61 2218
64638 62 3040
64639 63 2436
64640 64 2463
64641 65 2556
64642 66 2333
64643 67 5248
64644 68 3949
64645 69 4045
64646 70 5293
64647 71 4715
64648 72 4761
64649 73 6643
64650 74 1434
64651 75 7514
64652 76 5966
64653 77 5586
64654 78 2526
64655 79 1539
64656 80 6225
64657 81 2268
64658 82 5153
64659 83 6026
64660 84 2582
64661 85 3906
64662 86 3886
64663 87 3002
64664 88 4725
64665 89 1907
64666 90 4364
64667 91 5439
64668 92 2983
64669 93 5535
64670 94 2576
64671 95 3414
64672 96 4760
64673 97 2980
64674 98 4990
64675 99 5535
64676 100 5147
64677 101 6153
64678 102 7083
64679 103 1729
64680 104 5537
64681 105 7607
64682 106 2248
64683 107 5359
64684 108 4433
64685 109 3910
64686 110 1298
64687 111 2005
64688 112 2131
64689 113 3186
64690 114 7017
64691 115 1740
64692 116 5344
64693 117 2377
64694 118 7483
64695 119 2141
64696 120 7595
64697 121 5000
64698 122 5683
64699 123 1216
64700 124 7359
64701 125 1427
64702 126 5543
64703 127 6253
64704 128 6038
64705 129 2334
64706 130 5513
64707 131 3914
64708 132 4549
64709 133 3522
64710 134 5357
64711 135 2900
64712 136 1401
64713 137 3893
64714 138 2966
64715 139 6096
64716 140 2742
64717 141 3851
64718 142 2894
64719 143 5125
64720 144 2003
