2500
64577 1 2538
64578 2 5956
64579 3 4437
64580 4 6893
64581 5 6296
64582 6 2312
64583 7 4547
64584 8 3273
64585 9 2887
64586 10 4457
64587 11 5383
64588 12 2329
64589 13 6321
64590 14 5365
64591 15 9160
64592 16 5908
64593 17 2304
64594 18 3136
64595 19 2614
64596 20 3783
64597 21 3035
64598 22 6211
64599 23 5332
64600 24 5121
64601 25 2433
64602 26 5119
64603 27 2850
64604 28 1259
64605 29 6670
64606 30 2223
64607 31 2001
64608 32 0
64609 33 6677
64610 34 0
64611 35 2183
64612 36 3865
64613 37 4267
64614 38 5700
64615 39 1475
64616 40 7087
64617 41 6533
64618 42 4618
64619 43 1501
64620 44 6796
64621 45 2746
64622 46 5326
64623 47 2006
64624 48 2512
64625 49 1589
64626 50 2786
64627 51 2520
64628 52 2301
64629 53 3052
64630 54 5911
64631 55 6055
64632 56 1194
64633 57 2076
64634 58 1099
64635 59 3823
64636 60 6885
64637 61 6693
64638 62 1097
64639 63 4093
64640 64 2419
64641 65 9584
64642 66 2057
64643 67 4676
64644 68 5261
64645 69 2816
64646 70 3574
64647 71 4463
64648 72 1594
64649 73 2661
64650 74 4239
64651 75 4509
64652 76 2768
64653 77 5741
64654 78 2151
64655 79 3273
64656 80 3949
64657 81 4450
64658 82 2734
64659 83 3277
64660 84 2629
64661 85 5861
64662 86 4528
64663 87 1943
64664 88 2753
64665 89 2347
64666 90 5049
64667 91 3484
64668 92 4764
64669 93 2450
64670 94 3633
64671 95 5220
64672 96 2209
64673 97 2145
64674 98 3440
64675 99 2507
64676 100 4319
64677 101 6768
64678 102 2003
64679 103 3369
64680 104 3999
64681 105 4502
64682 106 4322
64683 107 1895
64684 108 4019
64685 109 1239
64686 110 4152
64687 111 5009
64688 112 2566
64689 113 3464
64690 114 6556
64691 115 2206
64692 116 2876
64693 117 2920
64694 118 3234
64695 119 2506
64696 120 4161
64697 121 4324
64698 122 5784
64699 123 4855
64700 124 3891
64701 125 5795
64702 126 2907
64703 127 5265
64704 128 2184
64705 129 2937
64706 130 1984
64707 131 4400
64708 132 2166
64709 133 3932
64710 134 3853
64711 135 6792
64712 136 5444
64713 137 4054
64714 138 4955
64715 139 3196
64716 140 0
64717 141 7570
64718 142 4979
64719 143 2003
64720 144 3159
64721 145 4999
64722 146 4135
64723 147 5074
64724 148 5779
64725 149 2211
64726 150 4167
64727 151 7474
64728 152 2003
