2500
64577 1 4675
64578 2 5092
64579 3 4198
64580 4 6342
64581 5 4158
64582 6 6757
64583 7 7545
64584 8 4117
64585 9 4334
64586 10 5208
64587 11 0
64588 12 3000
64589 13 3789
64590 14 5390
64591 15 1921
64592 16 4554
64593 17 6813
64594 18 3768
64595 19 3975
64596 20 1943
64597 21 6309
64598 22 7992
64599 23 0
64600 24 3308
64601 25 2718
64602 26 5513
64603 27 3960
64604 28 1986
64605 29 2192
64606 30 4513
64607 31 7133
64608 32 3155
64609 33 5835
64610 34 2674
64611 35 2258
64612 36 4931
64613 37 4362
64614 38 1452
64615 39 6861
64616 40 1790
64617 41 6134
64618 42 0
64619 43 2697
64620 44 2751
64621 45 3599
64622 46 13579
64623 47 6392
64624 48 1972
64625 49 9307
64626 50 2623
64627 51 3069
64628 52 1954
64629 53 5052
64630 54 3307
64631 55 5187
64632 56 0
64633 57 2592
64634 58 4837
64635 59 5023
64636 60 7995
64637 61 3388
64638 62 3270
64639 63 7921
64640 64 3824
64641 65 0
64642 66 5358
64643 67 1823
64644 68 2517
64645 69 3951
64646 70 1320
64647 71 2060
64648 72 8816
64649 73 7401
64650 74 0
64651 75 5658
64652 76 1870
64653 77 2735
64654 78 4372
64655 79 4729
64656 80 2353
64657 81 1134
64658 82 4417
64659 83 6728
64660 84 2185
64661 85 4674
64662 86 3940
64663 87 1607
64664 88 1528
64665 89 7385
64666 90 1466
64667 91 6265
64668 92 3460
64669 93 6138
64670 94 0
64671 95 8208
64672 96 2644
64673 97 5864
64674 98 4887
64675 99 3442
64676 100 5111
64677 101 3807
64678 102 2632
64679 103 7660
64680 104 0
64681 105 3294
64682 106 2322
64683 107 8591
64684 108 2232
64685 109 2908
64686 110 8765
64687 111 2430
64688 112 2898
64689 113 1927
64690 114 6530
64691 115 2808
64692 116 5829
64693 117 3549
64694 118 6208
64695 119 5995
64696 120 1734
64697 121 5783
64698 122 3080
64699 123 1633
64700 124 4961
64701 125 1396
64702 126 4162
64703 127 3573
64704 128 5286
64705 129 4648
64706 130 5617
64707 131 0
64708 132 2708
64709 133 3880
64710 134 3044
64711 135 4613
64712 136 0
64713 137 2575
64714 138 4397
64715 139 5607
64716 140 4320
64717 141 0
64718 142 2334
64719 143 2559
64720 144 3046
64721 145 8142
64722 146 4381
64723 147 2003
