2500
64577 1 2728
64578 2 2995
64579 3 5312
64580 4 2630
64581 5 5919
64582 6 4320
64583 7 1947
64584 8 4160
64585 9 2696
64586 10 3104
64587 11 3276
64588 12 4799
64589 13 0
64590 14 2189
64591 15 2818
64592 16 6520
64593 17 5850
64594 18 1850
64595 19 3829
64596 20 4432
64597 21 6881
64598 22 4195
64599 23 1281
64600 24 3064
64601 25 2631
64602 26 2365
64603 27 8646
64604 28 3268
64605 29 3070
64606 30 2527
64607 31 6224
64608 32 2003
64609 33 2417
64610 34 4063
64611 35 4657
64612 36 3114
64613 37 4239
64614 38 5725
64615 39 2874
64616 40 1926
64617 41 4253
64618 42 5494
64619 43 2070
64620 44 2283
64621 45 4730
64622 46 2236
64623 47 3291
64624 48 1495
64625 49 3977
64626 50 2443
64627 51 2773
64628 52 1821
64629 53 3223
64630 54 2516
64631 55 6050
64632 56 0
64633 57 2995
64634 58 3462
64635 59 3922
64636 60 3537
64637 61 2230
64638 62 2334
64639 63 3843
64640 64 4543
64641 65 2521
64642 66 2410
64643 67 6085
64644 68 1385
64645 69 4368
64646 70 2585
64647 71 2824
64648 72 1751
64649 73 2936
64650 74 3914
64651 75 4489
64652 76 0
64653 77 3002
64654 78 3355
64655 79 5718
64656 80 4173
64657 81 2578
64658 82 2791
64659 83 2276
64660 84 3878
64661 85 2534
64662 86 5093
64663 87 4847
64664 88 1476
64665 89 3674
64666 90 0
64667 91 3306
64668 92 3354
64669 93 2908
64670 94 3696
64671 95 5782
64672 96 0
64673 97 2278
64674 98 3067
64675 99 2510
64676 100 2623
64677 101 2268
64678 102 4255
64679 103 2287
64680 104 2499
64681 105 6239
64682 106 1849
64683 107 4915
64684 108 3389
64685 109 6042
64686 110 1406
64687 111 3860
64688 112 2196
64689 113 3978
64690 114 1489
64691 115 6944
64692 116 2156
64693 117 2709
64694 118 3886
64695 119 3153
64696 120 4642
64697 121 5016
64698 122 0
64699 123 2902
64700 124 3977
64701 125 1985
64702 126 0
64703 127 4657
64704 128 3135
64705 129 2207
64706 130 3277
64707 131 2508
64708 132 5772
64709 133 2150
64710 134 5564
64711 135 1029
64712 136 3957
64713 137 3045
64714 138 2301
64715 139 3203
64716 140 2361
64717 141 0
64718 142 2005
64719 143 3560
64720 144 1748
64721 145 1564
64722 146 4638
64723 147 1953
64724 148 2821
64725 149 2123
64726 150 4048
64727 151 4941
64728 152 0
64729 153 3165
64730 154 3574
64731 155 6565
64732 156 3626
64733 157 5478
64734 158 2487
64735 159 4998
64736 160 0
64737 161 2217
64738 162 3081
64739 163 3908
64740 164 3872
64741 165 2379
64742 166 4489
64743 167 0
64744 168 3601
64745 169 2326
64746 170 2289
64747 171 4708
64748 172 3981
64749 173 6739
64750 174 2172
64751 175 5912
64752 176 2338
64753 177 2826
64754 178 6077
64755 179 2003
