2500
64577 1 4139
64578 2 4858
64579 3 2750
64580 4 4453
64581 5 5692
64582 6 5783
64583 7 2108
64584 8 6567
64585 9 2660
64586 10 2546
64587 11 2686
64588 12 5492
64589 13 8155
64590 14 2237
64591 15 2568
64592 16 4085
64593 17 1593
64594 18 9225
64595 19 6833
64596 20 2990
64597 21 6497
64598 22 0
64599 23 3109
64600 24 9323
64601 25 3050
64602 26 7133
64603 27 8457
64604 28 2296
64605 29 3276
64606 30 4582
64607 31 3007
64608 32 4646
64609 33 4091
64610 34 0
64611 35 2729
64612 36 5600
64613 37 3481
64614 38 2672
64615 39 0
64616 40 2355
64617 41 3492
64618 42 3066
64619 43 7834
64620 44 2407
64621 45 6505
64622 46 1900
64623 47 5441
64624 48 4960
64625 49 4553
64626 50 9141
64627 51 1824
64628 52 5981
64629 53 2597
64630 54 7948
64631 55 2003
64632 56 3325
64633 57 7106
64634 58 3559
64635 59 7258
64636 60 5834
64637 61 2159
64638 62 5038
64639 63 4661
64640 64 1633
64641 65 5376
64642 66 4973
64643 67 5275
64644 68 3495
64645 69 9209
64646 70 2237
64647 71 7212
64648 72 6086
64649 73 5734
64650 74 6072
64651 75 4048
64652 76 1613
64653 77 8478
64654 78 2280
64655 79 4654
64656 80 4616
64657 81 5746
64658 82 5233
64659 83 6530
64660 84 2458
64661 85 7240
64662 86 7366
64663 87 8347
64664 88 2362
64665 89 4185
64666 90 5667
64667 91 6174
64668 92 3069
64669 93 4951
64670 94 0
64671 95 3795
64672 96 1966
64673 97 4233
64674 98 3915
64675 99 4397
64676 100 8060
64677 101 2124
64678 102 6079
64679 103 4138
64680 104 4318
64681 105 6614
64682 106 6697
64683 107 2419
64684 108 4257
64685 109 1988
64686 110 4001
64687 111 6441
64688 112 6954
64689 113 7804
64690 114 4719
64691 115 7779
64692 116 2558
64693 117 4543
64694 118 6825
64695 119 4865
64696 120 5558
64697 121 2691
64698 122 5158
64699 123 5891
64700 124 0
64701 125 2532
64702 126 3820
64703 127 2923
64704 128 8248
64705 129 2003
