2500
64577 1 1389
64578 2 2797
64579 3 5370
64580 4 5521
64581 5 4231
64582 6 2998
64583 7 1952
64584 8 4620
64585 9 6491
64586 10 2922
64587 11 3081
64588 12 2360
64589 13 5075
64590 14 0
64591 15 4139
64592 16 4461
64593 17 9788
64594 18 2181
64595 19 7380
64596 20 5593
64597 21 2882
64598 22 6156
64599 23 5508
64600 24 3861
64601 25 6324
64602 26 2235
64603 27 6167
64604 28 4971
64605 29 4476
64606 30 0
64607 31 4532
64608 32 3440
64609 33 9203
64610 34 2240
64611 35 1971
64612 36 6009
64613 37 2073
64614 38 5099
64615 39 2493
64616 40 4984
64617 41 5360
64618 42 6430
64619 43 0
64620 44 3467
64621 45 3286
64622 46 2055
64623 47 5535
64624 48 2092
64625 49 2589
64626 50 3294
64627 51 7407
64628 52 6429
64629 53 4703
64630 54 4729
64631 55 2351
64632 56 5270
64633 57 2628
64634 58 4770
64635 59 2473
64636 60 5630
64637 61 3535
64638 62 5419
64639 63 1508
64640 64 5705
64641 65 5313
64642 66 1570
64643 67 5415
64644 68 6749
64645 69 0
64646 70 3572
64647 71 2130
64648 72 2781
64649 73 0
64650 74 2376
64651 75 2862
64652 76 2858
64653 77 7945
64654 78 2003
64655 79 2634
64656 80 4564
64657 81 5865
64658 82 4620
64659 83 5791
64660 84 5281
64661 85 4633
64662 86 5316
64663 87 2428
64664 88 6529
64665 89 5455
64666 90 4327
64667 91 6605
64668 92 5984
64669 93 0
64670 94 3132
64671 95 2023
64672 96 2428
64673 97 0
64674 98 2342
64675 99 7770
64676 100 1446
64677 101 7737
64678 102 2159
64679 103 2771
64680 104 5844
64681 105 6523
64682 106 2078
64683 107 4271
64684 108 6612
64685 109 4980
64686 110 10012
64687 111 6409
64688 112 6599
64689 113 0
64690 114 3686
64691 115 2198
64692 116 2717
64693 117 0
64694 118 4264
64695 119 1614
64696 120 10481
64697 121 2130
64698 122 2796
64699 123 7640
64700 124 1302
64701 125 5531
64702 126 3093
64703 127 6118
64704 128 3279
64705 129 5049
64706 130 4625
64707 131 4053
64708 132 3939
64709 133 3286
64710 134 6543
64711 135 0
64712 136 3717
64713 137 1987
64714 138 2997
64715 139 0
64716 140 3972
64717 141 2965
64718 142 3802
64719 143 10877
64720 144 2003
