2500
64577 1 2678
64578 2 4341
64579 3 4195
64580 4 1419
64581 5 4806
64582 6 3068
64583 7 5023
64584 8 2329
64585 9 5281
64586 10 5707
64587 11 0
64588 12 3236
64589 13 2160
64590 14 2755
64591 15 0
64592 16 2116
64593 17 4668
64594 18 5591
64595 19 2304
64596 20 5691
64597 21 6173
64598 22 2190
64599 23 1879
64600 24 1379
64601 25 3171
64602 26 2298
64603 27 1627
64604 28 6500
64605 29 5799
64606 30 4146
64607 31 2504
64608 32 2807
64609 33 0
64610 34 2384
64611 35 6275
64612 36 3522
64613 37 7293
64614 38 2134
64615 39 2202
64616 40 4558
64617 41 5518
64618 42 1523
64619 43 5800
64620 44 0
64621 45 2440
64622 46 2712
64623 47 1332
64624 48 3307
64625 49 3458
64626 50 0
64627 51 2171
64628 52 2663
64629 53 3572
64630 54 6488
64631 55 2127
64632 56 3653
64633 57 4810
64634 58 4216
64635 59 2306
64636 60 4616
64637 61 3274
64638 62 7009
64639 63 2954
64640 64 9417
64641 65 1994
64642 66 2706
64643 67 4056
64644 68 2665
64645 69 3180
64646 70 6408
64647 71 2520
64648 72 3218
64649 73 2354
64650 74 3536
64651 75 2915
64652 76 5433
64653 77 7494
64654 78 2003
64655 79 2045
64656 80 4283
64657 81 1680
64658 82 5543
64659 83 5610
64660 84 5129
64661 85 3331
64662 86 3900
64663 87 7166
64664 88 2307
64665 89 2367
64666 90 3847
64667 91 4690
64668 92 2618
64669 93 3527
64670 94 1584
64671 95 3983
64672 96 3258
64673 97 9131
64674 98 2003
64675 99 6483
64676 100 2676
64677 101 3287
64678 102 4165
64679 103 2254
64680 104 5724
64681 105 5884
64682 106 2383
64683 107 1809
64684 108 3901
64685 109 1787
64686 110 4019
64687 111 3748
64688 112 5214
64689 113 3899
64690 114 4232
64691 115 8447
64692 116 2207
64693 117 2768
64694 118 2840
64695 119 2702
64696 120 3827
64697 121 2326
64698 122 4814
64699 123 4580
64700 124 7204
64701 125 1716
64702 126 6813
64703 127 2254
64704 128 2584
64705 129 3628
64706 130 3691
64707 131 1647
64708 132 3273
64709 133 7514
64710 134 2526
64711 135 5666
64712 136 2216
64713 137 2601
64714 138 2463
64715 139 4231
64716 140 1522
64717 141 5664
64718 142 5966
64719 143 2253
64720 144 1512
64721 145 4695
64722 146 4161
64723 147 1875
64724 148 2268
64725 149 3588
64726 150 5372
64727 151 3883
64728 152 2378
64729 153 2339
64730 154 6662
64731 155 5018
64732 156 4083
64733 157 2433
64734 158 2796
64735 159 7704
64736 160 2003
