2500
64577 1 3613
64578 2 4680
64579 3 4954
64580 4 7384
64581 5 1924
64582 6 2507
64583 7 4235
64584 8 4814
64585 9 4824
64586 10 6841
64587 11 0
64588 12 2741
64589 13 4626
64590 14 5032
64591 15 2197
64592 16 6670
64593 17 2314
64594 18 2398
64595 19 0
64596 20 3832
64597 21 2335
64598 22 3343
64599 23 5196
64600 24 1906
64601 25 3047
64602 26 1603
64603 27 3825
64604 28 4719
64605 29 2631
64606 30 3993
64607 31 4193
64608 32 4601
64609 33 2182
64610 34 2981
64611 35 5280
64612 36 2305
64613 37 2741
64614 38 2428
64615 39 5515
64616 40 5108
64617 41 2590
64618 42 6369
64619 43 0
64620 44 1757
64621 45 3955
64622 46 2456
64623 47 2242
64624 48 3796
64625 49 5218
64626 50 3383
64627 51 8186
64628 52 2273
64629 53 1099
64630 54 2851
64631 55 3528
64632 56 4039
64633 57 4853
64634 58 5539
64635 59 3084
64636 60 3988
64637 61 3926
64638 62 5796
64639 63 5857
64640 64 1707
64641 65 4312
64642 66 3351
64643 67 5661
64644 68 1240
64645 69 5476
64646 70 2352
64647 71 3126
64648 72 4493
64649 73 2286
64650 74 4706
64651 75 2396
64652 76 2847
64653 77 3803
64654 78 4810
64655 79 5383
64656 80 3011
64657 81 5901
64658 82 2300
64659 83 2601
64660 84 2199
64661 85 4091
64662 86 2372
64663 87 6985
64664 88 4617
64665 89 2364
64666 90 4922
64667 91 2400
64668 92 3693
64669 93 3162
64670 94 4055
64671 95 6438
64672 96 2133
64673 97 3861
64674 98 4444
64675 99 4544
64676 100 2666
64677 101 4666
64678 102 3263
64679 103 1614
64680 104 7414
64681 105 2092
64682 106 2101
64683 107 3267
64684 108 1835
64685 109 5028
64686 110 3530
64687 111 8175
64688 112 2906
64689 113 5165
64690 114 4355
64691 115 0
64692 116 3093
64693 117 1596
64694 118 2944
64695 119 4117
64696 120 3793
64697 121 5634
64698 122 2185
64699 123 3420
64700 124 4170
64701 125 1609
64702 126 5506
64703 127 4038
64704 128 1845
64705 129 1460
64706 130 6993
64707 131 3227
64708 132 1721
64709 133 5257
64710 134 2525
64711 135 2375
64712 136 3599
64713 137 2852
64714 138 0
64715 139 5991
64716 140 2808
64717 141 5050
64718 142 1999
64719 143 3834
64720 144 4665
64721 145 5290
64722 146 4913
64723 147 3283
64724 148 2698
64725 149 1793
64726 150 5892
64727 151 0
64728 152 3413
64729 153 2382
64730 154 4159
64731 155 3392
64732 156 4726
64733 157 3133
64734 158 0
64735 159 3595
64736 160 4270
64737 161 2481
64738 162 5367
64739 163 2003
