2500
64577 1 2032
64578 2 2624
64579 3 6609
64580 4 3016
64581 5 2943
64582 6 3196
64583 7 2427
64584 8 2254
64585 9 2414
64586 10 4476
64587 11 5046
64588 12 2003
64589 13 3111
64590 14 2589
64591 15 6513
64592 16 4698
64593 17 6769
64594 18 1592
64595 19 3511
64596 20 2518
64597 21 5213
64598 22 2290
64599 23 600
64600 24 3384
64601 25 5628
64602 26 1869
64603 27 3717
64604 28 4445
64605 29 2054
64606 30 4321
64607 31 3272
64608 32 4310
64609 33 5629
64610 34 4082
64611 35 5564
64612 36 2479
64613 37 2828
64614 38 3634
64615 39 0
64616 40 5551
64617 41 2006
64618 42 3610
64619 43 2421
64620 44 6819
64621 45 2183
64622 46 3094
64623 47 3672
64624 48 5970
64625 49 0
64626 50 3590
64627 51 5967
64628 52 3187
64629 53 5074
64630 54 5933
64631 55 0
64632 56 3322
64633 57 3565
64634 58 3167
64635 59 3525
64636 60 1749
64637 61 2468
64638 62 8127
64639 63 2327
64640 64 3146
64641 65 5885
64642 66 2066
64643 67 6031
64644 68 5537
64645 69 6214
64646 70 906
64647 71 2646
64648 72 3138
64649 73 4509
64650 74 2754
64651 75 5359
64652 76 2003
64653 77 4705
64654 78 2034
64655 79 3597
64656 80 4710
64657 81 6413
64658 82 5713
64659 83 2118
64660 84 4196
64661 85 5236
64662 86 2595
64663 87 2254
64664 88 4223
64665 89 8403
64666 90 5050
64667 91 3623
64668 92 7537
64669 93 1785
64670 94 3415
64671 95 7142
64672 96 2918
64673 97 1858
64674 98 5762
64675 99 4708
64676 100 4201
64677 101 3880
64678 102 8202
64679 103 4809
64680 104 4250
64681 105 3975
64682 106 5760
64683 107 7719
64684 108 6543
64685 109 0
64686 110 2514
64687 111 3148
64688 112 2377
64689 113 8586
64690 114 2154
64691 115 4568
64692 116 1998
64693 117 3266
64694 118 2381
64695 119 4096
64696 120 9610
64697 121 1520
64698 122 7362
64699 123 8070
64700 124 4501
64701 125 7815
64702 126 7471
64703 127 2003
