2500
64577 1 5697
64578 2 3218
64579 3 1665
64580 4 5621
64581 5 4446
64582 6 6609
64583 7 4809
64584 8 6986
64585 9 4172
64586 10 1589
64587 11 5555
64588 12 8269
64589 13 2263
64590 14 7101
64591 15 2788
64592 16 1502
64593 17 5655
64594 18 2093
64595 19 6646
64596 20 0
64597 21 2523
64598 22 4797
64599 23 4002
64600 24 5772
64601 25 1710
64602 26 3935
64603 27 2593
64604 28 4514
64605 29 2689
64606 30 4908
64607 31 0
64608 32 2646
64609 33 4041
64610 34 5609
64611 35 6241
64612 36 2586
64613 37 7980
64614 38 2003
64615 39 7631
64616 40 2954
64617 41 6249
64618 42 8380
64619 43 3055
64620 44 3900
64621 45 4455
64622 46 0
64623 47 2031
64624 48 6695
64625 49 6557
64626 50 9094
64627 51 5950
64628 52 8582
64629 53 2003
64630 54 4876
64631 55 4765
64632 56 7079
64633 57 3586
64634 58 3472
64635 59 1869
64636 60 5678
64637 61 0
64638 62 1748
64639 63 5549
64640 64 3890
64641 65 1806
64642 66 5559
64643 67 1448
64644 68 6443
64645 69 3520
64646 70 4045
64647 71 1693
64648 72 8480
64649 73 2003
64650 74 5792
64651 75 3133
64652 76 1573
64653 77 5342
64654 78 3188
64655 79 0
64656 80 2262
64657 81 6887
64658 82 5394
64659 83 2400
64660 84 3116
64661 85 2044
64662 86 4938
64663 87 2591
64664 88 3988
64665 89 7129
64666 90 4317
64667 91 7367
64668 92 2237
64669 93 4455
64670 94 5907
64671 95 5227
64672 96 0
64673 97 5752
64674 98 2704
64675 99 2436
64676 100 4590
64677 101 3777
64678 102 1575
64679 103 6973
64680 104 2137
64681 105 984
64682 106 6509
64683 107 3713
64684 108 6831
64685 109 2605
64686 110 3450
64687 111 5101
64688 112 3507
64689 113 4459
64690 114 2485
64691 115 3897
64692 116 3756
64693 117 8954
64694 118 5534
64695 119 3701
64696 120 2265
64697 121 8147
64698 122 2118
64699 123 5730
64700 124 2716
64701 125 2850
64702 126 3596
64703 127 2930
64704 128 5300
64705 129 2593
64706 130 5825
64707 131 5611
64708 132 2052
64709 133 4076
64710 134 2719
64711 135 3060
64712 136 6604
64713 137 8854
64714 138 1683
64715 139 7963
64716 140 2003
