2500
64577 1 3104
64578 2 2347
64579 3 4827
64580 4 6442
64581 5 4894
64582 6 4302
64583 7 4256
64584 8 0
64585 9 4854
64586 10 3887
64587 11 8492
64588 12 2192
64589 13 4649
64590 14 6327
64591 15 2373
64592 16 3536
64593 17 4753
64594 18 2486
64595 19 4031
64596 20 3574
64597 21 3249
64598 22 4601
64599 23 6204
64600 24 2724
64601 25 2551
64602 26 5965
64603 27 3907
64604 28 2232
64605 29 4077
64606 30 0
64607 31 6494
64608 32 4186
64609 33 2568
64610 34 6221
64611 35 2142
64612 36 4069
64613 37 2462
64614 38 4898
64615 39 6164
64616 40 4523
64617 41 4496
64618 42 3687
64619 43 0
64620 44 2677
64621 45 2672
64622 46 2118
64623 47 3320
64624 48 5764
64625 49 0
64626 50 2660
64627 51 3192
64628 52 3719
64629 53 3980
64630 54 2149
64631 55 2644
64632 56 2417
64633 57 2805
64634 58 4933
64635 59 4306
64636 60 4001
64637 61 2011
64638 62 4104
64639 63 2169
64640 64 0
64641 65 3596
64642 66 1883
64643 67 4842
64644 68 5418
64645 69 2435
64646 70 2563
64647 71 2479
64648 72 2685
64649 73 5138
64650 74 2481
64651 75 2878
64652 76 6048
64653 77 4370
64654 78 7821
64655 79 2117
64656 80 5051
64657 81 1663
64658 82 6336
64659 83 4101
64660 84 4921
64661 85 2422
64662 86 3785
64663 87 7095
64664 88 5870
64665 89 7640
64666 90 0
64667 91 2444
64668 92 2041
64669 93 3523
64670 94 3027
64671 95 3580
64672 96 4280
64673 97 2316
64674 98 3351
64675 99 1745
64676 100 2753
64677 101 1851
64678 102 5070
64679 103 4486
64680 104 2089
64681 105 3861
64682 106 4486
64683 107 2783
64684 108 5897
64685 109 3942
64686 110 2034
64687 111 4228
64688 112 2913
64689 113 4128
64690 114 3595
64691 115 6262
64692 116 0
64693 117 2216
64694 118 3658
64695 119 2811
64696 120 1912
64697 121 3735
64698 122 4191
64699 123 1629
64700 124 5383
64701 125 2461
64702 126 2852
64703 127 1869
64704 128 3230
64705 129 1861
64706 130 7224
64707 131 2149
64708 132 3523
64709 133 3410
64710 134 2352
64711 135 3806
64712 136 5886
64713 137 4177
64714 138 2611
64715 139 5105
64716 140 2066
64717 141 4181
64718 142 6215
64719 143 2441
64720 144 6992
64721 145 5041
64722 146 2527
64723 147 4022
64724 148 2266
64725 149 7480
64726 150 2003
64727 151 4107
64728 152 3209
64729 153 3820
64730 154 4882
64731 155 0
64732 156 2625
64733 157 3052
64734 158 3309
64735 159 2095
64736 160 3681
64737 161 6437
64738 162 2003
