2500
64577 1 3583
64578 2 4250
64579 3 4742
64580 4 5833
64581 5 2224
64582 6 4147
64583 7 2981
64584 8 1784
64585 9 5861
64586 10 3540
64587 11 6601
64588 12 2165
64589 13 3535
64590 14 3289
64591 15 2922
64592 16 6023
64593 17 3848
64594 18 4327
64595 19 3855
64596 20 2284
64597 21 4995
64598 22 7472
64599 23 5173
64600 24 2519
64601 25 5241
64602 26 5630
64603 27 5421
64604 28 0
64605 29 2441
64606 30 1515
64607 31 7252
64608 32 0
64609 33 4000
64610 34 1834
64611 35 4113
64612 36 4900
64613 37 5614
64614 38 5195
64615 39 0
64616 40 4305
64617 41 4458
64618 42 6249
64619 43 2346
64620 44 4838
64621 45 4049
64622 46 2574
64623 47 2777
64624 48 2570
64625 49 4757
64626 50 4029
64627 51 2418
64628 52 2435
64629 53 2614
64630 54 3671
64631 55 2529
64632 56 2390
64633 57 3905
64634 58 4790
64635 59 2146
64636 60 4883
64637 61 7523
64638 62 4416
64639 63 2569
64640 64 8232
64641 65 3423
64642 66 4025
64643 67 2434
64644 68 6261
64645 69 7299
64646 70 3108
64647 71 1645
64648 72 5920
64649 73 2507
64650 74 0
64651 75 3318
64652 76 5353
64653 77 4480
64654 78 3613
64655 79 6183
64656 80 2456
64657 81 1352
64658 82 4076
64659 83 0
64660 84 4322
64661 85 4177
64662 86 4435
64663 87 7969
64664 88 2301
64665 89 3300
64666 90 7059
64667 91 4285
64668 92 6692
64669 93 0
64670 94 2315
64671 95 3663
64672 96 2313
64673 97 8393
64674 98 5914
64675 99 5230
64676 100 2337
64677 101 2371
64678 102 2645
64679 103 3732
64680 104 2070
64681 105 5819
64682 106 5208
64683 107 4501
64684 108 5177
64685 109 3592
64686 110 1605
64687 111 6418
64688 112 4026
64689 113 5096
64690 114 0
64691 115 3083
64692 116 6105
64693 117 5239
64694 118 3493
64695 119 5220
64696 120 0
64697 121 2881
64698 122 3938
64699 123 1975
64700 124 3631
64701 125 6183
64702 126 0
64703 127 7628
64704 128 2596
64705 129 3910
64706 130 2724
64707 131 3440
64708 132 9770
64709 133 2154
64710 134 2672
64711 135 4737
64712 136 3440
64713 137 6518
64714 138 0
64715 139 2967
64716 140 7139
64717 141 5616
64718 142 2310
64719 143 6584
64720 144 2651
64721 145 0
64722 146 3486
64723 147 2624
64724 148 1738
64725 149 4957
64726 150 6957
64727 151 2003
