2500
64577 1 1349
64578 2 3427
64579 3 3976
64580 4 4323
64581 5 5729
64582 6 5069
64583 7 5214
64584 8 3549
64585 9 1982
64586 10 3901
64587 11 4752
64588 12 2762
64589 13 0
64590 14 2507
64591 15 4407
64592 16 5197
64593 17 2712
64594 18 5609
64595 19 3031
64596 20 3143
64597 21 5033
64598 22 3211
64599 23 4343
64600 24 1342
64601 25 5659
64602 26 4008
64603 27 3880
64604 28 7116
64605 29 9150
64606 30 2220
64607 31 3585
64608 32 3819
64609 33 4190
64610 34 2617
64611 35 4725
64612 36 3642
64613 37 6048
64614 38 1799
64615 39 6420
64616 40 8997
64617 41 2455
64618 42 6724
64619 43 1928
64620 44 7034
64621 45 2834
64622 46 2316
64623 47 2977
64624 48 3676
64625 49 8691
64626 50 2235
64627 51 3000
64628 52 2453
64629 53 5996
64630 54 0
64631 55 3441
64632 56 4849
64633 57 3797
64634 58 4827
64635 59 4044
64636 60 4222
64637 61 4743
64638 62 2877
64639 63 5019
64640 64 0
64641 65 7182
64642 66 4448
64643 67 2650
64644 68 3643
64645 69 0
64646 70 4114
64647 71 2336
64648 72 8202
64649 73 2084
64650 74 5162
64651 75 3848
64652 76 1909
64653 77 7054
64654 78 4275
64655 79 5239
64656 80 2394
64657 81 2787
64658 82 3889
64659 83 6250
64660 84 4306
64661 85 6168
64662 86 2645
64663 87 4978
64664 88 0
64665 89 5927
64666 90 6271
64667 91 2506
64668 92 4657
64669 93 2495
64670 94 7329
64671 95 5683
64672 96 0
64673 97 4083
64674 98 5935
64675 99 3095
64676 100 7802
64677 101 2223
64678 102 2589
64679 103 2620
64680 104 2694
64681 105 4105
64682 106 4407
64683 107 3505
64684 108 5454
64685 109 1882
64686 110 6012
64687 111 2214
64688 112 4029
64689 113 5396
64690 114 2235
64691 115 4952
64692 116 2918
64693 117 3869
64694 118 5753
64695 119 3582
64696 120 3763
64697 121 6445
64698 122 0
64699 123 4349
64700 124 4530
64701 125 2072
64702 126 6352
64703 127 2003
64704 128 2784
64705 129 5533
64706 130 6095
64707 131 5887
64708 132 5399
64709 133 5526
64710 134 5170
64711 135 2352
64712 136 5283
64713 137 4964
64714 138 5761
64715 139 0
64716 140 3828
64717 141 3311
64718 142 7882
64719 143 6011
64720 144 2003
