2500
64577 1 5934
64578 2 2409
64579 3 7842
64580 4 7292
64581 5 7677
64582 6 5708
64583 7 2169
64584 8 5402
64585 9 2157
64586 10 2659
64587 11 5392
64588 12 5679
64589 13 1591
64590 14 6485
64591 15 0
64592 16 3684
64593 17 5972
64594 18 7858
64595 19 2273
64596 20 3140
64597 21 8304
64598 22 1757
64599 23 1558
64600 24 5253
64601 25 8625
64602 26 2183
64603 27 6625
64604 28 6943
64605 29 8185
64606 30 10142
64607 31 4932
64608 32 6117
64609 33 9598
64610 34 4167
64611 35 2735
64612 36 5652
64613 37 2871
64614 38 5309
64615 39 0
64616 40 2350
64617 41 5429
64618 42 2241
64619 43 5843
64620 44 7682
64621 45 2010
64622 46 1838
64623 47 4319
64624 48 2098
64625 49 7568
64626 50 2586
64627 51 7016
64628 52 0
64629 53 3608
64630 54 4603
64631 55 7237
64632 56 2270
64633 57 8525
64634 58 3169
64635 59 8800
64636 60 0
64637 61 3977
64638 62 2356
64639 63 9360
64640 64 2345
64641 65 8891
64642 66 3271
64643 67 2834
64644 68 5533
64645 69 5813
64646 70 7824
64647 71 8312
64648 72 2154
64649 73 1230
64650 74 2174
64651 75 3056
64652 76 2413
64653 77 4134
64654 78 5457
64655 79 2638
64656 80 5829
64657 81 4442
64658 82 4269
64659 83 4509
64660 84 5323
64661 85 4252
64662 86 3278
64663 87 2905
64664 88 3981
64665 89 2904
64666 90 5806
64667 91 0
64668 92 4080
64669 93 3149
64670 94 3073
64671 95 5356
64672 96 2521
64673 97 4992
64674 98 7125
64675 99 5558
64676 100 5445
64677 101 1692
64678 102 9800
64679 103 2003
64680 104 5458
64681 105 2038
64682 106 4737
64683 107 2726
64684 108 5892
64685 109 1840
64686 110 2842
64687 111 4867
64688 112 4349
64689 113 2191
64690 114 2265
64691 115 1293
64692 116 3736
64693 117 4926
64694 118 2744
64695 119 3894
64696 120 5825
64697 121 7912
64698 122 2673
64699 123 5997
64700 124 6971
64701 125 0
64702 126 3792
64703 127 5695
64704 128 7492
64705 129 4725
64706 130 8847
64707 131 2003
