2500
64577 1 3690
64578 2 6166
64579 3 4165
64580 4 5726
64581 5 4697
64582 6 3162
64583 7 1593
64584 8 3259
64585 9 2419
64586 10 4056
64587 11 5883
64588 12 2730
64589 13 5450
64590 14 4603
64591 15 3629
64592 16 5689
64593 17 8610
64594 18 2003
64595 19 3778
64596 20 4540
64597 21 4640
64598 22 3555
64599 23 3767
64600 24 2750
64601 25 6175
64602 26 2184
64603 27 4455
64604 28 2929
64605 29 6750
64606 30 2216
64607 31 4766
64608 32 4251
64609 33 0
64610 34 3054
64611 35 1732
64612 36 4121
64613 37 9978
64614 38 2003
64615 39 3748
64616 40 6838
64617 41 4854
64618 42 4670
64619 43 1657
64620 44 5878
64621 45 5555
64622 46 2241
64623 47 3234
64624 48 4730
64625 49 4534
64626 50 1828
64627 51 5071
64628 52 2531
64629 53 5412
64630 54 5846
64631 55 1642
64632 56 4243
64633 57 2922
64634 58 4153
64635 59 3723
64636 60 3180
64637 61 6058
64638 62 3538
64639 63 6064
64640 64 2316
64641 65 7877
64642 66 2003
64643 67 9187
64644 68 2306
64645 69 6782
64646 70 1724
64647 71 7405
64648 72 3712
64649 73 3571
64650 74 4147
64651 75 3557
64652 76 4377
64653 77 1334
64654 78 8354
64655 79 2241
64656 80 6608
64657 81 6562
64658 82 5964
64659 83 1783
64660 84 3784
64661 85 0
64662 86 3900
64663 87 4741
64664 88 7674
64665 89 5644
64666 90 9375
64667 91 2003
64668 92 8339
64669 93 4712
64670 94 7878
64671 95 2593
64672 96 4709
64673 97 0
64674 98 3997
64675 99 6821
64676 100 1765
64677 101 9513
64678 102 2217
64679 103 7960
64680 104 1911
64681 105 4360
64682 106 5274
64683 107 5689
64684 108 0
64685 109 3648
64686 110 6563
64687 111 2842
64688 112 4155
64689 113 10906
64690 114 2317
64691 115 4277
64692 116 4396
64693 117 4228
64694 118 8686
64695 119 2529
64696 120 3726
64697 121 1962
64698 122 7524
64699 123 5592
64700 124 4485
64701 125 5466
64702 126 5876
64703 127 6014
64704 128 6662
64705 129 5456
64706 130 7452
64707 131 2003
