2500
64577 1 2146
64578 2 3531
64579 3 4984
64580 4 5310
64581 5 1981
64582 6 4826
64583 7 2629
64584 8 4092
64585 9 4164
64586 10 1811
64587 11 3443
64588 12 2404
64589 13 7360
64590 14 2230
64591 15 7229
64592 16 4652
64593 17 4167
64594 18 5777
64595 19 5120
64596 20 4811
64597 21 0
64598 22 2795
64599 23 6451
64600 24 4096
64601 25 3390
64602 26 3404
64603 27 4255
64604 28 4285
64605 29 5239
64606 30 5003
64607 31 5362
64608 32 4948
64609 33 6748
64610 34 2343
64611 35 2734
64612 36 5751
64613 37 5664
64614 38 5063
64615 39 2152
64616 40 5022
64617 41 6894
64618 42 4843
64619 43 2659
64620 44 4223
64621 45 5335
64622 46 2746
64623 47 1855
64624 48 4740
64625 49 2633
64626 50 3577
64627 51 2812
64628 52 5594
64629 53 5765
64630 54 9757
64631 55 2003
64632 56 4266
64633 57 2042
64634 58 7119
64635 59 6196
64636 60 3165
64637 61 5495
64638 62 5758
64639 63 4913
64640 64 3318
64641 65 3427
64642 66 5836
64643 67 3963
64644 68 5164
64645 69 4741
64646 70 5967
64647 71 6336
64648 72 2537
64649 73 9296
64650 74 2128
64651 75 3134
64652 76 6193
64653 77 4462
64654 78 2353
64655 79 5041
64656 80 3893
64657 81 3210
64658 82 3264
64659 83 4098
64660 84 1879
64661 85 4824
64662 86 4419
64663 87 0
64664 88 3153
64665 89 8153
64666 90 3108
64667 91 2670
64668 92 4157
64669 93 2394
64670 94 3014
64671 95 0
64672 96 3332
64673 97 5657
64674 98 4832
64675 99 4185
64676 100 1895
64677 101 2913
64678 102 6441
64679 103 2069
64680 104 1955
64681 105 3355
64682 106 7871
64683 107 2322
64684 108 3141
64685 109 2868
64686 110 2015
64687 111 4705
64688 112 4567
64689 113 3949
64690 114 2225
64691 115 6031
64692 116 7984
64693 117 2066
64694 118 2864
64695 119 1510
64696 120 8246
64697 121 4171
64698 122 4046
64699 123 3309
64700 124 6108
64701 125 6734
64702 126 0
64703 127 3475
64704 128 4396
64705 129 3556
64706 130 3660
64707 131 3651
64708 132 4204
64709 133 4543
64710 134 4282
64711 135 2469
64712 136 0
64713 137 2449
64714 138 2620
64715 139 1551
64716 140 6878
64717 141 4218
64718 142 7772
64719 143 2003
