2500
64577 1 1273
64578 2 4203
64579 3 5121
64580 4 2998
64581 5 4333
64582 6 5289
64583 7 9176
64584 8 2050
64585 9 3882
64586 10 5992
64587 11 6292
64588 12 2504
64589 13 3786
64590 14 2190
64591 15 2393
64592 16 7151
64593 17 2229
64594 18 2849
64595 19 3258
64596 20 4678
64597 21 2977
64598 22 3550
64599 23 2420
64600 24 2667
64601 25 3486
64602 26 2457
64603 27 2807
64604 28 2331
64605 29 4715
64606 30 2546
64607 31 3904
64608 32 6104
64609 33 2115
64610 34 4627
64611 35 4413
64612 36 4474
64613 37 4153
64614 38 2352
64615 39 4444
64616 40 5954
64617 41 6625
64618 42 5949
64619 43 4040
64620 44 6122
64621 45 5641
64622 46 2173
64623 47 2849
64624 48 5501
64625 49 3776
64626 50 5443
64627 51 3340
64628 52 4203
64629 53 2212
64630 54 4800
64631 55 3788
64632 56 7651
64633 57 3701
64634 58 6681
64635 59 1562
64636 60 4252
64637 61 6190
64638 62 1743
64639 63 4481
64640 64 1712
64641 65 4974
64642 66 2358
64643 67 4780
64644 68 6451
64645 69 2591
64646 70 5344
64647 71 2418
64648 72 4149
64649 73 0
64650 74 3165
64651 75 3647
64652 76 9317
64653 77 2003
64654 78 4167
64655 79 2457
64656 80 3487
64657 81 5836
64658 82 5330
64659 83 6685
64660 84 2672
64661 85 5313
64662 86 0
64663 87 2909
64664 88 4691
64665 89 3035
64666 90 4349
64667 91 4143
64668 92 3593
64669 93 3559
64670 94 5007
64671 95 4463
64672 96 3347
64673 97 2512
64674 98 2546
64675 99 2889
64676 100 4745
64677 101 7096
64678 102 1633
64679 103 5930
64680 104 2091
64681 105 2713
64682 106 7380
64683 107 1993
64684 108 3515
64685 109 4833
64686 110 6981
64687 111 0
64688 112 4389
64689 113 7712
64690 114 1686
64691 115 7543
64692 116 2036
64693 117 5711
64694 118 2537
64695 119 3967
64696 120 0
64697 121 5322
64698 122 2924
64699 123 6432
64700 124 2163
64701 125 2072
64702 126 4719
64703 127 3077
64704 128 5788
64705 129 5064
64706 130 3452
64707 131 4450
64708 132 3477
64709 133 3837
64710 134 5012
64711 135 3594
64712 136 4332
64713 137 4666
64714 138 0
64715 139 2605
64716 140 4573
64717 141 5290
64718 142 6475
64719 143 2701
64720 144 5268
64721 145 5660
64722 146 2003
