2500
64577 1 2759
64578 2 4790
64579 3 2580
64580 4 3616
64581 5 3696
64582 6 5795
64583 7 4388
64584 8 5725
64585 9 0
64586 10 2410
64587 11 3151
64588 12 2725
64589 13 3065
64590 14 4743
64591 15 0
64592 16 2960
64593 17 7057
64594 18 2153
64595 19 3248
64596 20 5468
64597 21 3347
64598 22 4182
64599 23 2779
64600 24 3322
64601 25 3735
64602 26 4675
64603 27 2572
64604 28 4567
64605 29 4491
64606 30 1992
64607 31 2052
64608 32 2949
64609 33 5599
64610 34 2390
64611 35 8849
64612 36 2226
64613 37 3521
64614 38 6596
64615 39 4923
64616 40 2490
64617 41 7729
64618 42 3137
64619 43 4553
64620 44 5994
64621 45 2113
64622 46 2378
64623 47 5361
64624 48 2709
64625 49 4948
64626 50 4613
64627 51 3121
64628 52 4818
64629 53 4307
64630 54 4706
64631 55 6333
64632 56 5187
64633 57 4494
64634 58 0
64635 59 4230
64636 60 4659
64637 61 0
64638 62 1685
64639 63 5531
64640 64 3424
64641 65 6063
64642 66 2156
64643 67 3668
64644 68 4244
64645 69 6139
64646 70 5875
64647 71 2328
64648 72 8102
64649 73 3292
64650 74 3944
64651 75 6297
64652 76 0
64653 77 1432
64654 78 2819
64655 79 3839
64656 80 6642
64657 81 2089
64658 82 3641
64659 83 6350
64660 84 4939
64661 85 3292
64662 86 5820
64663 87 10649
64664 88 2003
64665 89 5662
64666 90 4772
64667 91 5241
64668 92 4928
64669 93 3126
64670 94 1835
64671 95 8212
64672 96 2254
64673 97 2849
64674 98 2265
64675 99 3287
64676 100 4724
64677 101 4375
64678 102 4771
64679 103 4325
64680 104 2055
64681 105 4062
64682 106 2116
64683 107 6647
64684 108 2100
64685 109 4182
64686 110 3976
64687 111 1544
64688 112 3992
64689 113 5817
64690 114 0
64691 115 960
64692 116 3542
64693 117 3128
64694 118 4759
64695 119 0
64696 120 5082
64697 121 2947
64698 122 4357
64699 123 3259
64700 124 9579
64701 125 2209
64702 126 5817
64703 127 3976
64704 128 1700
64705 129 5129
64706 130 8689
64707 131 2741
64708 132 7646
64709 133 2243
64710 134 3200
64711 135 2884
64712 136 1701
64713 137 2859
64714 138 2445
64715 139 2419
64716 140 0
64717 141 1656
64718 142 4540
64719 143 1472
64720 144 5269
64721 145 6579
64722 146 0
64723 147 2722
64724 148 4589
64725 149 4421
64726 150 7643
64727 151 2003
