2500
64577 1 2215
64578 2 5570
64579 3 2206
64580 4 4494
64581 5 2788
64582 6 6839
64583 7 4229
64584 8 5444
64585 9 2454
64586 10 2323
64587 11 6169
64588 12 2012
64589 13 3091
64590 14 3053
64591 15 2942
64592 16 7664
64593 17 5140
64594 18 0
64595 19 2925
64596 20 6120
64597 21 2182
64598 22 2125
64599 23 5423
64600 24 1965
64601 25 4643
64602 26 2888
64603 27 7261
64604 28 4483
64605 29 5364
64606 30 2330
64607 31 2638
64608 32 6328
64609 33 2108
64610 34 3305
64611 35 3246
64612 36 2812
64613 37 7353
64614 38 3771
64615 39 7310
64616 40 3220
64617 41 0
64618 42 3337
64619 43 8465
64620 44 2252
64621 45 3389
64622 46 5853
64623 47 4491
64624 48 4642
64625 49 3408
64626 50 6298
64627 51 8376
64628 52 3413
64629 53 6511
64630 54 2514
64631 55 4741
64632 56 7297
64633 57 8701
64634 58 2121
64635 59 3544
64636 60 6835
64637 61 4871
64638 62 2486
64639 63 5838
64640 64 4113
64641 65 6094
64642 66 6801
64643 67 2029
64644 68 5629
64645 69 2447
64646 70 4952
64647 71 2619
64648 72 4825
64649 73 3419
64650 74 4242
64651 75 8805
64652 76 5580
64653 77 3687
64654 78 4336
64655 79 2492
64656 80 4805
64657 81 4901
64658 82 1618
64659 83 5828
64660 84 7797
64661 85 2082
64662 86 570
64663 87 2419
64664 88 4157
64665 89 4609
64666 90 2664
64667 91 2792
64668 92 4178
64669 93 3410
64670 94 5076
64671 95 0
64672 96 6996
64673 97 2234
64674 98 8342
64675 99 1374
64676 100 2552
64677 101 5734
64678 102 3309
64679 103 7307
64680 104 2994
64681 105 4076
64682 106 1923
64683 107 2864
64684 108 2419
64685 109 3906
64686 110 1692
64687 111 4585
64688 112 0
64689 113 4318
64690 114 2750
64691 115 1527
64692 116 3581
64693 117 7173
64694 118 2067
64695 119 4349
64696 120 3912
64697 121 5225
64698 122 2780
64699 123 3434
64700 124 4907
64701 125 0
64702 126 2710
64703 127 3991
64704 128 6236
64705 129 2269
64706 130 4357
64707 131 0
64708 132 5222
64709 133 3321
64710 134 4544
64711 135 2370
64712 136 3743
64713 137 0
64714 138 2836
64715 139 2480
64716 140 5644
64717 141 1538
64718 142 5568
64719 143 0
64720 144 2284
64721 145 2849
64722 146 1684
64723 147 3874
64724 148 8405
64725 149 2003
