2500
64577 1 2276
64578 2 3814
64579 3 5823
64580 4 2405
64581 5 2785
64582 6 4905
64583 7 0
64584 8 2563
64585 9 3374
64586 10 1812
64587 11 2764
64588 12 2010
64589 13 4129
64590 14 2412
64591 15 3864
64592 16 3827
64593 17 5868
64594 18 2252
64595 19 2151
64596 20 3460
64597 21 3045
64598 22 2503
64599 23 5825
64600 24 3558
64601 25 0
64602 26 2644
64603 27 4122
64604 28 2853
64605 29 5484
64606 30 10349
64607 31 2178
64608 32 4793
64609 33 2534
64610 34 4109
64611 35 1793
64612 36 5701
64613 37 0
64614 38 2491
64615 39 5843
64616 40 6097
64617 41 5661
64618 42 4511
64619 43 4528
64620 44 2139
64621 45 3847
64622 46 1914
64623 47 4830
64624 48 4250
64625 49 3435
64626 50 2524
64627 51 3490
64628 52 4781
64629 53 2260
64630 54 3739
64631 55 3977
64632 56 3042
64633 57 4246
64634 58 7302
64635 59 3727
64636 60 2883
64637 61 3383
64638 62 3323
64639 63 5868
64640 64 5016
64641 65 5261
64642 66 0
64643 67 2558
64644 68 5210
64645 69 2630
64646 70 10297
64647 71 2343
64648 72 7247
64649 73 3195
64650 74 5482
64651 75 5919
64652 76 2617
64653 77 5164
64654 78 2227
64655 79 2385
64656 80 2918
64657 81 6743
64658 82 2342
64659 83 2976
64660 84 3034
64661 85 2825
64662 86 5575
64663 87 3623
64664 88 9126
64665 89 2268
64666 90 5482
64667 91 4018
64668 92 3428
64669 93 5503
64670 94 6536
64671 95 7120
64672 96 5619
64673 97 2670
64674 98 4286
64675 99 3939
64676 100 2955
64677 101 3737
64678 102 2318
64679 103 5191
64680 104 6197
64681 105 0
64682 106 3212
64683 107 2144
64684 108 2376
64685 109 2712
64686 110 3473
64687 111 5134
64688 112 2113
64689 113 0
64690 114 5866
64691 115 1505
64692 116 3811
64693 117 7048
64694 118 2022
64695 119 3056
64696 120 3855
64697 121 6103
64698 122 5482
64699 123 4102
64700 124 1321
64701 125 5711
64702 126 3021
64703 127 1540
64704 128 5770
64705 129 2520
64706 130 3969
64707 131 0
64708 132 5378
64709 133 5597
64710 134 2138
64711 135 1993
64712 136 2921
64713 137 7060
64714 138 3414
64715 139 3498
64716 140 3409
64717 141 0
64718 142 3234
64719 143 3167
64720 144 6003
64721 145 2078
64722 146 4462
64723 147 5398
64724 148 4833
64725 149 6861
64726 150 2548
64727 151 1646
64728 152 5683
64729 153 5635
64730 154 2003
