2500
64577 1 2062
64578 2 4128
64579 3 3885
64580 4 4427
64581 5 8004
64582 6 4305
64583 7 2865
64584 8 4722
64585 9 0
64586 10 2343
64587 11 2390
64588 12 3270
64589 13 2068
64590 14 3418
64591 15 6748
64592 16 3430
64593 17 1812
64594 18 2022
64595 19 4416
64596 20 3882
64597 21 2136
64598 22 1391
64599 23 4018
64600 24 4535
64601 25 2017
64602 26 3902
64603 27 4013
64604 28 7951
64605 29 2505
64606 30 5078
64607 31 2587
64608 32 3763
64609 33 0
64610 34 2342
64611 35 6180
64612 36 4873
64613 37 8926
64614 38 2126
64615 39 2442
64616 40 6765
64617 41 2634
64618 42 4535
64619 43 2911
64620 44 2716
64621 45 2164
64622 46 3919
64623 47 5210
64624 48 0
64625 49 3339
64626 50 2764
64627 51 4696
64628 52 0
64629 53 2560
64630 54 6429
64631 55 2125
64632 56 9931
64633 57 2158
64634 58 2479
64635 59 3402
64636 60 2218
64637 61 2645
64638 62 3402
64639 63 3888
64640 64 0
64641 65 1540
64642 66 2518
64643 67 2243
64644 68 2532
64645 69 0
64646 70 2816
64647 71 3792
64648 72 5268
64649 73 2575
64650 74 4748
64651 75 1164
64652 76 1457
64653 77 4380
64654 78 4382
64655 79 6433
64656 80 2003
64657 81 3294
64658 82 2359
64659 83 5708
64660 84 5348
64661 85 1916
64662 86 6746
64663 87 1988
64664 88 4771
64665 89 3932
64666 90 2750
64667 91 1522
64668 92 5659
64669 93 2127
64670 94 3774
64671 95 2943
64672 96 4100
64673 97 2415
64674 98 4519
64675 99 0
64676 100 5743
64677 101 2341
64678 102 3605
64679 103 5281
64680 104 6439
64681 105 8680
64682 106 2206
64683 107 1432
64684 108 5138
64685 109 3971
64686 110 5673
64687 111 7105
64688 112 1946
64689 113 6429
64690 114 0
64691 115 3420
64692 116 1406
64693 117 6530
64694 118 2171
64695 119 1630
64696 120 4334
64697 121 4061
64698 122 3082
64699 123 3108
64700 124 2836
64701 125 3462
64702 126 2868
64703 127 3748
64704 128 0
64705 129 3004
64706 130 6001
64707 131 5681
64708 132 2273
64709 133 2895
64710 134 4328
64711 135 3326
64712 136 4361
64713 137 5626
64714 138 0
64715 139 2428
64716 140 2928
64717 141 3108
64718 142 2658
64719 143 8177
64720 144 2003
