2500
64577 1 4760
64578 2 4550
64579 3 5074
64580 4 8036
64581 5 5666
64582 6 4266
64583 7 6711
64584 8 8429
64585 9 4839
64586 10 3426
64587 11 3668
64588 12 5543
64589 13 2211
64590 14 5532
64591 15 5283
64592 16 5390
64593 17 5305
64594 18 0
64595 19 2947
64596 20 6553
64597 21 4618
64598 22 1943
64599 23 1424
64600 24 3259
64601 25 2192
64602 26 2325
64603 27 3131
64604 28 2357
64605 29 5890
64606 30 0
64607 31 2624
64608 32 6226
64609 33 5522
64610 34 2053
64611 35 4389
64612 36 7871
64613 37 2003
64614 38 4903
64615 39 4692
64616 40 5558
64617 41 7801
64618 42 6721
64619 43 1737
64620 44 7284
64621 45 2119
64622 46 3073
64623 47 4705
64624 48 2167
64625 49 3859
64626 50 3869
64627 51 3601
64628 52 2902
64629 53 4059
64630 54 1680
64631 55 2750
64632 56 4147
64633 57 3925
64634 58 4078
64635 59 6279
64636 60 2882
64637 61 0
64638 62 3495
64639 63 3894
64640 64 2789
64641 65 2563
64642 66 3972
64643 67 4943
64644 68 2083
64645 69 4560
64646 70 4455
64647 71 0
64648 72 4867
64649 73 2719
64650 74 4275
64651 75 2460
64652 76 1794
64653 77 5437
64654 78 6170
64655 79 2060
64656 80 6967
64657 81 2768
64658 82 6106
64659 83 5498
64660 84 7281
64661 85 7964
64662 86 1941
64663 87 3611
64664 88 4283
64665 89 7062
64666 90 6067
64667 91 4849
64668 92 5325
64669 93 5614
64670 94 6572
64671 95 7389
64672 96 2714
64673 97 2748
64674 98 7849
64675 99 2130
64676 100 6899
64677 101 2300
64678 102 3509
64679 103 0
64680 104 4331
64681 105 8524
64682 106 2190
64683 107 6922
64684 108 6598
64685 109 4814
64686 110 1969
64687 111 6433
64688 112 0
64689 113 6294
64690 114 2650
64691 115 6521
64692 116 3479
64693 117 5965
64694 118 7342
64695 119 2017
64696 120 4069
64697 121 5708
64698 122 3349
64699 123 2731
64700 124 4986
64701 125 3726
64702 126 4224
64703 127 3583
64704 128 4505
64705 129 2353
64706 130 7410
64707 131 3518
64708 132 7709
64709 133 8074
64710 134 2849
64711 135 5634
64712 136 2003
