2500
64577 1 6179
64578 2 7559
64579 3 7471
64580 4 7044
64581 5 3116
64582 6 7194
64583 7 2217
64584 8 7062
64585 9 2045
64586 10 2576
64587 11 4957
64588 12 5916
64589 13 2786
64590 14 4963
64591 15 0
64592 16 6348
64593 17 3569
64594 18 4920
64595 19 2209
64596 20 6467
64597 21 6296
64598 22 1881
64599 23 3407
64600 24 8165
64601 25 2165
64602 26 3264
64603 27 2793
64604 28 4325
64605 29 8178
64606 30 3870
64607 31 0
64608 32 2146
64609 33 4413
64610 34 7573
64611 35 2128
64612 36 3397
64613 37 2680
64614 38 1695
64615 39 8490
64616 40 2994
64617 41 3534
64618 42 4809
64619 43 4068
64620 44 2822
64621 45 4100
64622 46 7062
64623 47 9381
64624 48 1946
64625 49 0
64626 50 3713
64627 51 6162
64628 52 2206
64629 53 3201
64630 54 5354
64631 55 3296
64632 56 7027
64633 57 3182
64634 58 2410
64635 59 6969
64636 60 0
64637 61 2892
64638 62 2530
64639 63 5070
64640 64 2225
64641 65 3393
64642 66 7383
64643 67 2114
64644 68 2813
64645 69 3693
64646 70 6452
64647 71 5096
64648 72 3032
64649 73 5918
64650 74 2424
64651 75 5775
64652 76 0
64653 77 2600
64654 78 4928
64655 79 2507
64656 80 2840
64657 81 5133
64658 82 2239
64659 83 2109
64660 84 4642
64661 85 1452
64662 86 4812
64663 87 6548
64664 88 7173
64665 89 2852
64666 90 4785
64667 91 0
64668 92 1464
64669 93 2903
64670 94 4267
64671 95 4673
64672 96 4324
64673 97 0
64674 98 2114
64675 99 2849
64676 100 2348
64677 101 5158
64678 102 3784
64679 103 4823
64680 104 2185
64681 105 5298
64682 106 2201
64683 107 3949
64684 108 4466
64685 109 2535
64686 110 4848
64687 111 0
64688 112 4457
64689 113 8022
64690 114 2360
64691 115 3060
64692 116 3516
64693 117 8432
64694 118 1507
64695 119 6191
64696 120 2798
64697 121 3626
64698 122 5854
64699 123 0
64700 124 2901
64701 125 5341
64702 126 2701
64703 127 4685
64704 128 2674
64705 129 2182
64706 130 2962
64707 131 2770
64708 132 5517
64709 133 2366
64710 134 5038
64711 135 6565
64712 136 5201
64713 137 2660
64714 138 6050
64715 139 5063
64716 140 4859
64717 141 2600
64718 142 5689
64719 143 6622
64720 144 3458
64721 145 4987
64722 146 3655
64723 147 2003
