2500
64577 1 2714
64578 2 5620
64579 3 4969
64580 4 4225
64581 5 3031
64582 6 2081
64583 7 3236
64584 8 5887
64585 9 1488
64586 10 5504
64587 11 5113
64588 12 2803
64589 13 3638
64590 14 3769
64591 15 0
64592 16 2221
64593 17 1983
64594 18 4450
64595 19 4708
64596 20 3861
64597 21 6384
64598 22 2190
64599 23 3625
64600 24 3763
64601 25 6462
64602 26 2629
64603 27 3520
64604 28 2859
64605 29 4710
64606 30 3882
64607 31 5985
64608 32 1738
64609 33 6892
64610 34 5339
64611 35 0
64612 36 2651
64613 37 3371
64614 38 6615
64615 39 6485
64616 40 5741
64617 41 5641
64618 42 5517
64619 43 8575
64620 44 4340
64621 45 9858
64622 46 5213
64623 47 2828
64624 48 5538
64625 49 2658
64626 50 7786
64627 51 2210
64628 52 1176
64629 53 6524
64630 54 2418
64631 55 3657
64632 56 0
64633 57 4322
64634 58 3020
64635 59 6313
64636 60 2904
64637 61 4368
64638 62 0
64639 63 3878
64640 64 2362
64641 65 5957
64642 66 8253
64643 67 2003
64644 68 6467
64645 69 2155
64646 70 6207
64647 71 9477
64648 72 7191
64649 73 2083
64650 74 5159
64651 75 6137
64652 76 9903
64653 77 7164
64654 78 4946
64655 79 1826
64656 80 5382
64657 81 0
64658 82 3715
64659 83 1649
64660 84 6396
64661 85 3226
64662 86 10522
64663 87 2258
64664 88 4666
64665 89 2018
64666 90 3067
64667 91 5288
64668 92 6509
64669 93 6804
64670 94 7905
64671 95 1776
64672 96 6357
64673 97 3048
64674 98 2764
64675 99 3798
64676 100 2484
64677 101 8944
64678 102 2241
64679 103 6885
64680 104 6684
64681 105 4911
64682 106 6811
64683 107 6573
64684 108 7110
64685 109 1886
64686 110 6022
64687 111 7646
64688 112 0
64689 113 2214
64690 114 3489
64691 115 4045
64692 116 4372
64693 117 3227
64694 118 2122
64695 119 3719
64696 120 4056
64697 121 6268
64698 122 2499
64699 123 2528
64700 124 6160
64701 125 3703
64702 126 8087
64703 127 2252
64704 128 2684
64705 129 3044
64706 130 5860
64707 131 2608
64708 132 4054
64709 133 8325
64710 134 2003
