2500
64577 1 4191
64578 2 4918
64579 3 3827
64580 4 6227
64581 5 3296
64582 6 4006
64583 7 6707
64584 8 1427
64585 9 4180
64586 10 3891
64587 11 2388
64588 12 5698
64589 13 5970
64590 14 1752
64591 15 5806
64592 16 1276
64593 17 6214
64594 18 2224
64595 19 3578
64596 20 2737
64597 21 3498
64598 22 3529
64599 23 1324
64600 24 6065
64601 25 2146
64602 26 935
64603 27 6002
64604 28 3778
64605 29 5801
64606 30 2784
64607 31 5258
64608 32 4547
64609 33 4120
64610 34 5909
64611 35 8160
64612 36 2015
64613 37 6534
64614 38 2169
64615 39 6463
64616 40 3706
64617 41 4933
64618 42 0
64619 43 3451
64620 44 3784
64621 45 7464
64622 46 2113
64623 47 3023
64624 48 4145
64625 49 5266
64626 50 6072
64627 51 0
64628 52 3558
64629 53 3972
64630 54 3103
64631 55 3275
64632 56 3082
64633 57 3081
64634 58 3387
64635 59 4205
64636 60 3704
64637 61 0
64638 62 2298
64639 63 3120
64640 64 2620
64641 65 4428
64642 66 7099
64643 67 7691
64644 68 0
64645 69 2289
64646 70 2596
64647 71 2719
64648 72 4510
64649 73 3712
64650 74 3909
64651 75 2325
64652 76 4463
64653 77 5009
64654 78 5759
64655 79 5131
64656 80 3842
64657 81 4989
64658 82 4561
64659 83 2351
64660 84 4404
64661 85 5866
64662 86 4546
64663 87 1837
64664 88 3990
64665 89 4209
64666 90 2355
64667 91 5613
64668 92 4357
64669 93 5728
64670 94 3579
64671 95 3778
64672 96 2089
64673 97 6168
64674 98 2833
64675 99 4930
64676 100 2792
64677 101 2065
64678 102 6245
64679 103 3677
64680 104 5077
64681 105 0
64682 106 2336
64683 107 4654
64684 108 2533
64685 109 4674
64686 110 4959
64687 111 5736
64688 112 2130
64689 113 2967
64690 114 6071
64691 115 1708
64692 116 3499
64693 117 3106
64694 118 3791
64695 119 2414
64696 120 4047
64697 121 3335
64698 122 5304
64699 123 2500
64700 124 5240
64701 125 5173
64702 126 10361
64703 127 2779
64704 128 3397
64705 129 2521
64706 130 1975
64707 131 4276
64708 132 6360
64709 133 2246
64710 134 3064
64711 135 1393
64712 136 5088
64713 137 2967
64714 138 5318
64715 139 4565
64716 140 4112
64717 141 3262
64718 142 5817
64719 143 5384
64720 144 8147
64721 145 0
64722 146 4531
64723 147 10308
64724 148 2003
