2500
64577 1 2329
64578 2 2030
64579 3 2483
64580 4 4328
64581 5 2245
64582 6 2754
64583 7 8089
64584 8 2450
64585 9 3590
64586 10 6559
64587 11 1768
64588 12 3510
64589 13 4085
64590 14 3170
64591 15 4523
64592 16 2580
64593 17 6409
64594 18 5147
64595 19 2061
64596 20 4825
64597 21 2536
64598 22 0
64599 23 2732
64600 24 3296
64601 25 5731
64602 26 1818
64603 27 4632
64604 28 7297
64605 29 5818
64606 30 2416
64607 31 5146
64608 32 0
64609 33 4040
64610 34 2842
64611 35 2877
64612 36 2381
64613 37 5255
64614 38 1998
64615 39 5155
64616 40 3139
64617 41 4292
64618 42 6624
64619 43 2428
64620 44 5239
64621 45 6725
64622 46 0
64623 47 3949
64624 48 6341
64625 49 4752
64626 50 6250
64627 51 3221
64628 52 2881
64629 53 4792
64630 54 5213
64631 55 0
64632 56 4025
64633 57 4192
64634 58 9644
64635 59 2113
64636 60 3625
64637 61 3077
64638 62 6046
64639 63 4292
64640 64 2926
64641 65 2413
64642 66 4061
64643 67 5856
64644 68 7405
64645 69 5700
64646 70 0
64647 71 4192
64648 72 2619
64649 73 8525
64650 74 1548
64651 75 5785
64652 76 5747
64653 77 6692
64654 78 3516
64655 79 6484
64656 80 3707
64657 81 3408
64658 82 4365
64659 83 4674
64660 84 2455
64661 85 5195
64662 86 0
64663 87 2764
64664 88 3127
64665 89 2652
64666 90 8542
64667 91 8020
64668 92 5158
64669 93 5555
64670 94 1649
64671 95 4409
64672 96 6025
64673 97 0
64674 98 3558
64675 99 5292
64676 100 7170
64677 101 2491
64678 102 4432
64679 103 0
64680 104 3775
64681 105 4359
64682 106 5859
64683 107 2003
64684 108 3858
64685 109 3182
64686 110 5919
64687 111 2268
64688 112 5409
64689 113 8355
64690 114 2102
64691 115 8345
64692 116 7157
64693 117 4373
64694 118 8863
64695 119 2531
64696 120 7377
64697 121 5742
64698 122 2961
64699 123 4649
64700 124 3287
64701 125 6237
64702 126 4175
64703 127 5797
64704 128 5842
64705 129 9058
64706 130 0
64707 131 2355
64708 132 2183
64709 133 5016
64710 134 5159
64711 135 5503
64712 136 2356
64713 137 6967
64714 138 8035
64715 139 2003
