2500
64577 1 3296
64578 2 5490
64579 3 4891
64580 4 6417
64581 5 7442
64582 6 3080
64583 7 2294
64584 8 5976
64585 9 3664
64586 10 4079
64587 11 5290
64588 12 0
64589 13 4430
64590 14 4849
64591 15 6080
64592 16 8401
64593 17 2003
64594 18 2185
64595 19 3948
64596 20 3835
64597 21 3657
64598 22 0
64599 23 3779
64600 24 3292
64601 25 3445
64602 26 3686
64603 27 3508
64604 28 0
64605 29 7768
64606 30 5336
64607 31 2913
64608 32 5751
64609 33 6951
64610 34 4005
64611 35 8408
64612 36 2199
64613 37 3747
64614 38 1871
64615 39 5361
64616 40 5681
64617 41 3514
64618 42 5309
64619 43 4303
64620 44 6605
64621 45 3243
64622 46 2824
64623 47 0
64624 48 5035
64625 49 1674
64626 50 4711
64627 51 2910
64628 52 6747
64629 53 2479
64630 54 6727
64631 55 5947
64632 56 2461
64633 57 6527
64634 58 4389
64635 59 4006
64636 60 6465
64637 61 1925
64638 62 2154
64639 63 6876
64640 64 3181
64641 65 3548
64642 66 3925
64643 67 5458
64644 68 3983
64645 69 4106
64646 70 5997
64647 71 2917
64648 72 6096
64649 73 6274
64650 74 2329
64651 75 4537
64652 76 6176
64653 77 4019
64654 78 4795
64655 79 4589
64656 80 4128
64657 81 7918
64658 82 2212
64659 83 3446
64660 84 5963
64661 85 5534
64662 86 5719
64663 87 3836
64664 88 4525
64665 89 5155
64666 90 2608
64667 91 5317
64668 92 4466
64669 93 5512
64670 94 2835
64671 95 4664
64672 96 3471
64673 97 5741
64674 98 6638
64675 99 2188
64676 100 8544
64677 101 8030
64678 102 5873
64679 103 6989
64680 104 2032
64681 105 4897
64682 106 8479
64683 107 2214
64684 108 5383
64685 109 6577
64686 110 4509
64687 111 6246
64688 112 5665
64689 113 2910
64690 114 10864
64691 115 0
64692 116 6540
64693 117 3696
64694 118 7858
64695 119 7046
64696 120 7586
64697 121 4514
64698 122 7096
64699 123 7659
64700 124 10089
64701 125 2003
