2500
64577 1 5702
64578 2 8297
64579 3 5058
64580 4 0
64581 5 3779
64582 6 5188
64583 7 4194
64584 8 6614
64585 9 11177
64586 10 1704
64587 11 6377
64588 12 2847
64589 13 6209
64590 14 8505
64591 15 2003
64592 16 7008
64593 17 4346
64594 18 5927
64595 19 0
64596 20 4722
64597 21 2640
64598 22 5385
64599 23 3611
64600 24 4920
64601 25 5707
64602 26 4183
64603 27 5484
64604 28 7900
64605 29 5666
64606 30 2504
64607 31 5699
64608 32 1884
64609 33 7426
64610 34 5499
64611 35 2514
64612 36 5608
64613 37 0
64614 38 2712
64615 39 5686
64616 40 2612
64617 41 7003
64618 42 4485
64619 43 6557
64620 44 6442
64621 45 9335
64622 46 2310
64623 47 4107
64624 48 5762
64625 49 5824
64626 50 2742
64627 51 4715
64628 52 2894
64629 53 5106
64630 54 7593
64631 55 9929
64632 56 6362
64633 57 3829
64634 58 0
64635 59 3267
64636 60 5779
64637 61 6721
64638 62 4627
64639 63 8363
64640 64 0
64641 65 1351
64642 66 6180
64643 67 8656
64644 68 1872
64645 69 2372
64646 70 2923
64647 71 4591
64648 72 1660
64649 73 6802
64650 74 2264
64651 75 5007
64652 76 2645
64653 77 6042
64654 78 0
64655 79 3153
64656 80 6146
64657 81 8294
64658 82 2294
64659 83 5155
64660 84 6436
64661 85 5498
64662 86 7784
64663 87 0
64664 88 2615
64665 89 6384
64666 90 2829
64667 91 7350
64668 92 2197
64669 93 3802
64670 94 2841
64671 95 7822
64672 96 6839
64673 97 5049
64674 98 0
64675 99 4008
64676 100 2074
64677 101 4477
64678 102 3817
64679 103 10434
64680 104 2173
64681 105 2841
64682 106 1922
64683 107 3585
64684 108 4231
64685 109 2437
64686 110 7440
64687 111 3850
64688 112 6425
64689 113 0
64690 114 4410
64691 115 6773
64692 116 6258
64693 117 2710
64694 118 8190
64695 119 9324
64696 120 0
64697 121 4811
64698 122 2926
64699 123 6086
64700 124 0
64701 125 3576
64702 126 3327
64703 127 1498
64704 128 5861
64705 129 2003
