2500
64577 1 1357
64578 2 2461
64579 3 5583
64580 4 3658
64581 5 8152
64582 6 2676
64583 7 3826
64584 8 3454
64585 9 4916
64586 10 2456
64587 11 4302
64588 12 4694
64589 13 4726
64590 14 0
64591 15 4793
64592 16 4097
64593 17 4985
64594 18 3332
64595 19 4381
64596 20 3716
64597 21 7450
64598 22 5621
64599 23 8125
64600 24 4256
64601 25 4010
64602 26 2252
64603 27 7199
64604 28 2265
64605 29 6761
64606 30 4057
64607 31 5146
64608 32 8383
64609 33 0
64610 34 6508
64611 35 5907
64612 36 7962
64613 37 6944
64614 38 2876
64615 39 0
64616 40 3449
64617 41 5424
64618 42 2338
64619 43 4960
64620 44 2603
64621 45 0
64622 46 2301
64623 47 4421
64624 48 5141
64625 49 2774
64626 50 9427
64627 51 2164
64628 52 2648
64629 53 6354
64630 54 3931
64631 55 2136
64632 56 4105
64633 57 2221
64634 58 7063
64635 59 2666
64636 60 5127
64637 61 8330
64638 62 0
64639 63 2747
64640 64 6422
64641 65 9323
64642 66 2263
64643 67 2100
64644 68 2472
64645 69 5008
64646 70 4687
64647 71 1876
64648 72 6083
64649 73 5111
64650 74 3465
64651 75 4521
64652 76 0
64653 77 2630
64654 78 5101
64655 79 5841
64656 80 2742
64657 81 8928
64658 82 2105
64659 83 3939
64660 84 3237
64661 85 3635
64662 86 3822
64663 87 4613
64664 88 2475
64665 89 3802
64666 90 0
64667 91 1946
64668 92 3383
64669 93 5553
64670 94 3874
64671 95 2586
64672 96 4313
64673 97 2069
64674 98 3816
64675 99 5461
64676 100 2167
64677 101 2764
64678 102 7907
64679 103 2222
64680 104 4546
64681 105 3796
64682 106 8322
64683 107 3239
64684 108 5060
64685 109 0
64686 110 2189
64687 111 2117
64688 112 5077
64689 113 5687
64690 114 7232
64691 115 4147
64692 116 7676
64693 117 2229
64694 118 1997
64695 119 5747
64696 120 3723
64697 121 4013
64698 122 9493
64699 123 5650
64700 124 0
64701 125 3874
64702 126 1396
64703 127 1805
64704 128 7759
64705 129 7028
64706 130 0
64707 131 6752
64708 132 4639
64709 133 6168
64710 134 8334
64711 135 4291
64712 136 5684
64713 137 2729
64714 138 10275
64715 139 2003
