2500
64577 1 10151
64578 2 6211
64579 3 4192
64580 4 3065
64581 5 5067
64582 6 4711
64583 7 5398
64584 8 0
64585 9 7243
64586 10 3572
64587 11 2806
64588 12 1547
64589 13 6234
64590 14 2079
64591 15 8631
64592 16 6967
64593 17 3085
64594 18 4479
64595 19 6421
64596 20 7186
64597 21 2015
64598 22 2584
64599 23 6846
64600 24 6388
64601 25 2385
64602 26 4922
64603 27 3374
64604 28 3491
64605 29 5932
64606 30 5000
64607 31 3926
64608 32 826
64609 33 4134
64610 34 4852
64611 35 2032
64612 36 5560
64613 37 3950
64614 38 4336
64615 39 2508
64616 40 4184
64617 41 5370
64618 42 4662
64619 43 6390
64620 44 1892
64621 45 2646
64622 46 3877
64623 47 4576
64624 48 5158
64625 49 0
64626 50 2181
64627 51 4159
64628 52 7515
64629 53 2169
64630 54 4606
64631 55 4307
64632 56 4846
64633 57 8124
64634 58 6832
64635 59 2388
64636 60 4479
64637 61 3508
64638 62 4307
64639 63 2368
64640 64 3676
64641 65 5065
64642 66 4981
64643 67 3737
64644 68 0
64645 69 3314
64646 70 2621
64647 71 6467
64648 72 2130
64649 73 4166
64650 74 5251
64651 75 3412
64652 76 3886
64653 77 5732
64654 78 2168
64655 79 7368
64656 80 2419
64657 81 3586
64658 82 1374
64659 83 3881
64660 84 4403
64661 85 2750
64662 86 5332
64663 87 5231
64664 88 0
64665 89 3095
64666 90 6193
64667 91 6034
64668 92 2238
64669 93 3634
64670 94 6193
64671 95 2269
64672 96 3368
64673 97 6813
64674 98 5597
64675 99 4009
64676 100 5309
64677 101 5472
64678 102 4865
64679 103 2734
64680 104 0
64681 105 2825
64682 106 6060
64683 107 1915
64684 108 2659
64685 109 4611
64686 110 4515
64687 111 3348
64688 112 3605
64689 113 1979
64690 114 5346
64691 115 4519
64692 116 1740
64693 117 0
64694 118 2115
64695 119 2497
64696 120 3521
64697 121 3595
64698 122 3975
64699 123 2263
64700 124 3691
64701 125 5895
64702 126 2329
64703 127 3181
64704 128 3945
64705 129 5751
64706 130 2585
64707 131 4234
64708 132 1899
64709 133 5646
64710 134 2395
64711 135 2957
64712 136 3848
64713 137 5093
64714 138 2901
64715 139 0
64716 140 2093
64717 141 5821
64718 142 2579
64719 143 0
64720 144 2319
64721 145 7303
64722 146 1574
64723 147 7403
64724 148 2003
