2500
64577 1 2690
64578 2 3735
64579 3 4787
64580 4 4280
64581 5 2820
64582 6 2931
64583 7 4394
64584 8 0
64585 9 2844
64586 10 3235
64587 11 4564
64588 12 2683
64589 13 5866
64590 14 0
64591 15 951
64592 16 3832
64593 17 6025
64594 18 2230
64595 19 2745
64596 20 3575
64597 21 1734
64598 22 5883
64599 23 3386
64600 24 2821
64601 25 6966
64602 26 1563
64603 27 4288
64604 28 3070
64605 29 4954
64606 30 2470
64607 31 2769
64608 32 2486
64609 33 2064
64610 34 6147
64611 35 2003
64612 36 6670
64613 37 2991
64614 38 6984
64615 39 8331
64616 40 0
64617 41 5302
64618 42 6751
64619 43 2003
64620 44 2738
64621 45 3891
64622 46 1927
64623 47 5072
64624 48 4294
64625 49 4807
64626 50 8312
64627 51 5660
64628 52 2122
64629 53 6265
64630 54 0
64631 55 7213
64632 56 5515
64633 57 6406
64634 58 2797
64635 59 8736
64636 60 2003
64637 61 3383
64638 62 3629
64639 63 3579
64640 64 4837
64641 65 2729
64642 66 1912
64643 67 4050
64644 68 829
64645 69 4269
64646 70 4291
64647 71 1726
64648 72 3876
64649 73 0
64650 74 4145
64651 75 1710
64652 76 5094
64653 77 4328
64654 78 9277
64655 79 2231
64656 80 5992
64657 81 6092
64658 82 3347
64659 83 7987
64660 84 4120
64661 85 852
64662 86 3210
64663 87 3066
64664 88 3086
64665 89 11514
64666 90 2003
64667 91 3318
64668 92 2393
64669 93 4728
64670 94 5547
64671 95 2235
64672 96 2185
64673 97 5255
64674 98 6543
64675 99 4211
64676 100 2095
64677 101 3487
64678 102 5739
64679 103 10106
64680 104 2107
64681 105 1695
64682 106 4271
64683 107 4841
64684 108 0
64685 109 2358
64686 110 4502
64687 111 2594
64688 112 3951
64689 113 3614
64690 114 4501
64691 115 0
64692 116 6618
64693 117 4612
64694 118 10946
64695 119 2003
64696 120 4501
64697 121 2969
64698 122 0
64699 123 4832
64700 124 4448
64701 125 4544
64702 126 0
64703 127 3451
64704 128 5936
64705 129 6487
64706 130 2003
