2500
64577 1 3087
64578 2 2694
64579 3 0
64580 4 1564
64581 5 4895
64582 6 2670
64583 7 4629
64584 8 3909
64585 9 4720
64586 10 4185
64587 11 1290
64588 12 5018
64589 13 2050
64590 14 5387
64591 15 3996
64592 16 2538
64593 17 4617
64594 18 5236
64595 19 4010
64596 20 2676
64597 21 6101
64598 22 2182
64599 23 5561
64600 24 2233
64601 25 2627
64602 26 5759
64603 27 1991
64604 28 5905
64605 29 0
64606 30 1545
64607 31 3462
64608 32 2701
64609 33 7087
64610 34 6690
64611 35 2868
64612 36 4824
64613 37 2441
64614 38 4497
64615 39 4360
64616 40 5422
64617 41 0
64618 42 3513
64619 43 4281
64620 44 2398
64621 45 5133
64622 46 5725
64623 47 4306
64624 48 8683
64625 49 2349
64626 50 3398
64627 51 5243
64628 52 1489
64629 53 6034
64630 54 6359
64631 55 3608
64632 56 3551
64633 57 4719
64634 58 4117
64635 59 2451
64636 60 4264
64637 61 0
64638 62 3527
64639 63 3711
64640 64 4281
64641 65 2742
64642 66 5410
64643 67 5833
64644 68 8191
64645 69 5497
64646 70 3077
64647 71 6441
64648 72 6800
64649 73 5545
64650 74 7005
64651 75 0
64652 76 3250
64653 77 7199
64654 78 2541
64655 79 7431
64656 80 4065
64657 81 4352
64658 82 6187
64659 83 8393
64660 84 2258
64661 85 1177
64662 86 4943
64663 87 4513
64664 88 4014
64665 89 4405
64666 90 6123
64667 91 1957
64668 92 6319
64669 93 5058
64670 94 2504
64671 95 4176
64672 96 2422
64673 97 8156
64674 98 2016
64675 99 2617
64676 100 4091
64677 101 3982
64678 102 1208
64679 103 4876
64680 104 1182
64681 105 3330
64682 106 5211
64683 107 2191
64684 108 3458
64685 109 3453
64686 110 5488
64687 111 4307
64688 112 7900
64689 113 2214
64690 114 2233
64691 115 2980
64692 116 2853
64693 117 2083
64694 118 7137
64695 119 5726
64696 120 7021
64697 121 10680
64698 122 8163
64699 123 2201
64700 124 3927
64701 125 4184
64702 126 6023
64703 127 5227
64704 128 8270
64705 129 2225
64706 130 2869
64707 131 3999
64708 132 5187
64709 133 5879
64710 134 8611
64711 135 3587
64712 136 1834
64713 137 5476
64714 138 6320
64715 139 2003
