2500
64577 1 2972
64578 2 4884
64579 3 5031
64580 4 7072
64581 5 5983
64582 6 6068
64583 7 6480
64584 8 5913
64585 9 1811
64586 10 6318
64587 11 6120
64588 12 2185
64589 13 5610
64590 14 2564
64591 15 3438
64592 16 5041
64593 17 4443
64594 18 7932
64595 19 2306
64596 20 2543
64597 21 5075
64598 22 1928
64599 23 8102
64600 24 6643
64601 25 5730
64602 26 4561
64603 27 6952
64604 28 2260
64605 29 3989
64606 30 3321
64607 31 2289
64608 32 5114
64609 33 4817
64610 34 5057
64611 35 2404
64612 36 3280
64613 37 3648
64614 38 5729
64615 39 3140
64616 40 4437
64617 41 0
64618 42 5337
64619 43 5901
64620 44 2123
64621 45 3575
64622 46 5941
64623 47 1940
64624 48 8023
64625 49 2457
64626 50 4020
64627 51 1656
64628 52 2226
64629 53 3452
64630 54 3476
64631 55 8809
64632 56 2136
64633 57 3520
64634 58 5832
64635 59 1816
64636 60 3671
64637 61 5003
64638 62 2451
64639 63 5628
64640 64 4374
64641 65 8313
64642 66 4037
64643 67 5484
64644 68 7118
64645 69 4055
64646 70 5538
64647 71 0
64648 72 2264
64649 73 1838
64650 74 4773
64651 75 4556
64652 76 3922
64653 77 11262
64654 78 2162
64655 79 3292
64656 80 5260
64657 81 3710
64658 82 7820
64659 83 6881
64660 84 7602
64661 85 6796
64662 86 6241
64663 87 0
64664 88 2152
64665 89 2115
64666 90 4839
64667 91 4762
64668 92 8538
64669 93 2147
64670 94 3538
64671 95 5746
64672 96 5349
64673 97 4550
64674 98 6114
64675 99 11302
64676 100 2490
64677 101 5385
64678 102 0
64679 103 2234
64680 104 3598
64681 105 3301
64682 106 4824
64683 107 4036
64684 108 9062
64685 109 2278
64686 110 3465
64687 111 5668
64688 112 6226
64689 113 3556
64690 114 4178
64691 115 5684
64692 116 4881
64693 117 3826
64694 118 5816
64695 119 2823
64696 120 5017
64697 121 1778
64698 122 5085
64699 123 3458
64700 124 4334
64701 125 0
64702 126 3883
64703 127 2001
64704 128 4922
64705 129 5190
64706 130 4528
64707 131 8578
64708 132 2003
