2500
64577 1 3466
64578 2 5374
64579 3 2113
64580 4 3407
64581 5 5217
64582 6 6043
64583 7 4635
64584 8 0
64585 9 1022
64586 10 2308
64587 11 5186
64588 12 3655
64589 13 2405
64590 14 5317
64591 15 2355
64592 16 2918
64593 17 6068
64594 18 2185
64595 19 2995
64596 20 2339
64597 21 1828
64598 22 7091
64599 23 6325
64600 24 0
64601 25 5248
64602 26 1986
64603 27 5235
64604 28 2155
64605 29 2948
64606 30 4084
64607 31 4720
64608 32 4864
64609 33 1414
64610 34 5185
64611 35 3136
64612 36 4190
64613 37 3975
64614 38 0
64615 39 2600
64616 40 5383
64617 41 4872
64618 42 2873
64619 43 6718
64620 44 6720
64621 45 0
64622 46 3099
64623 47 5135
64624 48 7957
64625 49 2197
64626 50 4690
64627 51 5327
64628 52 3585
64629 53 2470
64630 54 6056
64631 55 0
64632 56 3206
64633 57 5541
64634 58 2789
64635 59 1845
64636 60 8220
64637 61 6020
64638 62 2555
64639 63 7781
64640 64 2016
64641 65 1833
64642 66 9313
64643 67 4151
64644 68 3128
64645 69 3887
64646 70 6849
64647 71 11771
64648 72 6168
64649 73 0
64650 74 7534
64651 75 5132
64652 76 5097
64653 77 3121
64654 78 8027
64655 79 2329
64656 80 1985
64657 81 3696
64658 82 4157
64659 83 5490
64660 84 6909
64661 85 3387
64662 86 2869
64663 87 0
64664 88 3786
64665 89 5592
64666 90 2534
64667 91 4423
64668 92 3034
64669 93 0
64670 94 2930
64671 95 3055
64672 96 2706
64673 97 5691
64674 98 2225
64675 99 2942
64676 100 6595
64677 101 4475
64678 102 5133
64679 103 0
64680 104 5745
64681 105 2671
64682 106 3097
64683 107 3065
64684 108 4419
64685 109 3536
64686 110 0
64687 111 1666
64688 112 5178
64689 113 5069
64690 114 3132
64691 115 0
64692 116 4857
64693 117 3993
64694 118 4594
64695 119 4594
64696 120 5721
64697 121 5054
64698 122 1551
64699 123 8387
64700 124 2192
64701 125 1173
64702 126 5450
64703 127 3632
64704 128 5873
64705 129 5920
64706 130 6485
64707 131 2741
64708 132 4969
64709 133 4359
64710 134 7285
64711 135 2159
64712 136 2274
64713 137 5448
64714 138 3360
64715 139 5059
64716 140 4303
64717 141 4816
64718 142 0
64719 143 5030
64720 144 4678
64721 145 2647
64722 146 5180
64723 147 5351
64724 148 2003
