2500
64577 1 2996
64578 2 3029
64579 3 4456
64580 4 2632
64581 5 3228
64582 6 4174
64583 7 4938
64584 8 3453
64585 9 2306
64586 10 2556
64587 11 5158
64588 12 3333
64589 13 3779
64590 14 2428
64591 15 3519
64592 16 4159
64593 17 4745
64594 18 5733
64595 19 1882
64596 20 6755
64597 21 2692
64598 22 6740
64599 23 0
64600 24 6231
64601 25 5134
64602 26 6669
64603 27 2300
64604 28 1660
64605 29 4684
64606 30 5264
64607 31 5774
64608 32 3306
64609 33 4898
64610 34 1715
64611 35 4008
64612 36 2418
64613 37 7305
64614 38 2224
64615 39 3339
64616 40 3667
64617 41 5197
64618 42 4217
64619 43 3813
64620 44 2802
64621 45 0
64622 46 2986
64623 47 5337
64624 48 3741
64625 49 2208
64626 50 4192
64627 51 4786
64628 52 2271
64629 53 2125
64630 54 6089
64631 55 2269
64632 56 2922
64633 57 3646
64634 58 1901
64635 59 2845
64636 60 4958
64637 61 4092
64638 62 3054
64639 63 3060
64640 64 4739
64641 65 0
64642 66 2193
64643 67 1925
64644 68 3209
64645 69 4464
64646 70 3712
64647 71 5629
64648 72 2150
64649 73 4162
64650 74 1541
64651 75 4992
64652 76 4625
64653 77 8140
64654 78 3129
64655 79 6116
64656 80 0
64657 81 3384
64658 82 3122
64659 83 5084
64660 84 5256
64661 85 3138
64662 86 3042
64663 87 0
64664 88 6730
64665 89 2090
64666 90 9814
64667 91 2148
64668 92 2472
64669 93 4991
64670 94 2466
64671 95 1760
64672 96 4661
64673 97 1972
64674 98 3807
64675 99 5488
64676 100 2462
64677 101 3719
64678 102 3467
64679 103 3243
64680 104 0
64681 105 2701
64682 106 5361
64683 107 2097
64684 108 5576
64685 109 6235
64686 110 3223
64687 111 2900
64688 112 6256
64689 113 2569
64690 114 10112
64691 115 2003
64692 116 2611
64693 117 3822
64694 118 5163
64695 119 1518
64696 120 4927
64697 121 1456
64698 122 6229
64699 123 1373
64700 124 7446
64701 125 0
64702 126 2340
64703 127 2090
64704 128 8818
64705 129 2386
64706 130 4544
64707 131 2418
64708 132 3851
64709 133 2706
64710 134 3909
64711 135 0
64712 136 6220
64713 137 3749
64714 138 2852
64715 139 5902
64716 140 2183
64717 141 3544
64718 142 5751
64719 143 1802
64720 144 3399
64721 145 6102
64722 146 1639
64723 147 5515
64724 148 3886
64725 149 4912
64726 150 7048
64727 151 4104
64728 152 3757
64729 153 3815
64730 154 3824
64731 155 5726
64732 156 2003
