2500
64577 1 1961
64578 2 4301
64579 3 1693
64580 4 5428
64581 5 4639
64582 6 3361
64583 7 3225
64584 8 4530
64585 9 3908
64586 10 2455
64587 11 3251
64588 12 0
64589 13 3168
64590 14 7022
64591 15 6106
64592 16 2156
64593 17 3638
64594 18 6507
64595 19 4202
64596 20 4229
64597 21 2038
64598 22 3042
64599 23 1901
64600 24 3294
64601 25 2957
64602 26 1610
64603 27 2967
64604 28 2100
64605 29 2242
64606 30 2537
64607 31 0
64608 32 4567
64609 33 7311
64610 34 2139
64611 35 2055
64612 36 3005
64613 37 3785
64614 38 4770
64615 39 0
64616 40 3240
64617 41 4212
64618 42 5064
64619 43 7375
64620 44 6211
64621 45 2003
64622 46 5105
64623 47 3948
64624 48 4231
64625 49 4723
64626 50 7326
64627 51 1972
64628 52 4214
64629 53 0
64630 54 2543
64631 55 1355
64632 56 3464
64633 57 6593
64634 58 2143
64635 59 3324
64636 60 4965
64637 61 1717
64638 62 4209
64639 63 4101
64640 64 6182
64641 65 6578
64642 66 2319
64643 67 5181
64644 68 5804
64645 69 4204
64646 70 4520
64647 71 5730
64648 72 2281
64649 73 4506
64650 74 4835
64651 75 6341
64652 76 2194
64653 77 3585
64654 78 4525
64655 79 2333
64656 80 3766
64657 81 3828
64658 82 2290
64659 83 4209
64660 84 6033
64661 85 6690
64662 86 5872
64663 87 2215
64664 88 3967
64665 89 4841
64666 90 0
64667 91 3389
64668 92 3628
64669 93 4556
64670 94 3967
64671 95 6985
64672 96 2146
64673 97 2530
64674 98 3629
64675 99 4312
64676 100 4312
64677 101 3666
64678 102 4580
64679 103 6885
64680 104 1628
64681 105 4765
64682 106 4014
64683 107 3392
64684 108 5049
64685 109 4379
64686 110 3723
64687 111 4762
64688 112 4317
64689 113 3060
64690 114 4809
64691 115 0
64692 116 2705
64693 117 4698
64694 118 2646
64695 119 2326
64696 120 3485
64697 121 2280
64698 122 4713
64699 123 1993
64700 124 1857
64701 125 7400
64702 126 2245
64703 127 2252
64704 128 3705
64705 129 2525
64706 130 3084
64707 131 1803
64708 132 3697
64709 133 4850
64710 134 2570
64711 135 3972
64712 136 8367
64713 137 2164
64714 138 4127
64715 139 2462
64716 140 3440
64717 141 5586
64718 142 2085
64719 143 4130
64720 144 2424
64721 145 5615
64722 146 2700
64723 147 4488
64724 148 0
64725 149 2350
64726 150 4694
64727 151 4222
64728 152 6432
64729 153 0
64730 154 3063
64731 155 2461
64732 156 5343
64733 157 5082
64734 158 3565
64735 159 2003
