2500
64577 1 4275
64578 2 5542
64579 3 6344
64580 4 7064
64581 5 2543
64582 6 4278
64583 7 2943
64584 8 6311
64585 9 4278
64586 10 3772
64587 11 4998
64588 12 4009
64589 13 4807
64590 14 3124
64591 15 5292
64592 16 2431
64593 17 6317
64594 18 4653
64595 19 2903
64596 20 2775
64597 21 2282
64598 22 6639
64599 23 5182
64600 24 6005
64601 25 0
64602 26 5120
64603 27 3227
64604 28 2795
64605 29 4590
64606 30 5238
64607 31 0
64608 32 3943
64609 33 7274
64610 34 2567
64611 35 7625
64612 36 5078
64613 37 4886
64614 38 3994
64615 39 1576
64616 40 5613
64617 41 2899
64618 42 4192
64619 43 8850
64620 44 6975
64621 45 0
64622 46 3312
64623 47 5679
64624 48 7325
64625 49 4515
64626 50 4897
64627 51 2635
64628 52 4443
64629 53 2263
64630 54 3879
64631 55 5115
64632 56 4586
64633 57 4080
64634 58 7315
64635 59 7983
64636 60 3197
64637 61 0
64638 62 3858
64639 63 2485
64640 64 9218
64641 65 2157
64642 66 4058
64643 67 5001
64644 68 7665
64645 69 7808
64646 70 3242
64647 71 4761
64648 72 4383
64649 73 5294
64650 74 4810
64651 75 5842
64652 76 7514
64653 77 6092
64654 78 2503
64655 79 4932
64656 80 11153
64657 81 2304
64658 82 9345
64659 83 6102
64660 84 2482
64661 85 6025
64662 86 4195
64663 87 9445
64664 88 7458
64665 89 3025
64666 90 8472
64667 91 9725
64668 92 6058
64669 93 3464
64670 94 4782
64671 95 0
64672 96 3925
64673 97 2697
64674 98 2795
64675 99 5365
64676 100 6596
64677 101 6380
64678 102 7509
64679 103 6001
64680 104 7208
64681 105 3054
64682 106 2445
64683 107 4491
64684 108 2684
64685 109 9631
64686 110 1950
64687 111 5220
64688 112 5003
64689 113 3004
64690 114 6609
64691 115 5975
64692 116 7476
64693 117 0
64694 118 6775
64695 119 5300
64696 120 11382
64697 121 2003
