2500
64577 1 3602
64578 2 5066
64579 3 3329
64580 4 4333
64581 5 5254
64582 6 4026
64583 7 2536
64584 8 4278
64585 9 6276
64586 10 2168
64587 11 3809
64588 12 1859
64589 13 4056
64590 14 5130
64591 15 2770
64592 16 4296
64593 17 4827
64594 18 4591
64595 19 2274
64596 20 2990
64597 21 5710
64598 22 2242
64599 23 2978
64600 24 2634
64601 25 3937
64602 26 4742
64603 27 2625
64604 28 6011
64605 29 0
64606 30 2272
64607 31 3602
64608 32 2177
64609 33 2110
64610 34 3591
64611 35 5920
64612 36 3251
64613 37 8322
64614 38 2141
64615 39 1053
64616 40 2857
64617 41 4352
64618 42 5793
64619 43 2522
64620 44 5547
64621 45 1650
64622 46 4652
64623 47 2508
64624 48 3298
64625 49 5807
64626 50 2887
64627 51 1217
64628 52 4148
64629 53 2095
64630 54 2411
64631 55 2698
64632 56 5163
64633 57 5981
64634 58 0
64635 59 4155
64636 60 1505
64637 61 4310
64638 62 0
64639 63 3027
64640 64 5853
64641 65 6111
64642 66 2186
64643 67 3969
64644 68 4108
64645 69 5993
64646 70 5193
64647 71 9790
64648 72 1769
64649 73 3356
64650 74 2882
64651 75 4656
64652 76 0
64653 77 7126
64654 78 3898
64655 79 8291
64656 80 2182
64657 81 3791
64658 82 4861
64659 83 3608
64660 84 4695
64661 85 7408
64662 86 3169
64663 87 4953
64664 88 1334
64665 89 4534
64666 90 2698
64667 91 2516
64668 92 2922
64669 93 4577
64670 94 0
64671 95 3774
64672 96 2987
64673 97 5293
64674 98 8081
64675 99 3993
64676 100 1600
64677 101 5467
64678 102 2197
64679 103 5684
64680 104 1675
64681 105 3575
64682 106 4404
64683 107 5217
64684 108 8623
64685 109 2760
64686 110 3122
64687 111 9238
64688 112 2242
64689 113 4227
64690 114 4794
64691 115 5675
64692 116 1978
64693 117 3841
64694 118 6327
64695 119 2281
64696 120 4463
64697 121 3010
64698 122 0
64699 123 3572
64700 124 6360
64701 125 4432
64702 126 5269
64703 127 4345
64704 128 7203
64705 129 2541
64706 130 2857
64707 131 2338
64708 132 7824
64709 133 1572
64710 134 5006
64711 135 3711
64712 136 2668
64713 137 2505
64714 138 3764
64715 139 3993
64716 140 1346
64717 141 6362
64718 142 2167
64719 143 4051
64720 144 2302
64721 145 2960
64722 146 2525
64723 147 2873
64724 148 0
64725 149 2433
64726 150 8255
64727 151 3901
64728 152 1497
64729 153 4565
64730 154 2003
