2500
64577 1 2967
64578 2 2168
64579 3 3255
64580 4 4540
64581 5 7992
64582 6 6115
64583 7 2526
64584 8 4720
64585 9 4576
64586 10 8787
64587 11 1979
64588 12 3790
64589 13 5518
64590 14 5746
64591 15 4891
64592 16 4857
64593 17 3786
64594 18 5706
64595 19 2297
64596 20 4900
64597 21 2130
64598 22 4462
64599 23 2315
64600 24 3776
64601 25 2277
64602 26 4540
64603 27 0
64604 28 6768
64605 29 2478
64606 30 10183
64607 31 2201
64608 32 3359
64609 33 4892
64610 34 2249
64611 35 5847
64612 36 2448
64613 37 5271
64614 38 4178
64615 39 2529
64616 40 4429
64617 41 2660
64618 42 3047
64619 43 2638
64620 44 6917
64621 45 4096
64622 46 0
64623 47 5401
64624 48 3280
64625 49 4683
64626 50 4590
64627 51 2177
64628 52 3033
64629 53 2969
64630 54 4643
64631 55 4852
64632 56 2713
64633 57 9298
64634 58 3241
64635 59 1379
64636 60 5563
64637 61 4300
64638 62 1915
64639 63 4010
64640 64 3333
64641 65 0
64642 66 4648
64643 67 5650
64644 68 3269
64645 69 2003
64646 70 2234
64647 71 5435
64648 72 4470
64649 73 5449
64650 74 7865
64651 75 2716
64652 76 4339
64653 77 4852
64654 78 2003
64655 79 5247
64656 80 3268
64657 81 0
64658 82 3036
64659 83 2782
64660 84 3404
64661 85 0
64662 86 2940
64663 87 5220
64664 88 7720
64665 89 2194
64666 90 3012
64667 91 6636
64668 92 3123
64669 93 3555
64670 94 4652
64671 95 0
64672 96 4269
64673 97 1679
64674 98 5664
64675 99 4228
64676 100 1876
64677 101 3145
64678 102 2925
64679 103 3080
64680 104 3215
64681 105 2238
64682 106 4706
64683 107 3213
64684 108 0
64685 109 4873
64686 110 2389
64687 111 6078
64688 112 2632
64689 113 4009
64690 114 3302
64691 115 2133
64692 116 2672
64693 117 3514
64694 118 7032
64695 119 2295
64696 120 3054
64697 121 3687
64698 122 3002
64699 123 5368
64700 124 2757
64701 125 3632
64702 126 5556
64703 127 2506
64704 128 4608
64705 129 0
64706 130 2030
64707 131 8319
64708 132 1927
64709 133 4375
64710 134 4017
64711 135 2003
