2500
64577 1 3806
64578 2 4384
64579 3 4000
64580 4 5917
64581 5 1883
64582 6 4355
64583 7 2507
64584 8 0
64585 9 3431
64586 10 4958
64587 11 3617
64588 12 4362
64589 13 6382
64590 14 0
64591 15 2785
64592 16 4047
64593 17 2709
64594 18 2688
64595 19 3262
64596 20 5347
64597 21 2086
64598 22 2617
64599 23 2516
64600 24 4473
64601 25 5231
64602 26 3450
64603 27 4836
64604 28 4147
64605 29 1696
64606 30 4758
64607 31 3196
64608 32 0
64609 33 2265
64610 34 4621
64611 35 3400
64612 36 5010
64613 37 2371
64614 38 6520
64615 39 6427
64616 40 5730
64617 41 6170
64618 42 3126
64619 43 3678
64620 44 2601
64621 45 3630
64622 46 6708
64623 47 1773
64624 48 4959
64625 49 1752
64626 50 5988
64627 51 1836
64628 52 5790
64629 53 2366
64630 54 6306
64631 55 2200
64632 56 2766
64633 57 6895
64634 58 2631
64635 59 2091
64636 60 4628
64637 61 4156
64638 62 1624
64639 63 3298
64640 64 2269
64641 65 2805
64642 66 2701
64643 67 2410
64644 68 6332
64645 69 0
64646 70 8767
64647 71 3587
64648 72 5095
64649 73 4774
64650 74 0
64651 75 4554
64652 76 5201
64653 77 2485
64654 78 3716
64655 79 2851
64656 80 0
64657 81 2482
64658 82 2818
64659 83 9271
64660 84 5595
64661 85 2808
64662 86 5965
64663 87 6204
64664 88 2080
64665 89 3649
64666 90 2915
64667 91 2407
64668 92 2381
64669 93 4842
64670 94 3617
64671 95 2127
64672 96 4821
64673 97 4203
64674 98 1777
64675 99 5571
64676 100 1361
64677 101 1813
64678 102 7419
64679 103 1496
64680 104 1657
64681 105 5547
64682 106 3052
64683 107 2575
64684 108 2437
64685 109 0
64686 110 2356
64687 111 2885
64688 112 4934
64689 113 4430
64690 114 2068
64691 115 3722
64692 116 2664
64693 117 6492
64694 118 4489
64695 119 8069
64696 120 3515
64697 121 2358
64698 122 5488
64699 123 4695
64700 124 2665
64701 125 1876
64702 126 5152
64703 127 0
64704 128 2257
64705 129 3027
64706 130 2378
64707 131 3004
64708 132 5156
64709 133 2174
64710 134 2392
64711 135 3673
64712 136 3742
64713 137 4641
64714 138 2691
64715 139 3176
64716 140 1379
64717 141 4664
64718 142 2930
64719 143 0
64720 144 2073
64721 145 2622
64722 146 1486
64723 147 2873
64724 148 2727
64725 149 5020
64726 150 4425
64727 151 2188
64728 152 5013
64729 153 1968
64730 154 5128
64731 155 6867
64732 156 2066
64733 157 4729
64734 158 0
64735 159 2391
64736 160 2908
64737 161 7492
64738 162 5152
64739 163 5414
64740 164 2003
