2500
64577 1 1739
64578 2 3352
64579 3 1862
64580 4 2747
64581 5 3494
64582 6 2414
64583 7 1246
64584 8 1690
64585 9 6637
64586 10 2247
64587 11 1713
64588 12 5477
64589 13 4461
64590 14 4091
64591 15 4215
64592 16 4950
64593 17 5312
64594 18 0
64595 19 3214
64596 20 5112
64597 21 2298
64598 22 4773
64599 23 1916
64600 24 2825
64601 25 3257
64602 26 2659
64603 27 2595
64604 28 4376
64605 29 2170
64606 30 4414
64607 31 3685
64608 32 2261
64609 33 2721
64610 34 3134
64611 35 2906
64612 36 5080
64613 37 1799
64614 38 3157
64615 39 2740
64616 40 3059
64617 41 2636
64618 42 3212
64619 43 1585
64620 44 5194
64621 45 3726
64622 46 5500
64623 47 0
64624 48 2618
64625 49 3142
64626 50 7132
64627 51 6637
64628 52 2407
64629 53 4772
64630 54 6875
64631 55 2182
64632 56 1566
64633 57 3214
64634 58 3962
64635 59 5271
64636 60 2777
64637 61 2734
64638 62 3088
64639 63 5409
64640 64 2951
64641 65 7490
64642 66 5057
64643 67 3821
64644 68 0
64645 69 3088
64646 70 2778
64647 71 4713
64648 72 5914
64649 73 2262
64650 74 2682
64651 75 3565
64652 76 2481
64653 77 4988
64654 78 6576
64655 79 0
64656 80 3547
64657 81 6459
64658 82 6058
64659 83 2183
64660 84 3593
64661 85 0
64662 86 2186
64663 87 2534
64664 88 2893
64665 89 3538
64666 90 6052
64667 91 2226
64668 92 5842
64669 93 4264
64670 94 2425
64671 95 7484
64672 96 2694
64673 97 6566
64674 98 5284
64675 99 2003
64676 100 3765
64677 101 5642
64678 102 2160
64679 103 3382
64680 104 6917
64681 105 6646
64682 106 4957
64683 107 2883
64684 108 0
64685 109 2377
64686 110 4548
64687 111 2598
64688 112 0
64689 113 2441
64690 114 7499
64691 115 1587
64692 116 6290
64693 117 2029
64694 118 2477
64695 119 1391
64696 120 1727
64697 121 6220
64698 122 6220
64699 123 0
64700 124 2323
64701 125 2905
64702 126 1945
64703 127 4051
64704 128 6479
64705 129 2197
64706 130 2721
64707 131 3264
64708 132 1788
64709 133 5167
64710 134 2495
64711 135 5338
64712 136 3354
64713 137 5428
64714 138 4757
64715 139 2507
64716 140 4842
64717 141 5720
64718 142 4343
64719 143 1646
64720 144 4474
64721 145 5764
64722 146 2648
64723 147 0
64724 148 2293
64725 149 2705
64726 150 3548
64727 151 7018
64728 152 2360
64729 153 1382
64730 154 5054
64731 155 2711
64732 156 4934
64733 157 2497
64734 158 7237
64735 159 4503
64736 160 0
64737 161 2063
64738 162 2838
64739 163 4898
64740 164 5124
64741 165 2003
