2500
64577 1 2097
64578 2 1958
64579 3 1866
64580 4 2684
64581 5 3735
64582 6 3809
64583 7 1711
64584 8 5494
64585 9 4653
64586 10 5369
64587 11 1618
64588 12 3733
64589 13 4527
64590 14 5910
64591 15 4750
64592 16 0
64593 17 2179
64594 18 3991
64595 19 2890
64596 20 3893
64597 21 5077
64598 22 2786
64599 23 2771
64600 24 2673
64601 25 5593
64602 26 4520
64603 27 2181
64604 28 2925
64605 29 2513
64606 30 2716
64607 31 1869
64608 32 3638
64609 33 3224
64610 34 1729
64611 35 5463
64612 36 2572
64613 37 3683
64614 38 5285
64615 39 3019
64616 40 2860
64617 41 2097
64618 42 3881
64619 43 7405
64620 44 2278
64621 45 1837
64622 46 2044
64623 47 1699
64624 48 4806
64625 49 4142
64626 50 1670
64627 51 4450
64628 52 5539
64629 53 2557
64630 54 5279
64631 55 2555
64632 56 5716
64633 57 0
64634 58 2034
64635 59 1742
64636 60 3456
64637 61 4882
64638 62 3494
64639 63 5143
64640 64 5601
64641 65 2221
64642 66 3117
64643 67 6026
64644 68 3054
64645 69 6513
64646 70 3650
64647 71 2894
64648 72 7589
64649 73 1517
64650 74 3926
64651 75 3003
64652 76 5005
64653 77 2259
64654 78 2941
64655 79 4331
64656 80 6314
64657 81 0
64658 82 2436
64659 83 5647
64660 84 5436
64661 85 2366
64662 86 4465
64663 87 3389
64664 88 4641
64665 89 2219
64666 90 4567
64667 91 5070
64668 92 4097
64669 93 4207
64670 94 6092
64671 95 3702
64672 96 1565
64673 97 4326
64674 98 3157
64675 99 2632
64676 100 4493
64677 101 2592
64678 102 4235
64679 103 1998
64680 104 3298
64681 105 2598
64682 106 5036
64683 107 3791
64684 108 0
64685 109 2475
64686 110 3261
64687 111 2653
64688 112 3166
64689 113 0
64690 114 2617
64691 115 8035
64692 116 5995
64693 117 5174
64694 118 2582
64695 119 8029
64696 120 3316
64697 121 6493
64698 122 1813
64699 123 2347
64700 124 2886
64701 125 5102
64702 126 3320
64703 127 7179
64704 128 5052
64705 129 4678
64706 130 4595
64707 131 1390
64708 132 1682
64709 133 7618
64710 134 0
64711 135 2806
64712 136 4841
64713 137 3893
64714 138 3047
64715 139 6000
64716 140 2963
64717 141 0
64718 142 2718
64719 143 4829
64720 144 3924
64721 145 3397
64722 146 3755
64723 147 3739
64724 148 515
64725 149 2075
64726 150 2905
64727 151 3941
64728 152 5402
64729 153 2003
