2500
64577 1 2898
64578 2 2323
64579 3 4369
64580 4 8641
64581 5 1719
64582 6 3141
64583 7 3158
64584 8 2461
64585 9 3254
64586 10 6713
64587 11 2232
64588 12 1402
64589 13 7255
64590 14 4889
64591 15 0
64592 16 2615
64593 17 2024
64594 18 4417
64595 19 2503
64596 20 4117
64597 21 4629
64598 22 2744
64599 23 2083
64600 24 5041
64601 25 2757
64602 26 3599
64603 27 2747
64604 28 5378
64605 29 4723
64606 30 7436
64607 31 2098
64608 32 2741
64609 33 4172
64610 34 3457
64611 35 7422
64612 36 6768
64613 37 2445
64614 38 5307
64615 39 2102
64616 40 4608
64617 41 2635
64618 42 1571
64619 43 5891
64620 44 2664
64621 45 5316
64622 46 0
64623 47 1790
64624 48 2550
64625 49 2454
64626 50 4694
64627 51 2506
64628 52 2915
64629 53 2719
64630 54 3822
64631 55 0
64632 56 3149
64633 57 6829
64634 58 2079
64635 59 3074
64636 60 4091
64637 61 2385
64638 62 5295
64639 63 2381
64640 64 5238
64641 65 1323
64642 66 3030
64643 67 3353
64644 68 1573
64645 69 2036
64646 70 3568
64647 71 6298
64648 72 3320
64649 73 3808
64650 74 2953
64651 75 6631
64652 76 2129
64653 77 3123
64654 78 3233
64655 79 5451
64656 80 7468
64657 81 4881
64658 82 6146
64659 83 2074
64660 84 4496
64661 85 4982
64662 86 2477
64663 87 3507
64664 88 5005
64665 89 0
64666 90 3457
64667 91 3425
64668 92 6184
64669 93 2560
64670 94 3909
64671 95 2250
64672 96 1999
64673 97 4177
64674 98 4332
64675 99 2564
64676 100 4731
64677 101 2591
64678 102 2827
64679 103 4851
64680 104 2325
64681 105 1453
64682 106 4124
64683 107 4119
64684 108 2610
64685 109 2047
64686 110 5273
64687 111 0
64688 112 5217
64689 113 3127
64690 114 5113
64691 115 7231
64692 116 7979
64693 117 0
64694 118 4848
64695 119 1866
64696 120 9501
64697 121 2147
64698 122 4394
64699 123 2757
64700 124 4459
64701 125 1685
64702 126 5917
64703 127 3386
64704 128 2598
64705 129 3236
64706 130 4693
64707 131 0
64708 132 2219
64709 133 2483
64710 134 4223
64711 135 3514
64712 136 8024
64713 137 2067
64714 138 1247
64715 139 1813
64716 140 5568
64717 141 3474
64718 142 5275
64719 143 4168
64720 144 6096
64721 145 2838
64722 146 2228
64723 147 2585
64724 148 3762
64725 149 6178
64726 150 2003
