2500
64577 1 2438
64578 2 3342
64579 3 1778
64580 4 9045
64581 5 7346
64582 6 6840
64583 7 3465
64584 8 4485
64585 9 3204
64586 10 4701
64587 11 6665
64588 12 6211
64589 13 4812
64590 14 5442
64591 15 2323
64592 16 5345
64593 17 2238
64594 18 2749
64595 19 4323
64596 20 5399
64597 21 5507
64598 22 4189
64599 23 5203
64600 24 6015
64601 25 2979
64602 26 4694
64603 27 3068
64604 28 6091
64605 29 4835
64606 30 2390
64607 31 4678
64608 32 6024
64609 33 7360
64610 34 2173
64611 35 4719
64612 36 2922
64613 37 5726
64614 38 3455
64615 39 4873
64616 40 3257
64617 41 2581
64618 42 9377
64619 43 0
64620 44 5036
64621 45 5274
64622 46 4313
64623 47 2773
64624 48 6275
64625 49 6515
64626 50 1950
64627 51 3139
64628 52 3539
64629 53 5406
64630 54 4192
64631 55 2472
64632 56 6334
64633 57 2392
64634 58 3793
64635 59 0
64636 60 4740
64637 61 0
64638 62 5969
64639 63 3759
64640 64 4215
64641 65 3810
64642 66 1593
64643 67 13336
64644 68 1268
64645 69 2185
64646 70 6464
64647 71 6341
64648 72 2631
64649 73 7555
64650 74 5522
64651 75 4290
64652 76 3784
64653 77 5622
64654 78 3957
64655 79 5764
64656 80 7893
64657 81 2150
64658 82 2393
64659 83 3516
64660 84 3934
64661 85 2006
64662 86 4465
64663 87 3204
64664 88 2600
64665 89 3421
64666 90 3317
64667 91 4189
64668 92 2384
64669 93 3997
64670 94 6184
64671 95 2198
64672 96 2600
64673 97 3528
64674 98 3748
64675 99 2555
64676 100 3305
64677 101 4281
64678 102 0
64679 103 1367
64680 104 5957
64681 105 2312
64682 106 2101
64683 107 5312
64684 108 4635
64685 109 6262
64686 110 7799
64687 111 3283
64688 112 4823
64689 113 5691
64690 114 3257
64691 115 2590
64692 116 3632
64693 117 5842
64694 118 2082
64695 119 2767
64696 120 4151
64697 121 4326
64698 122 6809
64699 123 3667
64700 124 0
64701 125 6423
64702 126 4559
64703 127 1709
64704 128 4675
64705 129 3251
64706 130 4512
64707 131 3036
64708 132 3938
64709 133 3270
64710 134 3821
64711 135 4776
64712 136 3621
64713 137 3595
64714 138 4074
64715 139 2676
64716 140 6758
64717 141 2003
