2500
64577 1 8367
64578 2 2580
64579 3 5946
64580 4 5297
64581 5 3172
64582 6 5650
64583 7 7828
64584 8 4774
64585 9 6137
64586 10 2089
64587 11 3438
64588 12 3702
64589 13 3858
64590 14 5162
64591 15 4793
64592 16 3399
64593 17 1498
64594 18 4483
64595 19 3765
64596 20 0
64597 21 2287
64598 22 2543
64599 23 8113
64600 24 7409
64601 25 2178
64602 26 3634
64603 27 4412
64604 28 4513
64605 29 8349
64606 30 2502
64607 31 3496
64608 32 1845
64609 33 3914
64610 34 2477
64611 35 5792
64612 36 0
64613 37 5954
64614 38 4087
64615 39 3302
64616 40 6714
64617 41 2162
64618 42 5309
64619 43 4380
64620 44 3651
64621 45 5553
64622 46 3945
64623 47 2259
64624 48 5473
64625 49 0
64626 50 7198
64627 51 5601
64628 52 7955
64629 53 1823
64630 54 2288
64631 55 3625
64632 56 2505
64633 57 5015
64634 58 4635
64635 59 3139
64636 60 6020
64637 61 3836
64638 62 5620
64639 63 3059
64640 64 7667
64641 65 2192
64642 66 2990
64643 67 3618
64644 68 2579
64645 69 2919
64646 70 8049
64647 71 2643
64648 72 5014
64649 73 2523
64650 74 5892
64651 75 6021
64652 76 2101
64653 77 7415
64654 78 0
64655 79 3856
64656 80 1901
64657 81 3341
64658 82 5102
64659 83 0
64660 84 2752
64661 85 6201
64662 86 2217
64663 87 3250
64664 88 3728
64665 89 2279
64666 90 4520
64667 91 3923
64668 92 2645
64669 93 5871
64670 94 4917
64671 95 5288
64672 96 2775
64673 97 3453
64674 98 7091
64675 99 3688
64676 100 6868
64677 101 7273
64678 102 0
64679 103 2632
64680 104 5236
64681 105 2176
64682 106 6815
64683 107 2824
64684 108 3799
64685 109 5732
64686 110 2338
64687 111 6278
64688 112 7070
64689 113 2003
64690 114 2113
64691 115 3169
64692 116 5582
64693 117 1751
64694 118 3992
64695 119 4153
64696 120 7151
64697 121 6462
64698 122 2512
64699 123 1965
64700 124 6173
64701 125 2285
64702 126 5515
64703 127 4496
64704 128 5758
64705 129 4698
64706 130 8255
64707 131 2003
