2500
64577 1 4255
64578 2 3962
64579 3 2605
64580 4 2620
64581 5 2701
64582 6 3069
64583 7 9161
64584 8 8353
64585 9 0
64586 10 1989
64587 11 2849
64588 12 5727
64589 13 4642
64590 14 8544
64591 15 2236
64592 16 4926
64593 17 1567
64594 18 3785
64595 19 4725
64596 20 2383
64597 21 3270
64598 22 0
64599 23 2285
64600 24 2951
64601 25 5790
64602 26 2903
64603 27 7566
64604 28 5071
64605 29 2296
64606 30 4390
64607 31 2410
64608 32 3069
64609 33 0
64610 34 4242
64611 35 3641
64612 36 7818
64613 37 2329
64614 38 1616
64615 39 4986
64616 40 2755
64617 41 3800
64618 42 2030
64619 43 4373
64620 44 1658
64621 45 5133
64622 46 0
64623 47 2636
64624 48 4827
64625 49 8454
64626 50 3998
64627 51 7660
64628 52 4506
64629 53 6302
64630 54 0
64631 55 2608
64632 56 4448
64633 57 7488
64634 58 5583
64635 59 0
64636 60 4037
64637 61 4368
64638 62 9982
64639 63 0
64640 64 3679
64641 65 4525
64642 66 4620
64643 67 3107
64644 68 5175
64645 69 6242
64646 70 2003
64647 71 6209
64648 72 6302
64649 73 2034
64650 74 4325
64651 75 3356
64652 76 2750
64653 77 0
64654 78 2477
64655 79 1193
64656 80 4404
64657 81 6083
64658 82 6497
64659 83 1766
64660 84 4119
64661 85 9279
64662 86 0
64663 87 4279
64664 88 4650
64665 89 4903
64666 90 3699
64667 91 6414
64668 92 2628
64669 93 6883
64670 94 1694
64671 95 6821
64672 96 5310
64673 97 0
64674 98 6384
64675 99 2612
64676 100 5073
64677 101 5478
64678 102 2070
64679 103 4373
64680 104 3153
64681 105 9729
64682 106 2634
64683 107 6459
64684 108 0
64685 109 7368
64686 110 6304
64687 111 0
64688 112 4381
64689 113 7211
64690 114 6466
64691 115 2644
64692 116 4605
64693 117 1148
64694 118 4455
64695 119 2936
64696 120 2347
64697 121 7672
64698 122 8524
64699 123 3060
64700 124 1925
64701 125 4354
64702 126 2470
64703 127 6705
64704 128 6366
64705 129 0
64706 130 5402
64707 131 3222
64708 132 1825
64709 133 7387
64710 134 6124
64711 135 2003
