2500
64577 1 2599
64578 2 4451
64579 3 2553
64580 4 5735
64581 5 6048
64582 6 5301
64583 7 3714
64584 8 3132
64585 9 5622
64586 10 5292
64587 11 5426
64588 12 2434
64589 13 4069
64590 14 0
64591 15 4971
64592 16 4099
64593 17 4883
64594 18 5547
64595 19 2003
64596 20 4794
64597 21 7444
64598 22 2522
64599 23 6383
64600 24 0
64601 25 3553
64602 26 6445
64603 27 4702
64604 28 3289
64605 29 2070
64606 30 3999
64607 31 3965
64608 32 4579
64609 33 4537
64610 34 4683
64611 35 2888
64612 36 4629
64613 37 1851
64614 38 6020
64615 39 3733
64616 40 5786
64617 41 4869
64618 42 3566
64619 43 5336
64620 44 1342
64621 45 5589
64622 46 0
64623 47 6273
64624 48 2630
64625 49 2689
64626 50 6026
64627 51 4983
64628 52 1986
64629 53 1914
64630 54 5867
64631 55 2496
64632 56 4861
64633 57 3651
64634 58 4590
64635 59 7411
64636 60 2760
64637 61 4443
64638 62 6873
64639 63 5470
64640 64 5736
64641 65 6573
64642 66 6157
64643 67 3461
64644 68 6143
64645 69 2173
64646 70 4999
64647 71 3583
64648 72 7368
64649 73 5274
64650 74 4617
64651 75 5399
64652 76 2147
64653 77 2679
64654 78 4208
64655 79 7859
64656 80 5194
64657 81 2050
64658 82 5028
64659 83 4128
64660 84 1620
64661 85 4373
64662 86 2911
64663 87 6184
64664 88 2386
64665 89 4999
64666 90 2132
64667 91 2456
64668 92 3348
64669 93 4577
64670 94 4159
64671 95 4581
64672 96 4060
64673 97 1699
64674 98 4035
64675 99 4604
64676 100 5930
64677 101 0
64678 102 7093
64679 103 2734
64680 104 4192
64681 105 3548
64682 106 4841
64683 107 2342
64684 108 4075
64685 109 4091
64686 110 2474
64687 111 2366
64688 112 3916
64689 113 0
64690 114 2190
64691 115 5063
64692 116 2143
64693 117 3793
64694 118 2243
64695 119 2385
64696 120 4885
64697 121 4717
64698 122 2645
64699 123 5815
64700 124 2296
64701 125 4348
64702 126 3972
64703 127 4983
64704 128 2662
64705 129 4273
64706 130 2436
64707 131 2571
64708 132 4691
64709 133 2252
64710 134 4070
64711 135 6009
64712 136 5417
64713 137 2843
64714 138 2428
64715 139 2788
64716 140 1407
64717 141 4514
64718 142 5897
64719 143 0
64720 144 4017
64721 145 4065
64722 146 3250
64723 147 5856
64724 148 2003
