2500
64577 1 1071
64578 2 3379
64579 3 5349
64580 4 4825
64581 5 5983
64582 6 2592
64583 7 3920
64584 8 0
64585 9 4268
64586 10 1895
64587 11 3117
64588 12 2390
64589 13 0
64590 14 3992
64591 15 6308
64592 16 6081
64593 17 0
64594 18 5325
64595 19 4404
64596 20 2726
64597 21 3896
64598 22 5986
64599 23 6008
64600 24 4893
64601 25 6081
64602 26 0
64603 27 2492
64604 28 3547
64605 29 2997
64606 30 1519
64607 31 4808
64608 32 4520
64609 33 2073
64610 34 5282
64611 35 2710
64612 36 3417
64613 37 1749
64614 38 6515
64615 39 6880
64616 40 6308
64617 41 6266
64618 42 4687
64619 43 2724
64620 44 4221
64621 45 5708
64622 46 1355
64623 47 4458
64624 48 0
64625 49 2442
64626 50 3817
64627 51 3019
64628 52 1445
64629 53 5070
64630 54 4508
64631 55 2637
64632 56 4640
64633 57 1377
64634 58 4127
64635 59 2198
64636 60 4820
64637 61 4447
64638 62 5526
64639 63 4695
64640 64 3160
64641 65 5855
64642 66 2472
64643 67 3351
64644 68 1951
64645 69 3231
64646 70 2673
64647 71 1667
64648 72 2945
64649 73 3279
64650 74 2258
64651 75 3892
64652 76 2342
64653 77 5607
64654 78 0
64655 79 8708
64656 80 2727
64657 81 7215
64658 82 1958
64659 83 2769
64660 84 1746
64661 85 2926
64662 86 2619
64663 87 2615
64664 88 3622
64665 89 5175
64666 90 0
64667 91 1679
64668 92 5767
64669 93 4161
64670 94 2708
64671 95 2920
64672 96 0
64673 97 2365
64674 98 1564
64675 99 1892
64676 100 6945
64677 101 2408
64678 102 1938
64679 103 5861
64680 104 0
64681 105 2413
64682 106 1461
64683 107 4263
64684 108 4294
64685 109 4827
64686 110 2083
64687 111 5626
64688 112 0
64689 113 3683
64690 114 1397
64691 115 2738
64692 116 5172
64693 117 2425
64694 118 5518
64695 119 0
64696 120 2175
64697 121 5729
64698 122 4657
64699 123 2395
64700 124 4013
64701 125 2573
64702 126 2702
64703 127 3015
64704 128 0
64705 129 2830
64706 130 5215
64707 131 6652
64708 132 5908
64709 133 0
64710 134 2258
64711 135 4617
64712 136 6187
64713 137 0
64714 138 2725
64715 139 3673
64716 140 6098
64717 141 2319
64718 142 1590
64719 143 3914
64720 144 1770
64721 145 4338
64722 146 0
64723 147 2057
64724 148 3365
64725 149 4763
64726 150 2146
64727 151 3277
64728 152 0
64729 153 3073
64730 154 6374
64731 155 7167
64732 156 5308
64733 157 4245
64734 158 2829
64735 159 6943
64736 160 6622
64737 161 5202
64738 162 1869
64739 163 7549
64740 164 2610
64741 165 0
64742 166 4042
64743 167 5520
64744 168 4345
64745 169 2003
