2500
64577 1 2113
64578 2 1913
64579 3 5715
64580 4 4443
64581 5 2234
64582 6 4685
64583 7 4280
64584 8 5458
64585 9 1070
64586 10 4293
64587 11 2556
64588 12 1640
64589 13 5827
64590 14 2819
64591 15 4197
64592 16 2243
64593 17 2056
64594 18 2397
64595 19 1281
64596 20 4013
64597 21 7212
64598 22 2511
64599 23 2897
64600 24 2338
64601 25 2839
64602 26 2987
64603 27 4083
64604 28 1552
64605 29 2360
64606 30 2839
64607 31 3877
64608 32 0
64609 33 2273
64610 34 5081
64611 35 2744
64612 36 3257
64613 37 2950
64614 38 2594
64615 39 3026
64616 40 2452
64617 41 4579
64618 42 2042
64619 43 1127
64620 44 1662
64621 45 2797
64622 46 2508
64623 47 6753
64624 48 3724
64625 49 5930
64626 50 7020
64627 51 3210
64628 52 3516
64629 53 0
64630 54 2499
64631 55 4088
64632 56 4846
64633 57 2619
64634 58 4158
64635 59 2171
64636 60 4697
64637 61 4473
64638 62 0
64639 63 2370
64640 64 2788
64641 65 4906
64642 66 5168
64643 67 5718
64644 68 4196
64645 69 3916
64646 70 5605
64647 71 5001
64648 72 3858
64649 73 3572
64650 74 3758
64651 75 4896
64652 76 0
64653 77 2516
64654 78 4012
64655 79 5224
64656 80 6233
64657 81 5918
64658 82 4195
64659 83 5042
64660 84 2461
64661 85 3983
64662 86 0
64663 87 5237
64664 88 1392
64665 89 5297
64666 90 5335
64667 91 2690
64668 92 6550
64669 93 0
64670 94 6308
64671 95 3392
64672 96 2550
64673 97 2726
64674 98 4696
64675 99 2379
64676 100 7566
64677 101 7243
64678 102 1638
64679 103 6055
64680 104 0
64681 105 2896
64682 106 3397
64683 107 7246
64684 108 4384
64685 109 1636
64686 110 4294
64687 111 4438
64688 112 1618
64689 113 6587
64690 114 5315
64691 115 2717
64692 116 6009
64693 117 0
64694 118 2471
64695 119 6046
64696 120 3954
64697 121 1597
64698 122 3992
64699 123 2510
64700 124 3858
64701 125 2233
64702 126 1703
64703 127 3075
64704 128 2203
64705 129 1927
64706 130 4382
64707 131 2613
64708 132 3561
64709 133 5296
64710 134 2593
64711 135 3069
64712 136 4664
64713 137 2658
64714 138 4720
64715 139 5079
64716 140 4266
64717 141 3110
64718 142 7159
64719 143 2003
64720 144 3331
64721 145 2519
64722 146 6840
64723 147 6634
64724 148 3217
64725 149 3189
64726 150 1601
64727 151 4162
64728 152 2515
64729 153 5202
64730 154 5920
64731 155 2737
64732 156 6657
64733 157 0
64734 158 2887
64735 159 5494
64736 160 2357
64737 161 4654
64738 162 6515
64739 163 2003
