2500
64577 1 2422
64578 2 7283
64579 3 4620
64580 4 5542
64581 5 1478
64582 6 5660
64583 7 2508
64584 8 3578
64585 9 0
64586 10 3765
64587 11 1988
64588 12 3699
64589 13 4765
64590 14 5004
64591 15 2401
64592 16 4683
64593 17 0
64594 18 2590
64595 19 3436
64596 20 4719
64597 21 1856
64598 22 5554
64599 23 2603
64600 24 7628
64601 25 7898
64602 26 6310
64603 27 7050
64604 28 2341
64605 29 3243
64606 30 1959
64607 31 4102
64608 32 4767
64609 33 0
64610 34 2353
64611 35 2063
64612 36 3688
64613 37 5217
64614 38 4961
64615 39 2187
64616 40 2865
64617 41 2563
64618 42 4043
64619 43 5326
64620 44 6991
64621 45 1390
64622 46 4344
64623 47 4225
64624 48 0
64625 49 6568
64626 50 2895
64627 51 7540
64628 52 5601
64629 53 0
64630 54 3690
64631 55 2933
64632 56 2839
64633 57 5023
64634 58 2283
64635 59 4403
64636 60 4098
64637 61 6046
64638 62 2051
64639 63 3251
64640 64 7630
64641 65 2247
64642 66 7540
64643 67 5167
64644 68 2011
64645 69 6025
64646 70 4790
64647 71 4000
64648 72 5946
64649 73 9333
64650 74 4013
64651 75 2151
64652 76 7358
64653 77 6166
64654 78 6207
64655 79 6920
64656 80 5271
64657 81 1400
64658 82 5771
64659 83 0
64660 84 5992
64661 85 2586
64662 86 2069
64663 87 2545
64664 88 3804
64665 89 4338
64666 90 2095
64667 91 4356
64668 92 4112
64669 93 2078
64670 94 6609
64671 95 1672
64672 96 6031
64673 97 3619
64674 98 5951
64675 99 4472
64676 100 6499
64677 101 8257
64678 102 6335
64679 103 7444
64680 104 4623
64681 105 5350
64682 106 2227
64683 107 3200
64684 108 6534
64685 109 4061
64686 110 2884
64687 111 6250
64688 112 4119
64689 113 5675
64690 114 2704
64691 115 2889
64692 116 3005
64693 117 9407
64694 118 4656
64695 119 3503
64696 120 5226
64697 121 2003
64698 122 4898
64699 123 3701
64700 124 2138
64701 125 3348
64702 126 5703
64703 127 7325
64704 128 5505
64705 129 6228
64706 130 2433
64707 131 6335
64708 132 6519
64709 133 0
64710 134 7057
64711 135 3935
64712 136 2723
64713 137 2824
64714 138 5148
64715 139 2003
