2500
64577 1 1337
64578 2 3321
64579 3 4700
64580 4 4447
64581 5 2463
64582 6 7040
64583 7 5564
64584 8 5228
64585 9 4614
64586 10 5247
64587 11 4907
64588 12 6321
64589 13 2134
64590 14 3419
64591 15 6153
64592 16 2059
64593 17 4983
64594 18 3832
64595 19 4236
64596 20 6618
64597 21 2326
64598 22 4914
64599 23 2277
64600 24 5461
64601 25 0
64602 26 2636
64603 27 6003
64604 28 4153
64605 29 5023
64606 30 4000
64607 31 1827
64608 32 4267
64609 33 4238
64610 34 4041
64611 35 3360
64612 36 5782
64613 37 2127
64614 38 4172
64615 39 1936
64616 40 6005
64617 41 2593
64618 42 5151
64619 43 4021
64620 44 7645
64621 45 6388
64622 46 0
64623 47 4919
64624 48 6319
64625 49 7021
64626 50 6852
64627 51 6405
64628 52 2847
64629 53 6498
64630 54 0
64631 55 3030
64632 56 3401
64633 57 2576
64634 58 6254
64635 59 6975
64636 60 5779
64637 61 3410
64638 62 4608
64639 63 6050
64640 64 5879
64641 65 2371
64642 66 10087
64643 67 1409
64644 68 3122
64645 69 3117
64646 70 10649
64647 71 2022
64648 72 4885
64649 73 3072
64650 74 9665
64651 75 0
64652 76 2277
64653 77 2879
64654 78 5829
64655 79 4359
64656 80 4211
64657 81 2003
64658 82 2147
64659 83 10312
64660 84 10243
64661 85 8301
64662 86 7787
64663 87 7283
64664 88 7133
64665 89 8488
64666 90 8811
64667 91 7283
64668 92 8413
64669 93 10663
64670 94 9783
64671 95 10202
64672 96 10948
64673 97 9294
64674 98 9511
64675 99 9152
64676 100 7053
64677 101 8815
64678 102 12567
64679 103 3008
64680 104 7398
64681 105 10584
64682 106 3371
64683 107 2893
64684 108 3579
64685 109 6106
64686 110 4657
64687 111 5878
64688 112 2003
