2500
64577 1 1845
64578 2 3091
64579 3 4487
64580 4 2645
64581 5 4333
64582 6 2042
64583 7 3280
64584 8 2838
64585 9 6288
64586 10 2720
64587 11 1854
64588 12 3543
64589 13 2786
64590 14 4230
64591 15 2449
64592 16 3776
64593 17 0
64594 18 3156
64595 19 3651
64596 20 2656
64597 21 5825
64598 22 2837
64599 23 3392
64600 24 4334
64601 25 4446
64602 26 2258
64603 27 2713
64604 28 3916
64605 29 4487
64606 30 3977
64607 31 2953
64608 32 3928
64609 33 6423
64610 34 3687
64611 35 5009
64612 36 4416
64613 37 6763
64614 38 3609
64615 39 3089
64616 40 4958
64617 41 1767
64618 42 5393
64619 43 1472
64620 44 2471
64621 45 4662
64622 46 4630
64623 47 5016
64624 48 3734
64625 49 3556
64626 50 1791
64627 51 5201
64628 52 0
64629 53 2960
64630 54 3956
64631 55 3131
64632 56 3488
64633 57 3772
64634 58 7466
64635 59 2860
64636 60 1480
64637 61 4182
64638 62 2339
64639 63 7313
64640 64 4475
64641 65 1595
64642 66 4043
64643 67 6845
64644 68 2180
64645 69 3866
64646 70 4324
64647 71 3985
64648 72 0
64649 73 3503
64650 74 2196
64651 75 2684
64652 76 5189
64653 77 2334
64654 78 1083
64655 79 3498
64656 80 2473
64657 81 3745
64658 82 1936
64659 83 3965
64660 84 3304
64661 85 3652
64662 86 2575
64663 87 2120
64664 88 0
64665 89 3656
64666 90 2670
64667 91 1404
64668 92 3873
64669 93 3278
64670 94 2621
64671 95 3147
64672 96 0
64673 97 3753
64674 98 2274
64675 99 2904
64676 100 3932
64677 101 6544
64678 102 2187
64679 103 4155
64680 104 5390
64681 105 5654
64682 106 2966
64683 107 6770
64684 108 2289
64685 109 5380
64686 110 2993
64687 111 2286
64688 112 2633
64689 113 0
64690 114 2867
64691 115 3362
64692 116 5711
64693 117 2185
64694 118 931
64695 119 3819
64696 120 4826
64697 121 2008
64698 122 3584
64699 123 2496
64700 124 6239
64701 125 3946
64702 126 4595
64703 127 2832
64704 128 4804
64705 129 5651
64706 130 0
64707 131 3580
64708 132 2494
64709 133 5662
64710 134 3306
64711 135 4270
64712 136 2003
64713 137 4411
64714 138 3972
64715 139 4394
64716 140 4896
64717 141 2791
64718 142 3425
64719 143 6376
64720 144 2196
64721 145 6490
64722 146 3995
64723 147 5941
64724 148 2103
64725 149 1949
64726 150 4183
64727 151 4304
64728 152 7481
64729 153 8909
64730 154 6574
64731 155 2427
64732 156 6476
64733 157 2396
64734 158 4273
64735 159 0
64736 160 3725
64737 161 7180
64738 162 4242
64739 163 2003
