2500
64577 1 4792
64578 2 2883
64579 3 5264
64580 4 3744
64581 5 0
64582 6 4255
64583 7 2826
64584 8 3195
64585 9 6101
64586 10 2167
64587 11 3799
64588 12 3520
64589 13 2505
64590 14 6708
64591 15 5091
64592 16 6640
64593 17 6634
64594 18 2316
64595 19 5755
64596 20 2335
64597 21 2443
64598 22 5352
64599 23 5851
64600 24 4164
64601 25 2232
64602 26 3669
64603 27 6937
64604 28 2657
64605 29 3393
64606 30 2362
64607 31 2896
64608 32 4468
64609 33 6693
64610 34 2184
64611 35 2649
64612 36 3077
64613 37 6951
64614 38 7515
64615 39 3226
64616 40 4717
64617 41 7101
64618 42 2318
64619 43 2859
64620 44 0
64621 45 6544
64622 46 3718
64623 47 6852
64624 48 2003
64625 49 4397
64626 50 3976
64627 51 4691
64628 52 2210
64629 53 5514
64630 54 7546
64631 55 2064
64632 56 8348
64633 57 2478
64634 58 3025
64635 59 1883
64636 60 7065
64637 61 3124
64638 62 5135
64639 63 4713
64640 64 2331
64641 65 3313
64642 66 5798
64643 67 0
64644 68 6897
64645 69 9964
64646 70 4942
64647 71 5725
64648 72 2165
64649 73 4626
64650 74 4100
64651 75 2489
64652 76 4360
64653 77 2484
64654 78 6893
64655 79 3376
64656 80 5163
64657 81 6348
64658 82 2774
64659 83 4928
64660 84 5819
64661 85 3285
64662 86 3145
64663 87 2839
64664 88 5785
64665 89 4515
64666 90 3994
64667 91 4890
64668 92 4485
64669 93 4649
64670 94 4377
64671 95 4746
64672 96 5856
64673 97 3489
64674 98 5697
64675 99 5675
64676 100 4707
64677 101 4617
64678 102 2299
64679 103 4996
64680 104 4779
64681 105 4220
64682 106 2291
64683 107 2478
64684 108 3509
64685 109 1767
64686 110 7504
64687 111 6165
64688 112 3725
64689 113 2631
64690 114 3528
64691 115 9399
64692 116 0
64693 117 1972
64694 118 5023
64695 119 1575
64696 120 4610
64697 121 5010
64698 122 3099
64699 123 7243
64700 124 2774
64701 125 7630
64702 126 6478
64703 127 6563
64704 128 4660
64705 129 5606
64706 130 4277
64707 131 0
64708 132 8525
64709 133 2947
64710 134 6010
64711 135 5128
64712 136 2003
