2500
64577 1 1390
64578 2 3774
64579 3 2407
64580 4 3487
64581 5 4115
64582 6 4405
64583 7 4205
64584 8 2401
64585 9 3815
64586 10 0
64587 11 3300
64588 12 5403
64589 13 3333
64590 14 4412
64591 15 2564
64592 16 4679
64593 17 6184
64594 18 0
64595 19 3473
64596 20 3335
64597 21 2141
64598 22 3332
64599 23 5287
64600 24 2528
64601 25 6022
64602 26 8266
64603 27 2851
64604 28 6427
64605 29 4757
64606 30 0
64607 31 3489
64608 32 4749
64609 33 1529
64610 34 1960
64611 35 5449
64612 36 0
64613 37 7925
64614 38 2832
64615 39 4829
64616 40 4607
64617 41 2022
64618 42 1383
64619 43 3200
64620 44 3073
64621 45 4816
64622 46 2509
64623 47 3009
64624 48 2968
64625 49 1913
64626 50 4292
64627 51 5228
64628 52 2309
64629 53 4236
64630 54 2465
64631 55 5187
64632 56 6355
64633 57 2589
64634 58 1784
64635 59 7377
64636 60 5843
64637 61 0
64638 62 4988
64639 63 2785
64640 64 2403
64641 65 4610
64642 66 3600
64643 67 4984
64644 68 2184
64645 69 4180
64646 70 5743
64647 71 4511
64648 72 1702
64649 73 5148
64650 74 3490
64651 75 3274
64652 76 2950
64653 77 1769
64654 78 5737
64655 79 2732
64656 80 2481
64657 81 4531
64658 82 2657
64659 83 5165
64660 84 4042
64661 85 7027
64662 86 2362
64663 87 5259
64664 88 5814
64665 89 2682
64666 90 6431
64667 91 6047
64668 92 2447
64669 93 7921
64670 94 5792
64671 95 0
64672 96 2380
64673 97 5944
64674 98 3053
64675 99 4112
64676 100 4313
64677 101 7137
64678 102 6378
64679 103 0
64680 104 3381
64681 105 1448
64682 106 6560
64683 107 2263
64684 108 3597
64685 109 0
64686 110 2914
64687 111 8314
64688 112 3708
64689 113 6484
64690 114 2367
64691 115 3628
64692 116 5554
64693 117 0
64694 118 6539
64695 119 4270
64696 120 9450
64697 121 7135
64698 122 0
64699 123 1935
64700 124 3646
64701 125 5746
64702 126 1975
64703 127 4109
64704 128 4657
64705 129 2457
64706 130 2743
64707 131 1814
64708 132 4863
64709 133 5129
64710 134 2404
64711 135 4853
64712 136 2875
64713 137 0
64714 138 2581
64715 139 5751
64716 140 5220
64717 141 3607
64718 142 2926
64719 143 6538
64720 144 2003
64721 145 2352
64722 146 4269
64723 147 4247
64724 148 1313
64725 149 4923
64726 150 2628
64727 151 2228
64728 152 3328
64729 153 3763
64730 154 3751
64731 155 4359
64732 156 2003
