2500
64577 1 1246
64578 2 4337
64579 3 5125
64580 4 1692
64581 5 6323
64582 6 2929
64583 7 5868
64584 8 2551
64585 9 6364
64586 10 2794
64587 11 3195
64588 12 6675
64589 13 3001
64590 14 3507
64591 15 6063
64592 16 2119
64593 17 5519
64594 18 2371
64595 19 1497
64596 20 4623
64597 21 6470
64598 22 0
64599 23 6610
64600 24 2375
64601 25 0
64602 26 2108
64603 27 1927
64604 28 4324
64605 29 2344
64606 30 4594
64607 31 3095
64608 32 4836
64609 33 1803
64610 34 2148
64611 35 2856
64612 36 10699
64613 37 5846
64614 38 2509
64615 39 3943
64616 40 0
64617 41 4584
64618 42 4309
64619 43 4805
64620 44 4120
64621 45 4076
64622 46 6691
64623 47 6317
64624 48 1755
64625 49 2209
64626 50 4219
64627 51 4514
64628 52 2858
64629 53 6403
64630 54 4657
64631 55 2563
64632 56 1863
64633 57 4532
64634 58 6403
64635 59 3775
64636 60 2642
64637 61 3317
64638 62 4884
64639 63 2312
64640 64 5188
64641 65 6557
64642 66 8303
64643 67 7329
64644 68 4181
64645 69 1536
64646 70 9192
64647 71 3473
64648 72 6839
64649 73 4732
64650 74 5116
64651 75 5893
64652 76 2003
64653 77 4332
64654 78 4321
64655 79 2086
64656 80 8775
64657 81 7356
64658 82 5008
64659 83 7035
64660 84 6164
64661 85 5014
64662 86 2421
64663 87 7796
64664 88 0
64665 89 3452
64666 90 3281
64667 91 2057
64668 92 6165
64669 93 2298
64670 94 4842
64671 95 0
64672 96 6349
64673 97 2833
64674 98 4539
64675 99 4517
64676 100 2143
64677 101 1014
64678 102 2353
64679 103 1116
64680 104 2968
64681 105 6444
64682 106 6664
64683 107 2088
64684 108 5538
64685 109 4907
64686 110 10999
64687 111 1790
64688 112 6989
64689 113 5659
64690 114 3468
64691 115 2223
64692 116 1456
64693 117 7660
64694 118 3288
64695 119 2586
64696 120 4021
64697 121 2236
64698 122 6078
64699 123 0
64700 124 4088
64701 125 4404
64702 126 5192
64703 127 5440
64704 128 6062
64705 129 2464
64706 130 5237
64707 131 2854
64708 132 2947
64709 133 5681
64710 134 3745
64711 135 2785
64712 136 3859
64713 137 0
64714 138 2974
64715 139 3526
64716 140 5079
64717 141 2867
64718 142 6259
64719 143 2003
