2500
64577 1 4855
64578 2 4523
64579 3 2507
64580 4 5720
64581 5 0
64582 6 1900
64583 7 2976
64584 8 3981
64585 9 3042
64586 10 2696
64587 11 0
64588 12 2244
64589 13 4552
64590 14 2949
64591 15 5831
64592 16 4476
64593 17 3962
64594 18 1850
64595 19 2250
64596 20 2951
64597 21 3153
64598 22 7865
64599 23 3369
64600 24 3382
64601 25 4929
64602 26 2163
64603 27 5227
64604 28 3350
64605 29 3108
64606 30 0
64607 31 1536
64608 32 5898
64609 33 2956
64610 34 2374
64611 35 4162
64612 36 2113
64613 37 2652
64614 38 4348
64615 39 6967
64616 40 1778
64617 41 3837
64618 42 5549
64619 43 5336
64620 44 3856
64621 45 2568
64622 46 5213
64623 47 6491
64624 48 2280
64625 49 4365
64626 50 3077
64627 51 2778
64628 52 4356
64629 53 5236
64630 54 5056
64631 55 6216
64632 56 7080
64633 57 2309
64634 58 2960
64635 59 4806
64636 60 6422
64637 61 2492
64638 62 6009
64639 63 5535
64640 64 2309
64641 65 4093
64642 66 2173
64643 67 4144
64644 68 4164
64645 69 4727
64646 70 1541
64647 71 4686
64648 72 5439
64649 73 3999
64650 74 4663
64651 75 3646
64652 76 2860
64653 77 3306
64654 78 3533
64655 79 0
64656 80 3664
64657 81 3250
64658 82 3001
64659 83 5062
64660 84 2003
64661 85 4238
64662 86 4159
64663 87 4771
64664 88 3940
64665 89 2824
64666 90 4337
64667 91 2978
64668 92 5201
64669 93 2201
64670 94 4315
64671 95 2778
64672 96 5680
64673 97 5047
64674 98 5385
64675 99 5183
64676 100 0
64677 101 3249
64678 102 2816
64679 103 2931
64680 104 5950
64681 105 3004
64682 106 2374
64683 107 2837
64684 108 5455
64685 109 1914
64686 110 2405
64687 111 5247
64688 112 6499
64689 113 2561
64690 114 6338
64691 115 6457
64692 116 6485
64693 117 3960
64694 118 1906
64695 119 5913
64696 120 6226
64697 121 3032
64698 122 4936
64699 123 5944
64700 124 0
64701 125 2672
64702 126 3405
64703 127 4883
64704 128 5183
64705 129 1899
64706 130 5490
64707 131 2593
64708 132 7016
64709 133 8457
64710 134 10944
64711 135 11269
64712 136 5692
64713 137 2581
64714 138 2406
64715 139 7476
64716 140 8393
64717 141 0
64718 142 5452
64719 143 2803
64720 144 5478
64721 145 4919
64722 146 2003
