2500
64577 1 3871
64578 2 2343
64579 3 3970
64580 4 2082
64581 5 1246
64582 6 1774
64583 7 7004
64584 8 2462
64585 9 1702
64586 10 5785
64587 11 2388
64588 12 4245
64589 13 1508
64590 14 5513
64591 15 0
64592 16 3044
64593 17 5173
64594 18 4591
64595 19 2081
64596 20 3679
64597 21 1576
64598 22 2768
64599 23 1658
64600 24 5172
64601 25 2194
64602 26 3885
64603 27 3554
64604 28 2360
64605 29 3798
64606 30 4184
64607 31 5896
64608 32 3007
64609 33 5365
64610 34 3637
64611 35 0
64612 36 3487
64613 37 5754
64614 38 5786
64615 39 2294
64616 40 3506
64617 41 4090
64618 42 7104
64619 43 1789
64620 44 3938
64621 45 4698
64622 46 0
64623 47 1851
64624 48 2858
64625 49 3709
64626 50 9362
64627 51 3435
64628 52 4886
64629 53 0
64630 54 1426
64631 55 4148
64632 56 2934
64633 57 4177
64634 58 3179
64635 59 1792
64636 60 7542
64637 61 2517
64638 62 3446
64639 63 5742
64640 64 2979
64641 65 4387
64642 66 2646
64643 67 4444
64644 68 3109
64645 69 5679
64646 70 2432
64647 71 1918
64648 72 7021
64649 73 4568
64650 74 1916
64651 75 8229
64652 76 3842
64653 77 4612
64654 78 5594
64655 79 8259
64656 80 0
64657 81 6567
64658 82 3658
64659 83 6087
64660 84 4106
64661 85 6363
64662 86 2203
64663 87 4892
64664 88 4129
64665 89 1773
64666 90 5056
64667 91 8761
64668 92 5784
64669 93 3040
64670 94 4807
64671 95 2749
64672 96 3912
64673 97 3726
64674 98 2217
64675 99 4476
64676 100 6428
64677 101 3279
64678 102 4281
64679 103 4173
64680 104 3179
64681 105 4233
64682 106 2601
64683 107 5271
64684 108 1913
64685 109 4462
64686 110 5806
64687 111 2790
64688 112 4600
64689 113 4966
64690 114 5391
64691 115 2203
64692 116 3460
64693 117 3313
64694 118 4991
64695 119 3620
64696 120 4868
64697 121 2708
64698 122 3727
64699 123 5163
64700 124 2387
64701 125 4344
64702 126 2784
64703 127 4555
64704 128 6238
64705 129 2697
64706 130 3662
64707 131 5341
64708 132 2003
