2500
64577 1 4050
64578 2 2528
64579 3 2390
64580 4 3909
64581 5 1334
64582 6 2911
64583 7 4382
64584 8 0
64585 9 1768
64586 10 3720
64587 11 1360
64588 12 4880
64589 13 5539
64590 14 1540
64591 15 6541
64592 16 6154
64593 17 5347
64594 18 2197
64595 19 2506
64596 20 3236
64597 21 2573
64598 22 1446
64599 23 2507
64600 24 5076
64601 25 2465
64602 26 4796
64603 27 2311
64604 28 5546
64605 29 5948
64606 30 0
64607 31 2235
64608 32 2207
64609 33 4754
64610 34 3170
64611 35 5424
64612 36 1660
64613 37 4851
64614 38 4960
64615 39 7050
64616 40 2483
64617 41 5326
64618 42 0
64619 43 2154
64620 44 2053
64621 45 4774
64622 46 3368
64623 47 6120
64624 48 3564
64625 49 4671
64626 50 2189
64627 51 1184
64628 52 4314
64629 53 5339
64630 54 3809
64631 55 3478
64632 56 4478
64633 57 0
64634 58 5694
64635 59 3447
64636 60 4248
64637 61 5613
64638 62 0
64639 63 3675
64640 64 1602
64641 65 6063
64642 66 2257
64643 67 1766
64644 68 4553
64645 69 6071
64646 70 4521
64647 71 1695
64648 72 4914
64649 73 0
64650 74 6577
64651 75 4774
64652 76 0
64653 77 2314
64654 78 2536
64655 79 5338
64656 80 4791
64657 81 2287
64658 82 7345
64659 83 4443
64660 84 5533
64661 85 3939
64662 86 6607
64663 87 3940
64664 88 0
64665 89 4905
64666 90 2039
64667 91 2919
64668 92 4807
64669 93 0
64670 94 3212
64671 95 3683
64672 96 2260
64673 97 4362
64674 98 2690
64675 99 3420
64676 100 4583
64677 101 3501
64678 102 0
64679 103 3045
64680 104 3523
64681 105 4313
64682 106 2584
64683 107 3624
64684 108 4015
64685 109 2452
64686 110 4603
64687 111 5625
64688 112 2003
64689 113 5530
64690 114 2377
64691 115 1427
64692 116 3602
64693 117 2520
64694 118 5994
64695 119 6459
64696 120 4944
64697 121 6154
64698 122 5190
64699 123 6197
64700 124 0
64701 125 5304
64702 126 3085
64703 127 3861
64704 128 4584
64705 129 0
64706 130 4058
64707 131 1938
64708 132 4710
64709 133 6466
64710 134 2335
64711 135 3044
64712 136 4933
64713 137 3742
64714 138 5138
64715 139 1512
64716 140 3920
64717 141 2801
64718 142 5407
64719 143 2342
64720 144 3931
64721 145 5692
64722 146 6204
64723 147 6430
64724 148 0
64725 149 3032
64726 150 2686
64727 151 5055
64728 152 3550
64729 153 1985
64730 154 943
64731 155 3914
64732 156 6073
64733 157 5488
64734 158 1688
64735 159 3869
64736 160 1671
64737 161 5860
64738 162 5359
64739 163 2003
