2500
64577 1 2850
64578 2 2860
64579 3 5580
64580 4 4474
64581 5 6654
64582 6 3538
64583 7 6674
64584 8 2601
64585 9 3940
64586 10 0
64587 11 4692
64588 12 7418
64589 13 8162
64590 14 7444
64591 15 8526
64592 16 2443
64593 17 4078
64594 18 2638
64595 19 8014
64596 20 0
64597 21 5819
64598 22 7198
64599 23 4326
64600 24 0
64601 25 3219
64602 26 3624
64603 27 9390
64604 28 2306
64605 29 2611
64606 30 2234
64607 31 2570
64608 32 4014
64609 33 4367
64610 34 6055
64611 35 1692
64612 36 3700
64613 37 1940
64614 38 4786
64615 39 2636
64616 40 6844
64617 41 2107
64618 42 3146
64619 43 6461
64620 44 2958
64621 45 4263
64622 46 3573
64623 47 6242
64624 48 2905
64625 49 2425
64626 50 4221
64627 51 5425
64628 52 0
64629 53 2347
64630 54 6032
64631 55 3303
64632 56 2657
64633 57 3281
64634 58 6623
64635 59 2174
64636 60 6481
64637 61 3039
64638 62 2842
64639 63 2489
64640 64 6585
64641 65 4812
64642 66 3974
64643 67 5894
64644 68 0
64645 69 3758
64646 70 1468
64647 71 6013
64648 72 4538
64649 73 9339
64650 74 2202
64651 75 838
64652 76 5123
64653 77 2149
64654 78 2470
64655 79 4719
64656 80 3375
64657 81 5870
64658 82 2447
64659 83 7190
64660 84 3024
64661 85 2340
64662 86 4999
64663 87 4012
64664 88 2786
64665 89 3625
64666 90 4556
64667 91 0
64668 92 5380
64669 93 2798
64670 94 4136
64671 95 3117
64672 96 2684
64673 97 5541
64674 98 0
64675 99 2449
64676 100 4932
64677 101 4597
64678 102 0
64679 103 2849
64680 104 4586
64681 105 3829
64682 106 1705
64683 107 4268
64684 108 3387
64685 109 0
64686 110 3500
64687 111 2638
64688 112 4308
64689 113 4356
64690 114 3879
64691 115 4623
64692 116 2720
64693 117 6474
64694 118 6039
64695 119 1293
64696 120 5135
64697 121 0
64698 122 4761
64699 123 2622
64700 124 6462
64701 125 9785
64702 126 3324
64703 127 5188
64704 128 0
64705 129 4108
64706 130 2542
64707 131 6182
64708 132 7049
64709 133 6398
64710 134 2666
64711 135 8913
64712 136 4970
64713 137 0
64714 138 2887
64715 139 5341
64716 140 2466
64717 141 2929
64718 142 3759
64719 143 3538
64720 144 2932
64721 145 2537
64722 146 5005
64723 147 3990
64724 148 4588
64725 149 2003
