2500
64577 1 1943
64578 2 3166
64579 3 3784
64580 4 1714
64581 5 6634
64582 6 3450
64583 7 0
64584 8 5798
64585 9 2733
64586 10 4214
64587 11 5448
64588 12 0
64589 13 3044
64590 14 2635
64591 15 3567
64592 16 3639
64593 17 6600
64594 18 2204
64595 19 0
64596 20 3670
64597 21 4959
64598 22 3923
64599 23 4918
64600 24 2203
64601 25 5970
64602 26 5742
64603 27 4616
64604 28 3888
64605 29 4427
64606 30 6095
64607 31 6254
64608 32 5736
64609 33 4078
64610 34 4966
64611 35 5272
64612 36 3540
64613 37 4671
64614 38 2644
64615 39 4330
64616 40 3642
64617 41 2196
64618 42 3167
64619 43 5945
64620 44 2060
64621 45 4977
64622 46 0
64623 47 4034
64624 48 4866
64625 49 2570
64626 50 7488
64627 51 2003
64628 52 5398
64629 53 4173
64630 54 3550
64631 55 5176
64632 56 2919
64633 57 6645
64634 58 3057
64635 59 3134
64636 60 4830
64637 61 4772
64638 62 3240
64639 63 4492
64640 64 0
64641 65 4544
64642 66 3225
64643 67 3850
64644 68 5307
64645 69 7494
64646 70 2003
64647 71 4299
64648 72 2969
64649 73 3726
64650 74 2814
64651 75 6047
64652 76 6044
64653 77 5485
64654 78 7438
64655 79 5394
64656 80 6085
64657 81 2782
64658 82 4384
64659 83 0
64660 84 2296
64661 85 1983
64662 86 3482
64663 87 4611
64664 88 3293
64665 89 4511
64666 90 5462
64667 91 2101
64668 92 4034
64669 93 4808
64670 94 4655
64671 95 5302
64672 96 4286
64673 97 5882
64674 98 2279
64675 99 3773
64676 100 2673
64677 101 7323
64678 102 2243
64679 103 2651
64680 104 5265
64681 105 2122
64682 106 4797
64683 107 2624
64684 108 5409
64685 109 2305
64686 110 4576
64687 111 2321
64688 112 5565
64689 113 6816
64690 114 3871
64691 115 2040
64692 116 3553
64693 117 3753
64694 118 4171
64695 119 0
64696 120 4065
64697 121 2231
64698 122 4885
64699 123 3626
64700 124 6072
64701 125 2197
64702 126 1939
64703 127 3786
64704 128 3971
64705 129 4006
64706 130 2048
64707 131 3362
64708 132 2919
64709 133 1610
64710 134 8521
64711 135 5803
64712 136 3140
64713 137 1634
64714 138 7346
64715 139 2489
64716 140 1557
64717 141 5617
64718 142 2752
64719 143 2807
64720 144 4364
64721 145 2653
64722 146 3757
64723 147 2681
64724 148 2069
64725 149 3818
64726 150 1994
64727 151 4585
64728 152 2003
