2500
64577 1 2632
64578 2 3448
64579 3 6210
64580 4 4451
64581 5 2526
64582 6 3566
64583 7 2731
64584 8 2121
64585 9 0
64586 10 3052
64587 11 2346
64588 12 2879
64589 13 2662
64590 14 5058
64591 15 3157
64592 16 2848
64593 17 2744
64594 18 3679
64595 19 0
64596 20 3341
64597 21 4218
64598 22 0
64599 23 2884
64600 24 3869
64601 25 7282
64602 26 2107
64603 27 1183
64604 28 1994
64605 29 1995
64606 30 8551
64607 31 4281
64608 32 8027
64609 33 6694
64610 34 0
64611 35 1761
64612 36 2479
64613 37 0
64614 38 2865
64615 39 1024
64616 40 7285
64617 41 3525
64618 42 5141
64619 43 1422
64620 44 3471
64621 45 4495
64622 46 5655
64623 47 2188
64624 48 2040
64625 49 1720
64626 50 7571
64627 51 3378
64628 52 5445
64629 53 2816
64630 54 3732
64631 55 3393
64632 56 6274
64633 57 2284
64634 58 1994
64635 59 3885
64636 60 3621
64637 61 3188
64638 62 2134
64639 63 4602
64640 64 3455
64641 65 5218
64642 66 2816
64643 67 5321
64644 68 4968
64645 69 2200
64646 70 2252
64647 71 3969
64648 72 4229
64649 73 6166
64650 74 2855
64651 75 7065
64652 76 0
64653 77 2756
64654 78 0
64655 79 2784
64656 80 1825
64657 81 2640
64658 82 4956
64659 83 7930
64660 84 2369
64661 85 3107
64662 86 7680
64663 87 2446
64664 88 5245
64665 89 5235
64666 90 4171
64667 91 5482
64668 92 7286
64669 93 5736
64670 94 5230
64671 95 1481
64672 96 7725
64673 97 2003
64674 98 8158
64675 99 2912
64676 100 4023
64677 101 4789
64678 102 2376
64679 103 6297
64680 104 8374
64681 105 2003
64682 106 2160
64683 107 2738
64684 108 5263
64685 109 2898
64686 110 1758
64687 111 7847
64688 112 2938
64689 113 4222
64690 114 2206
64691 115 6799
64692 116 2238
64693 117 3699
64694 118 4515
64695 119 7958
64696 120 2108
64697 121 5209
64698 122 5059
64699 123 5645
64700 124 2584
64701 125 4893
64702 126 4447
64703 127 4228
64704 128 0
64705 129 2225
64706 130 3168
64707 131 1992
64708 132 8524
64709 133 5916
64710 134 3580
64711 135 4619
64712 136 4691
64713 137 6476
64714 138 4273
64715 139 4685
64716 140 4777
64717 141 4437
64718 142 4988
64719 143 8254
64720 144 4065
64721 145 7523
64722 146 3395
64723 147 3183
64724 148 3616
64725 149 7258
64726 150 2003
