2500
64577 1 2365
64578 2 3897
64579 3 7576
64580 4 4934
64581 5 8701
64582 6 3646
64583 7 7689
64584 8 2410
64585 9 5515
64586 10 2526
64587 11 1855
64588 12 4320
64589 13 0
64590 14 1528
64591 15 3703
64592 16 6228
64593 17 2186
64594 18 3494
64595 19 5173
64596 20 8434
64597 21 4269
64598 22 7850
64599 23 3292
64600 24 3145
64601 25 4427
64602 26 5791
64603 27 1649
64604 28 6464
64605 29 2072
64606 30 4120
64607 31 3561
64608 32 5483
64609 33 2616
64610 34 4248
64611 35 0
64612 36 5065
64613 37 5365
64614 38 2242
64615 39 2743
64616 40 6351
64617 41 0
64618 42 5960
64619 43 5712
64620 44 1756
64621 45 4488
64622 46 4351
64623 47 5336
64624 48 0
64625 49 2910
64626 50 4984
64627 51 2582
64628 52 1378
64629 53 3757
64630 54 7444
64631 55 2197
64632 56 3027
64633 57 5011
64634 58 1850
64635 59 3970
64636 60 2660
64637 61 3272
64638 62 2689
64639 63 2841
64640 64 5697
64641 65 2296
64642 66 3058
64643 67 5471
64644 68 1657
64645 69 7302
64646 70 2003
64647 71 4330
64648 72 3215
64649 73 5588
64650 74 4334
64651 75 5224
64652 76 2779
64653 77 3046
64654 78 8375
64655 79 2003
64656 80 1900
64657 81 2445
64658 82 2850
64659 83 5189
64660 84 4574
64661 85 3313
64662 86 3740
64663 87 4996
64664 88 4121
64665 89 5811
64666 90 4861
64667 91 1696
64668 92 5956
64669 93 2197
64670 94 2987
64671 95 5475
64672 96 3097
64673 97 5014
64674 98 3553
64675 99 4397
64676 100 4296
64677 101 3422
64678 102 2843
64679 103 2607
64680 104 4099
64681 105 5155
64682 106 4978
64683 107 5746
64684 108 2338
64685 109 3208
64686 110 6229
64687 111 2482
64688 112 4638
64689 113 2769
64690 114 1809
64691 115 6333
64692 116 7004
64693 117 2175
64694 118 5791
64695 119 4880
64696 120 1698
64697 121 4279
64698 122 6694
64699 123 5163
64700 124 1746
64701 125 6157
64702 126 6624
64703 127 2003
64704 128 1762
64705 129 2395
64706 130 2731
64707 131 4541
64708 132 4270
64709 133 3097
64710 134 4005
64711 135 2409
64712 136 6620
64713 137 5085
64714 138 2258
64715 139 0
64716 140 2838
64717 141 4935
64718 142 2584
64719 143 3960
64720 144 3041
64721 145 5914
64722 146 0
64723 147 3316
64724 148 3258
64725 149 6939
64726 150 2003
