2500
64577 1 3539
64578 2 5554
64579 3 4264
64580 4 1973
64581 5 4011
64582 6 6986
64583 7 5304
64584 8 3919
64585 9 3201
64586 10 6135
64587 11 2150
64588 12 3154
64589 13 6816
64590 14 2822
64591 15 3738
64592 16 2502
64593 17 4351
64594 18 0
64595 19 1977
64596 20 5508
64597 21 5647
64598 22 3655
64599 23 0
64600 24 7628
64601 25 3267
64602 26 5620
64603 27 2168
64604 28 4352
64605 29 1716
64606 30 4946
64607 31 4766
64608 32 5018
64609 33 2985
64610 34 2279
64611 35 3116
64612 36 4262
64613 37 3900
64614 38 4329
64615 39 3871
64616 40 4453
64617 41 3326
64618 42 2561
64619 43 3753
64620 44 2396
64621 45 6209
64622 46 2114
64623 47 2787
64624 48 2600
64625 49 4352
64626 50 4637
64627 51 4343
64628 52 3007
64629 53 1500
64630 54 2985
64631 55 2643
64632 56 3614
64633 57 3784
64634 58 1839
64635 59 5301
64636 60 1884
64637 61 3455
64638 62 3429
64639 63 5397
64640 64 4244
64641 65 1572
64642 66 3015
64643 67 2352
64644 68 3387
64645 69 5069
64646 70 0
64647 71 3417
64648 72 3769
64649 73 5944
64650 74 3860
64651 75 2274
64652 76 4930
64653 77 2263
64654 78 3052
64655 79 2646
64656 80 3833
64657 81 3859
64658 82 2243
64659 83 2683
64660 84 6231
64661 85 2119
64662 86 4764
64663 87 7260
64664 88 0
64665 89 2693
64666 90 4720
64667 91 4598
64668 92 3920
64669 93 2301
64670 94 4307
64671 95 2235
64672 96 7007
64673 97 3852
64674 98 2447
64675 99 4829
64676 100 2683
64677 101 3812
64678 102 5762
64679 103 1573
64680 104 6880
64681 105 7393
64682 106 3995
64683 107 0
64684 108 4078
64685 109 3510
64686 110 3891
64687 111 2276
64688 112 1147
64689 113 1881
64690 114 3605
64691 115 7772
64692 116 4911
64693 117 0
64694 118 1538
64695 119 4602
64696 120 2829
64697 121 3598
64698 122 6180
64699 123 2424
64700 124 8790
64701 125 0
64702 126 1195
64703 127 6889
64704 128 2183
64705 129 3382
64706 130 0
64707 131 2205
64708 132 1943
64709 133 2552
64710 134 3971
64711 135 5407
64712 136 2725
64713 137 3956
64714 138 4714
64715 139 4296
64716 140 2185
64717 141 1826
64718 142 1595
64719 143 5337
64720 144 2636
64721 145 2831
64722 146 2802
64723 147 3206
64724 148 0
64725 149 2256
64726 150 4207
64727 151 2571
64728 152 2555
64729 153 2801
64730 154 0
64731 155 2918
64732 156 2934
64733 157 2433
64734 158 3754
64735 159 4970
64736 160 2446
64737 161 1829
64738 162 2428
64739 163 2736
64740 164 4737
64741 165 3940
64742 166 2694
64743 167 5187
64744 168 2003
