2500
64577 1 1858
64578 2 2911
64579 3 3737
64580 4 2653
64581 5 4497
64582 6 5416
64583 7 2673
64584 8 4391
64585 9 2213
64586 10 1818
64587 11 2137
64588 12 4713
64589 13 3899
64590 14 4113
64591 15 2364
64592 16 4282
64593 17 0
64594 18 3154
64595 19 6402
64596 20 2826
64597 21 3809
64598 22 2550
64599 23 2651
64600 24 0
64601 25 3019
64602 26 5007
64603 27 4111
64604 28 2111
64605 29 2423
64606 30 4499
64607 31 1981
64608 32 4269
64609 33 2620
64610 34 3458
64611 35 6028
64612 36 2230
64613 37 4779
64614 38 4335
64615 39 2100
64616 40 4311
64617 41 4165
64618 42 2797
64619 43 3291
64620 44 3186
64621 45 7487
64622 46 2170
64623 47 4516
64624 48 4485
64625 49 2281
64626 50 3232
64627 51 6976
64628 52 2890
64629 53 2625
64630 54 3870
64631 55 0
64632 56 7862
64633 57 5765
64634 58 2589
64635 59 4650
64636 60 4211
64637 61 2186
64638 62 4458
64639 63 4300
64640 64 3516
64641 65 1564
64642 66 5941
64643 67 3283
64644 68 3439
64645 69 8346
64646 70 2479
64647 71 2569
64648 72 544
64649 73 2541
64650 74 4032
64651 75 1879
64652 76 3763
64653 77 4499
64654 78 2003
64655 79 3699
64656 80 2413
64657 81 3191
64658 82 6311
64659 83 6018
64660 84 3973
64661 85 6976
64662 86 4148
64663 87 2636
64664 88 4984
64665 89 3412
64666 90 4605
64667 91 3968
64668 92 0
64669 93 3235
64670 94 1581
64671 95 4527
64672 96 1678
64673 97 3666
64674 98 0
64675 99 2103
64676 100 2654
64677 101 2361
64678 102 2481
64679 103 3642
64680 104 3713
64681 105 2174
64682 106 1410
64683 107 3499
64684 108 2530
64685 109 4781
64686 110 2257
64687 111 3715
64688 112 2248
64689 113 4827
64690 114 1855
64691 115 0
64692 116 2369
64693 117 5110
64694 118 2231
64695 119 4637
64696 120 2122
64697 121 2434
64698 122 4261
64699 123 0
64700 124 2771
64701 125 5207
64702 126 5746
64703 127 2003
64704 128 3829
64705 129 4807
64706 130 4037
64707 131 4496
64708 132 2609
64709 133 4486
64710 134 0
64711 135 2939
64712 136 2120
64713 137 4435
64714 138 2525
64715 139 2783
64716 140 5167
64717 141 2324
64718 142 5066
64719 143 6135
64720 144 0
64721 145 1624
64722 146 2275
64723 147 2433
64724 148 2210
64725 149 0
64726 150 3283
64727 151 6617
64728 152 2003
