2500
64577 1 2872
64578 2 5797
64579 3 2228
64580 4 4850
64581 5 3794
64582 6 2351
64583 7 3481
64584 8 0
64585 9 3114
64586 10 2614
64587 11 3271
64588 12 4998
64589 13 2119
64590 14 4042
64591 15 4473
64592 16 2322
64593 17 3065
64594 18 2585
64595 19 3062
64596 20 0
64597 21 2377
64598 22 5179
64599 23 5692
64600 24 4032
64601 25 2468
64602 26 5086
64603 27 3110
64604 28 5448
64605 29 1896
64606 30 2099
64607 31 6159
64608 32 2426
64609 33 3964
64610 34 6005
64611 35 3803
64612 36 0
64613 37 2997
64614 38 4074
64615 39 4359
64616 40 5400
64617 41 2492
64618 42 5726
64619 43 5169
64620 44 1916
64621 45 3521
64622 46 4126
64623 47 2886
64624 48 4530
64625 49 4298
64626 50 0
64627 51 4769
64628 52 4525
64629 53 4850
64630 54 6996
64631 55 2698
64632 56 4573
64633 57 3063
64634 58 4040
64635 59 2145
64636 60 3190
64637 61 2893
64638 62 2038
64639 63 3016
64640 64 4271
64641 65 3335
64642 66 4362
64643 67 0
64644 68 2309
64645 69 2566
64646 70 4069
64647 71 2305
64648 72 3525
64649 73 5637
64650 74 2275
64651 75 3448
64652 76 0
64653 77 2176
64654 78 4554
64655 79 4682
64656 80 4136
64657 81 5501
64658 82 0
64659 83 2294
64660 84 2806
64661 85 3530
64662 86 2137
64663 87 8500
64664 88 2405
64665 89 3659
64666 90 4237
64667 91 3919
64668 92 4322
64669 93 3931
64670 94 4273
64671 95 4867
64672 96 2631
64673 97 2504
64674 98 3600
64675 99 5220
64676 100 1444
64677 101 6115
64678 102 2338
64679 103 3159
64680 104 0
64681 105 4401
64682 106 5115
64683 107 2141
64684 108 1323
64685 109 2978
64686 110 2936
64687 111 3743
64688 112 2732
64689 113 3586
64690 114 4525
64691 115 0
64692 116 3062
64693 117 4529
64694 118 3661
64695 119 5241
64696 120 5778
64697 121 5398
64698 122 5659
64699 123 0
64700 124 5758
64701 125 6227
64702 126 6431
64703 127 2631
64704 128 4651
64705 129 4346
64706 130 0
64707 131 4052
64708 132 5052
64709 133 2029
64710 134 3739
64711 135 2147
64712 136 3437
64713 137 4716
64714 138 2235
64715 139 3742
64716 140 2000
64717 141 2283
64718 142 4267
64719 143 2004
64720 144 8342
64721 145 3993
64722 146 0
64723 147 2629
64724 148 4348
64725 149 2194
64726 150 3100
64727 151 2710
64728 152 3689
64729 153 2106
64730 154 6302
64731 155 0
64732 156 2468
64733 157 3672
64734 158 2250
64735 159 4053
64736 160 2518
64737 161 4549
64738 162 2203
64739 163 4269
64740 164 2536
64741 165 1507
64742 166 3924
64743 167 0
64744 168 2405
64745 169 3317
64746 170 2323
64747 171 2865
64748 172 4656
64749 173 2003
