2500
64577 1 2636
64578 2 5549
64579 3 6444
64580 4 3374
64581 5 4143
64582 6 4244
64583 7 3816
64584 8 5081
64585 9 3643
64586 10 3417
64587 11 4060
64588 12 0
64589 13 2756
64590 14 2832
64591 15 7840
64592 16 4207
64593 17 4055
64594 18 9584
64595 19 4138
64596 20 7259
64597 21 0
64598 22 4480
64599 23 4710
64600 24 3244
64601 25 4154
64602 26 4683
64603 27 2109
64604 28 4432
64605 29 8396
64606 30 8719
64607 31 2044
64608 32 3786
64609 33 4153
64610 34 1766
64611 35 5643
64612 36 4141
64613 37 5419
64614 38 1568
64615 39 4319
64616 40 5387
64617 41 6676
64618 42 5267
64619 43 0
64620 44 5413
64621 45 4777
64622 46 4769
64623 47 5265
64624 48 0
64625 49 6276
64626 50 2830
64627 51 6592
64628 52 1605
64629 53 6824
64630 54 0
64631 55 4709
64632 56 6609
64633 57 2518
64634 58 4933
64635 59 1736
64636 60 9035
64637 61 2676
64638 62 6970
64639 63 1978
64640 64 2138
64641 65 5697
64642 66 1506
64643 67 6011
64644 68 5192
64645 69 2646
64646 70 5533
64647 71 1623
64648 72 7881
64649 73 2752
64650 74 0
64651 75 3872
64652 76 5766
64653 77 6184
64654 78 8799
64655 79 0
64656 80 2556
64657 81 5020
64658 82 3054
64659 83 3987
64660 84 2188
64661 85 1138
64662 86 4169
64663 87 5002
64664 88 2999
64665 89 5486
64666 90 4026
64667 91 3060
64668 92 0
64669 93 4051
64670 94 2241
64671 95 4253
64672 96 6141
64673 97 1911
64674 98 2563
64675 99 3220
64676 100 10388
64677 101 3922
64678 102 3923
64679 103 4935
64680 104 2003
64681 105 2666
64682 106 3470
64683 107 2472
64684 108 2695
64685 109 5331
64686 110 2103
64687 111 2736
64688 112 3103
64689 113 4511
64690 114 3401
64691 115 4065
64692 116 0
64693 117 2387
64694 118 2984
64695 119 4225
64696 120 2759
64697 121 5020
64698 122 1441
64699 123 4795
64700 124 3193
64701 125 3779
64702 126 1779
64703 127 3464
64704 128 1472
64705 129 3755
64706 130 0
64707 131 3528
64708 132 3510
64709 133 6106
64710 134 5851
64711 135 4154
64712 136 5478
64713 137 4988
64714 138 5503
64715 139 0
64716 140 3513
64717 141 4095
64718 142 4155
64719 143 4585
64720 144 6407
64721 145 0
64722 146 4649
64723 147 2875
64724 148 6589
64725 149 2003
