2500
64577 1 2469
64578 2 5367
64579 3 5924
64580 4 6396
64581 5 2169
64582 6 2539
64583 7 7213
64584 8 2802
64585 9 4182
64586 10 2134
64587 11 2762
64588 12 4566
64589 13 2903
64590 14 6227
64591 15 2216
64592 16 2772
64593 17 5957
64594 18 6704
64595 19 2438
64596 20 5972
64597 21 0
64598 22 2146
64599 23 2731
64600 24 4747
64601 25 2323
64602 26 4408
64603 27 0
64604 28 2883
64605 29 2874
64606 30 6007
64607 31 3274
64608 32 1514
64609 33 5815
64610 34 1844
64611 35 2371
64612 36 2325
64613 37 2604
64614 38 3566
64615 39 1874
64616 40 2479
64617 41 6993
64618 42 5037
64619 43 4120
64620 44 5437
64621 45 0
64622 46 3054
64623 47 2668
64624 48 2844
64625 49 2138
64626 50 3460
64627 51 3407
64628 52 4099
64629 53 2206
64630 54 3044
64631 55 6195
64632 56 2235
64633 57 4360
64634 58 4286
64635 59 2578
64636 60 4466
64637 61 7558
64638 62 6164
64639 63 6861
64640 64 5801
64641 65 10052
64642 66 5514
64643 67 2306
64644 68 2331
64645 69 4503
64646 70 3358
64647 71 5002
64648 72 0
64649 73 4008
64650 74 3571
64651 75 6801
64652 76 2258
64653 77 2468
64654 78 2219
64655 79 2086
64656 80 2850
64657 81 3797
64658 82 2571
64659 83 5836
64660 84 2759
64661 85 6392
64662 86 3181
64663 87 5362
64664 88 6313
64665 89 4998
64666 90 0
64667 91 3519
64668 92 6106
64669 93 3610
64670 94 4370
64671 95 5447
64672 96 6578
64673 97 4843
64674 98 7608
64675 99 4201
64676 100 2003
64677 101 3377
64678 102 5335
64679 103 7083
64680 104 7093
64681 105 7097
64682 106 3789
64683 107 5113
64684 108 0
64685 109 3185
64686 110 4424
64687 111 3016
64688 112 2392
64689 113 4619
64690 114 6290
64691 115 0
64692 116 2171
64693 117 2969
64694 118 3824
64695 119 4467
64696 120 2003
64697 121 2071
64698 122 4196
64699 123 4106
64700 124 4688
64701 125 2867
64702 126 5417
64703 127 6850
64704 128 6194
64705 129 2695
64706 130 5683
64707 131 2794
64708 132 5972
64709 133 4814
64710 134 4627
64711 135 2086
64712 136 4835
64713 137 2130
64714 138 6336
64715 139 6769
64716 140 7113
64717 141 2945
64718 142 5419
64719 143 0
64720 144 3513
64721 145 5138
64722 146 6021
64723 147 2003
