2500
64577 1 4940
64578 2 4745
64579 3 4194
64580 4 2499
64581 5 6279
64582 6 1840
64583 7 3696
64584 8 5407
64585 9 2536
64586 10 2559
64587 11 3789
64588 12 0
64589 13 2214
64590 14 2534
64591 15 6073
64592 16 4734
64593 17 4862
64594 18 2392
64595 19 1717
64596 20 4567
64597 21 5782
64598 22 4062
64599 23 7268
64600 24 2345
64601 25 4928
64602 26 0
64603 27 4783
64604 28 4185
64605 29 6631
64606 30 5016
64607 31 6380
64608 32 5920
64609 33 4716
64610 34 7399
64611 35 4295
64612 36 2984
64613 37 0
64614 38 3811
64615 39 3009
64616 40 5966
64617 41 8352
64618 42 2210
64619 43 5018
64620 44 4306
64621 45 7486
64622 46 5500
64623 47 3149
64624 48 2644
64625 49 4816
64626 50 2603
64627 51 4446
64628 52 4322
64629 53 0
64630 54 6756
64631 55 3112
64632 56 5397
64633 57 2003
64634 58 4389
64635 59 4393
64636 60 2498
64637 61 4463
64638 62 4910
64639 63 2673
64640 64 4381
64641 65 0
64642 66 3810
64643 67 3175
64644 68 4270
64645 69 5933
64646 70 2129
64647 71 4561
64648 72 4753
64649 73 2190
64650 74 6133
64651 75 2294
64652 76 4467
64653 77 1502
64654 78 4486
64655 79 3073
64656 80 4469
64657 81 2629
64658 82 4671
64659 83 3487
64660 84 4342
64661 85 2250
64662 86 4940
64663 87 6774
64664 88 2557
64665 89 2380
64666 90 5022
64667 91 1502
64668 92 4351
64669 93 4955
64670 94 6376
64671 95 2943
64672 96 4797
64673 97 4010
64674 98 2276
64675 99 5174
64676 100 0
64677 101 4474
64678 102 4490
64679 103 4359
64680 104 5347
64681 105 2235
64682 106 3875
64683 107 8622
64684 108 3395
64685 109 3239
64686 110 5906
64687 111 4930
64688 112 5499
64689 113 2771
64690 114 4265
64691 115 5053
64692 116 3876
64693 117 0
64694 118 3060
64695 119 5650
64696 120 1442
64697 121 6916
64698 122 3259
64699 123 2541
64700 124 6406
64701 125 4798
64702 126 4925
64703 127 0
64704 128 5617
64705 129 2951
64706 130 8940
64707 131 2612
64708 132 5456
64709 133 1886
64710 134 3920
64711 135 3049
64712 136 4356
64713 137 3908
64714 138 7894
64715 139 6842
64716 140 0
64717 141 3419
64718 142 4151
64719 143 4330
64720 144 6724
64721 145 2003
