2500
64577 1 1971
64578 2 4269
64579 3 4760
64580 4 5136
64581 5 1778
64582 6 5447
64583 7 0
64584 8 2090
64585 9 3114
64586 10 3377
64587 11 4561
64588 12 0
64589 13 2279
64590 14 3285
64591 15 5849
64592 16 4658
64593 17 3215
64594 18 4128
64595 19 2663
64596 20 3669
64597 21 0
64598 22 2250
64599 23 3392
64600 24 5996
64601 25 4843
64602 26 2164
64603 27 5231
64604 28 2232
64605 29 2083
64606 30 4529
64607 31 5918
64608 32 4141
64609 33 5901
64610 34 2104
64611 35 3224
64612 36 2635
64613 37 4056
64614 38 2728
64615 39 4137
64616 40 2190
64617 41 5527
64618 42 1310
64619 43 2617
64620 44 3193
64621 45 1421
64622 46 5780
64623 47 1527
64624 48 5612
64625 49 3760
64626 50 3124
64627 51 2569
64628 52 3904
64629 53 3331
64630 54 0
64631 55 1874
64632 56 2271
64633 57 3223
64634 58 7645
64635 59 5968
64636 60 3891
64637 61 2250
64638 62 5189
64639 63 2136
64640 64 883
64641 65 2288
64642 66 2749
64643 67 5778
64644 68 7398
64645 69 6355
64646 70 1971
64647 71 4240
64648 72 0
64649 73 3773
64650 74 2986
64651 75 2345
64652 76 6811
64653 77 2421
64654 78 2614
64655 79 2047
64656 80 3577
64657 81 0
64658 82 2287
64659 83 3121
64660 84 4246
64661 85 4523
64662 86 2198
64663 87 5883
64664 88 2944
64665 89 3807
64666 90 4561
64667 91 2028
64668 92 3952
64669 93 3141
64670 94 5277
64671 95 4726
64672 96 2246
64673 97 4912
64674 98 5231
64675 99 0
64676 100 3176
64677 101 5873
64678 102 4343
64679 103 1536
64680 104 4838
64681 105 2507
64682 106 4260
64683 107 2105
64684 108 6866
64685 109 1599
64686 110 5775
64687 111 4158
64688 112 4716
64689 113 0
64690 114 2491
64691 115 4055
64692 116 6891
64693 117 4562
64694 118 2125
64695 119 4737
64696 120 0
64697 121 3004
64698 122 4910
64699 123 2408
64700 124 3672
64701 125 5617
64702 126 0
64703 127 2210
64704 128 2613
64705 129 4902
64706 130 2806
64707 131 4879
64708 132 0
64709 133 2616
64710 134 2518
64711 135 4475
64712 136 2586
64713 137 3984
64714 138 2149
64715 139 2902
64716 140 4995
64717 141 1640
64718 142 5668
64719 143 5140
64720 144 2972
64721 145 3356
64722 146 4233
64723 147 3679
64724 148 2102
64725 149 4413
64726 150 4486
64727 151 3475
64728 152 4156
64729 153 2804
64730 154 0
64731 155 2110
64732 156 3315
64733 157 2543
64734 158 6656
64735 159 2191
64736 160 3066
64737 161 1582
64738 162 7392
64739 163 2607
64740 164 1731
64741 165 5644
64742 166 0
64743 167 3294
64744 168 5981
64745 169 4552
64746 170 4475
64747 171 2003
