2500
64577 1 2608
64578 2 2211
64579 3 5797
64580 4 3176
64581 5 3136
64582 6 6662
64583 7 2575
64584 8 6759
64585 9 0
64586 10 2878
64587 11 3142
64588 12 3958
64589 13 0
64590 14 2694
64591 15 3155
64592 16 4575
64593 17 6431
64594 18 3110
64595 19 0
64596 20 2861
64597 21 4340
64598 22 5176
64599 23 2266
64600 24 4881
64601 25 5762
64602 26 4355
64603 27 1910
64604 28 4683
64605 29 2339
64606 30 4409
64607 31 3692
64608 32 3986
64609 33 3055
64610 34 1982
64611 35 5529
64612 36 6506
64613 37 4518
64614 38 0
64615 39 4258
64616 40 3797
64617 41 2656
64618 42 3982
64619 43 5642
64620 44 2300
64621 45 3352
64622 46 3766
64623 47 5914
64624 48 5646
64625 49 1887
64626 50 4741
64627 51 1929
64628 52 5517
64629 53 3674
64630 54 4844
64631 55 3823
64632 56 5063
64633 57 1674
64634 58 4908
64635 59 5783
64636 60 4429
64637 61 4879
64638 62 0
64639 63 3258
64640 64 6572
64641 65 3334
64642 66 4046
64643 67 0
64644 68 3608
64645 69 3710
64646 70 4627
64647 71 2117
64648 72 4102
64649 73 6887
64650 74 5911
64651 75 1886
64652 76 4789
64653 77 2683
64654 78 2470
64655 79 1503
64656 80 8363
64657 81 1895
64658 82 4345
64659 83 2430
64660 84 2625
64661 85 3240
64662 86 3407
64663 87 5539
64664 88 3461
64665 89 4681
64666 90 1958
64667 91 6180
64668 92 5426
64669 93 2625
64670 94 2127
64671 95 5238
64672 96 2151
64673 97 1012
64674 98 2830
64675 99 7504
64676 100 7808
64677 101 4054
64678 102 2520
64679 103 6298
64680 104 6475
64681 105 3398
64682 106 0
64683 107 3675
64684 108 3086
64685 109 5351
64686 110 2266
64687 111 5122
64688 112 4870
64689 113 4567
64690 114 1880
64691 115 4788
64692 116 8330
64693 117 4819
64694 118 5475
64695 119 5553
64696 120 4285
64697 121 3639
64698 122 3607
64699 123 4984
64700 124 2592
64701 125 4133
64702 126 3676
64703 127 4842
64704 128 5392
64705 129 0
64706 130 4996
64707 131 4817
64708 132 6002
64709 133 3621
64710 134 3875
64711 135 6274
64712 136 3384
64713 137 4629
64714 138 4210
64715 139 0
64716 140 1431
64717 141 5512
64718 142 2570
64719 143 3911
64720 144 2991
64721 145 7584
64722 146 0
64723 147 3458
64724 148 1329
64725 149 5036
64726 150 3911
64727 151 6655
64728 152 2003
