2500
64577 1 2418
64578 2 5561
64579 3 2647
64580 4 5008
64581 5 3267
64582 6 7700
64583 7 1584
64584 8 3127
64585 9 2574
64586 10 4962
64587 11 2861
64588 12 5095
64589 13 7773
64590 14 8317
64591 15 2786
64592 16 3447
64593 17 5511
64594 18 0
64595 19 2678
64596 20 4054
64597 21 6808
64598 22 4971
64599 23 2993
64600 24 5943
64601 25 6850
64602 26 5309
64603 27 2003
64604 28 3270
64605 29 2336
64606 30 6968
64607 31 5682
64608 32 1917
64609 33 3277
64610 34 2808
64611 35 7622
64612 36 2350
64613 37 2359
64614 38 5076
64615 39 6592
64616 40 2300
64617 41 4426
64618 42 4843
64619 43 5524
64620 44 2064
64621 45 5189
64622 46 2784
64623 47 1821
64624 48 3132
64625 49 5605
64626 50 3066
64627 51 5616
64628 52 2278
64629 53 2159
64630 54 2841
64631 55 4328
64632 56 2512
64633 57 5746
64634 58 3232
64635 59 1597
64636 60 7364
64637 61 1903
64638 62 2039
64639 63 4689
64640 64 1992
64641 65 6253
64642 66 4383
64643 67 3021
64644 68 2372
64645 69 6227
64646 70 3369
64647 71 7553
64648 72 2178
64649 73 5852
64650 74 2513
64651 75 2866
64652 76 5191
64653 77 3320
64654 78 3119
64655 79 5442
64656 80 3433
64657 81 7616
64658 82 2929
64659 83 1326
64660 84 7833
64661 85 2269
64662 86 4979
64663 87 4781
64664 88 7080
64665 89 1495
64666 90 1638
64667 91 5480
64668 92 1503
64669 93 7491
64670 94 1995
64671 95 3738
64672 96 3855
64673 97 2275
64674 98 3598
64675 99 7016
64676 100 4953
64677 101 5273
64678 102 5355
64679 103 0
64680 104 4374
64681 105 5995
64682 106 3897
64683 107 6741
64684 108 1929
64685 109 1941
64686 110 3088
64687 111 2688
64688 112 5106
64689 113 8015
64690 114 1554
64691 115 4168
64692 116 8015
64693 117 0
64694 118 6155
64695 119 3807
64696 120 7562
64697 121 1672
64698 122 4012
64699 123 5780
64700 124 2003
