2500
64577 1 5864
64578 2 3131
64579 3 4188
64580 4 6714
64581 5 5101
64582 6 1855
64583 7 4912
64584 8 7100
64585 9 1927
64586 10 1909
64587 11 4822
64588 12 4337
64589 13 4541
64590 14 8030
64591 15 4051
64592 16 4770
64593 17 4530
64594 18 2020
64595 19 7499
64596 20 6677
64597 21 2264
64598 22 3465
64599 23 1953
64600 24 3506
64601 25 2799
64602 26 3964
64603 27 5014
64604 28 2994
64605 29 3239
64606 30 5270
64607 31 2590
64608 32 3706
64609 33 2517
64610 34 3424
64611 35 2835
64612 36 6654
64613 37 2235
64614 38 3598
64615 39 2812
64616 40 3404
64617 41 1897
64618 42 7199
64619 43 7095
64620 44 2097
64621 45 2797
64622 46 4429
64623 47 2665
64624 48 4458
64625 49 5578
64626 50 2162
64627 51 3072
64628 52 2213
64629 53 4562
64630 54 3058
64631 55 0
64632 56 2689
64633 57 1298
64634 58 5584
64635 59 8993
64636 60 8008
64637 61 2617
64638 62 4708
64639 63 3492
64640 64 2290
64641 65 3146
64642 66 5063
64643 67 7162
64644 68 2378
64645 69 7163
64646 70 0
64647 71 2382
64648 72 3392
64649 73 2649
64650 74 6187
64651 75 2195
64652 76 3377
64653 77 2464
64654 78 3942
64655 79 5532
64656 80 3596
64657 81 4357
64658 82 2776
64659 83 4385
64660 84 5753
64661 85 10268
64662 86 1972
64663 87 5913
64664 88 2297
64665 89 1691
64666 90 8512
64667 91 3712
64668 92 4114
64669 93 7095
64670 94 2172
64671 95 2305
64672 96 1867
64673 97 1925
64674 98 3372
64675 99 4201
64676 100 5244
64677 101 4557
64678 102 6583
64679 103 2275
64680 104 4588
64681 105 2594
64682 106 4771
64683 107 4379
64684 108 2164
64685 109 4410
64686 110 6579
64687 111 3806
64688 112 1820
64689 113 3116
64690 114 3483
64691 115 8526
64692 116 4829
64693 117 2787
64694 118 6880
64695 119 1804
64696 120 2512
64697 121 2572
64698 122 2894
64699 123 4824
64700 124 3947
64701 125 1932
64702 126 2813
64703 127 6108
64704 128 5057
64705 129 7731
64706 130 2038
64707 131 3248
64708 132 4733
64709 133 4841
64710 134 0
64711 135 2875
64712 136 5198
64713 137 3266
64714 138 6456
64715 139 2195
64716 140 2977
64717 141 3970
64718 142 1828
64719 143 3127
64720 144 6385
64721 145 2109
64722 146 8228
64723 147 2003
