2500
64577 1 1354
64578 2 2879
64579 3 3784
64580 4 2581
64581 5 4818
64582 6 2468
64583 7 4695
64584 8 2296
64585 9 3676
64586 10 2433
64587 11 5266
64588 12 2226
64589 13 2615
64590 14 5075
64591 15 1750
64592 16 1735
64593 17 4049
64594 18 2652
64595 19 5370
64596 20 4419
64597 21 2662
64598 22 1890
64599 23 7001
64600 24 2133
64601 25 6220
64602 26 2666
64603 27 5369
64604 28 0
64605 29 1670
64606 30 5266
64607 31 2757
64608 32 4444
64609 33 2153
64610 34 3570
64611 35 2497
64612 36 9194
64613 37 2156
64614 38 1788
64615 39 3462
64616 40 4892
64617 41 5495
64618 42 4525
64619 43 2612
64620 44 4890
64621 45 3246
64622 46 4134
64623 47 1530
64624 48 6127
64625 49 2157
64626 50 2347
64627 51 2991
64628 52 2361
64629 53 3939
64630 54 3715
64631 55 6625
64632 56 2229
64633 57 4615
64634 58 2638
64635 59 5468
64636 60 5481
64637 61 6119
64638 62 6098
64639 63 3327
64640 64 2899
64641 65 4075
64642 66 9950
64643 67 2246
64644 68 6136
64645 69 3480
64646 70 5088
64647 71 2808
64648 72 4986
64649 73 5930
64650 74 5893
64651 75 3492
64652 76 2585
64653 77 5802
64654 78 1830
64655 79 7236
64656 80 2314
64657 81 4058
64658 82 2981
64659 83 5004
64660 84 5795
64661 85 0
64662 86 2958
64663 87 9548
64664 88 2288
64665 89 6243
64666 90 3956
64667 91 3510
64668 92 6392
64669 93 6471
64670 94 3349
64671 95 4143
64672 96 5445
64673 97 3187
64674 98 6432
64675 99 4045
64676 100 1474
64677 101 7387
64678 102 2243
64679 103 5146
64680 104 3027
64681 105 3784
64682 106 4520
64683 107 2961
64684 108 4647
64685 109 3324
64686 110 3060
64687 111 8976
64688 112 2181
64689 113 7069
64690 114 4569
64691 115 6907
64692 116 2746
64693 117 0
64694 118 3525
64695 119 5004
64696 120 5139
64697 121 5618
64698 122 2246
64699 123 5230
64700 124 4857
64701 125 4216
64702 126 2883
64703 127 1979
64704 128 8414
64705 129 5534
64706 130 2271
64707 131 1658
64708 132 6201
64709 133 4380
64710 134 2308
64711 135 2152
64712 136 3787
64713 137 4684
64714 138 2730
64715 139 3801
64716 140 4345
64717 141 5336
64718 142 0
64719 143 3224
64720 144 1970
64721 145 3203
64722 146 7867
64723 147 2003
