2500
64577 1 4378
64578 2 2922
64579 3 1785
64580 4 4053
64581 5 5442
64582 6 1551
64583 7 4622
64584 8 7195
64585 9 2242
64586 10 5060
64587 11 2553
64588 12 2459
64589 13 4475
64590 14 1282
64591 15 4671
64592 16 2115
64593 17 3076
64594 18 2574
64595 19 5588
64596 20 2178
64597 21 4636
64598 22 3441
64599 23 2405
64600 24 1845
64601 25 5698
64602 26 1902
64603 27 2485
64604 28 3804
64605 29 2753
64606 30 4754
64607 31 2680
64608 32 5319
64609 33 2190
64610 34 2954
64611 35 3060
64612 36 2802
64613 37 3933
64614 38 1381
64615 39 2652
64616 40 5435
64617 41 2558
64618 42 5833
64619 43 6413
64620 44 4749
64621 45 2262
64622 46 2680
64623 47 4874
64624 48 2577
64625 49 3642
64626 50 2572
64627 51 4778
64628 52 4367
64629 53 2232
64630 54 5642
64631 55 3511
64632 56 6760
64633 57 2292
64634 58 2629
64635 59 3087
64636 60 3059
64637 61 4573
64638 62 3210
64639 63 4689
64640 64 2861
64641 65 2392
64642 66 3483
64643 67 4639
64644 68 4585
64645 69 5239
64646 70 4846
64647 71 2503
64648 72 1243
64649 73 3838
64650 74 2901
64651 75 7081
64652 76 2271
64653 77 2904
64654 78 2244
64655 79 1760
64656 80 4443
64657 81 3732
64658 82 2249
64659 83 5883
64660 84 2751
64661 85 3204
64662 86 4062
64663 87 1698
64664 88 4168
64665 89 6513
64666 90 2171
64667 91 1348
64668 92 5967
64669 93 2634
64670 94 6301
64671 95 5490
64672 96 6059
64673 97 2832
64674 98 7386
64675 99 2238
64676 100 2275
64677 101 11162
64678 102 5630
64679 103 2487
64680 104 2772
64681 105 5286
64682 106 6064
64683 107 2267
64684 108 4073
64685 109 1634
64686 110 5305
64687 111 2793
64688 112 2002
64689 113 2274
64690 114 6655
64691 115 2444
64692 116 3860
64693 117 6644
64694 118 2266
64695 119 2983
64696 120 4768
64697 121 2355
64698 122 3714
64699 123 2653
64700 124 5332
64701 125 0
64702 126 0
64703 127 3478
64704 128 1723
64705 129 3149
64706 130 6351
64707 131 7378
64708 132 8106
64709 133 1843
64710 134 2345
64711 135 5890
64712 136 2312
64713 137 5255
64714 138 4969
64715 139 2710
64716 140 2423
64717 141 4034
64718 142 3822
64719 143 9471
64720 144 2223
64721 145 4234
64722 146 1743
64723 147 3592
64724 148 4053
64725 149 4290
64726 150 2548
64727 151 6769
64728 152 2653
64729 153 1766
64730 154 6764
64731 155 8022
64732 156 2003
