2500
64577 1 2512
64578 2 6400
64579 3 4487
64580 4 3786
64581 5 1835
64582 6 3893
64583 7 5530
64584 8 2154
64585 9 1905
64586 10 7096
64587 11 1756
64588 12 3526
64589 13 2754
64590 14 6842
64591 15 7991
64592 16 2254
64593 17 3128
64594 18 3818
64595 19 6910
64596 20 4099
64597 21 1607
64598 22 5945
64599 23 2215
64600 24 3855
64601 25 3013
64602 26 2543
64603 27 3001
64604 28 4576
64605 29 2134
64606 30 6292
64607 31 3817
64608 32 3243
64609 33 8331
64610 34 2186
64611 35 1133
64612 36 2233
64613 37 4457
64614 38 7226
64615 39 3522
64616 40 3093
64617 41 1841
64618 42 1691
64619 43 5785
64620 44 6732
64621 45 0
64622 46 3454
64623 47 5548
64624 48 3714
64625 49 5236
64626 50 2173
64627 51 2586
64628 52 7090
64629 53 0
64630 54 3325
64631 55 4991
64632 56 7406
64633 57 2380
64634 58 4137
64635 59 3981
64636 60 5857
64637 61 3886
64638 62 6436
64639 63 0
64640 64 2947
64641 65 4900
64642 66 5796
64643 67 2316
64644 68 4653
64645 69 5157
64646 70 2765
64647 71 4375
64648 72 7888
64649 73 2003
64650 74 6074
64651 75 3977
64652 76 2374
64653 77 4395
64654 78 6347
64655 79 2003
64656 80 3715
64657 81 3986
64658 82 2783
64659 83 6184
64660 84 6311
64661 85 5907
64662 86 5337
64663 87 5168
64664 88 2709
64665 89 6101
64666 90 6513
64667 91 2232
64668 92 2454
64669 93 3760
64670 94 6250
64671 95 3063
64672 96 6317
64673 97 7629
64674 98 6613
64675 99 2912
64676 100 6343
64677 101 2113
64678 102 2567
64679 103 3915
64680 104 7098
64681 105 2739
64682 106 9624
64683 107 2991
64684 108 8357
64685 109 4915
64686 110 2605
64687 111 7630
64688 112 2168
64689 113 3475
64690 114 5113
64691 115 8620
64692 116 1820
64693 117 4978
64694 118 0
64695 119 3098
64696 120 7677
64697 121 2003
64698 122 2510
64699 123 4779
64700 124 5117
64701 125 2577
64702 126 4496
64703 127 1555
64704 128 0
64705 129 2218
64706 130 1591
64707 131 2531
64708 132 2848
64709 133 5290
64710 134 3451
64711 135 1996
64712 136 4801
64713 137 2307
64714 138 5428
64715 139 3642
64716 140 3957
64717 141 4626
64718 142 2506
64719 143 7475
64720 144 2003
