2500
64577 1 2669
64578 2 3694
64579 3 2029
64580 4 4778
64581 5 3421
64582 6 2926
64583 7 4966
64584 8 4463
64585 9 4168
64586 10 3280
64587 11 2225
64588 12 5730
64589 13 2148
64590 14 5804
64591 15 3147
64592 16 3783
64593 17 5762
64594 18 4399
64595 19 8107
64596 20 2110
64597 21 3504
64598 22 3154
64599 23 3864
64600 24 7415
64601 25 0
64602 26 2738
64603 27 9196
64604 28 2053
64605 29 5339
64606 30 2665
64607 31 3625
64608 32 2833
64609 33 5222
64610 34 5575
64611 35 8617
64612 36 2062
64613 37 1379
64614 38 7150
64615 39 5815
64616 40 3441
64617 41 3111
64618 42 4311
64619 43 8149
64620 44 2282
64621 45 2323
64622 46 5063
64623 47 4608
64624 48 0
64625 49 2115
64626 50 3568
64627 51 1332
64628 52 5960
64629 53 2502
64630 54 7726
64631 55 2273
64632 56 2898
64633 57 2397
64634 58 6731
64635 59 1549
64636 60 5517
64637 61 2683
64638 62 5263
64639 63 2705
64640 64 1923
64641 65 6412
64642 66 4349
64643 67 2222
64644 68 5750
64645 69 2156
64646 70 4437
64647 71 4435
64648 72 5638
64649 73 0
64650 74 2911
64651 75 2543
64652 76 3037
64653 77 6052
64654 78 3746
64655 79 4170
64656 80 2003
64657 81 1991
64658 82 4899
64659 83 4402
64660 84 5723
64661 85 2893
64662 86 3181
64663 87 0
64664 88 3235
64665 89 5292
64666 90 3315
64667 91 4002
64668 92 1956
64669 93 4212
64670 94 4577
64671 95 2872
64672 96 4126
64673 97 5119
64674 98 6383
64675 99 3140
64676 100 3338
64677 101 3298
64678 102 3101
64679 103 5790
64680 104 2184
64681 105 4819
64682 106 4231
64683 107 4215
64684 108 8216
64685 109 6261
64686 110 4759
64687 111 2770
64688 112 1895
64689 113 4142
64690 114 5593
64691 115 0
64692 116 2935
64693 117 2994
64694 118 5584
64695 119 6393
64696 120 2003
64697 121 3676
64698 122 3899
64699 123 2710
64700 124 3122
64701 125 4445
64702 126 1915
64703 127 4415
64704 128 1705
64705 129 2676
64706 130 8295
64707 131 2003
64708 132 6481
64709 133 3865
64710 134 4843
64711 135 5082
64712 136 2829
64713 137 3938
64714 138 4086
64715 139 5720
64716 140 2003
