2500
64577 1 6799
64578 2 3429
64579 3 2175
64580 4 6737
64581 5 3907
64582 6 2207
64583 7 5783
64584 8 3772
64585 9 1857
64586 10 2130
64587 11 4741
64588 12 4251
64589 13 2206
64590 14 2775
64591 15 7044
64592 16 6550
64593 17 2617
64594 18 5603
64595 19 3536
64596 20 6226
64597 21 1770
64598 22 1964
64599 23 2793
64600 24 4960
64601 25 3570
64602 26 4181
64603 27 6008
64604 28 2103
64605 29 5498
64606 30 1687
64607 31 2771
64608 32 5316
64609 33 3688
64610 34 1951
64611 35 1317
64612 36 5724
64613 37 2335
64614 38 3987
64615 39 4380
64616 40 5833
64617 41 1536
64618 42 2608
64619 43 4228
64620 44 2107
64621 45 4410
64622 46 0
64623 47 3679
64624 48 4367
64625 49 5225
64626 50 1793
64627 51 2420
64628 52 1800
64629 53 4565
64630 54 5824
64631 55 5315
64632 56 4791
64633 57 3899
64634 58 2158
64635 59 6598
64636 60 2188
64637 61 3134
64638 62 3664
64639 63 1631
64640 64 2204
64641 65 3899
64642 66 0
64643 67 1986
64644 68 5940
64645 69 2174
64646 70 3214
64647 71 4038
64648 72 2030
64649 73 1797
64650 74 4235
64651 75 7172
64652 76 2109
64653 77 2962
64654 78 4049
64655 79 1398
64656 80 5889
64657 81 2168
64658 82 2856
64659 83 2897
64660 84 3281
64661 85 9632
64662 86 2003
64663 87 3928
64664 88 2164
64665 89 3191
64666 90 2670
64667 91 3820
64668 92 4178
64669 93 2187
64670 94 2576
64671 95 2957
64672 96 2799
64673 97 2841
64674 98 5411
64675 99 2600
64676 100 6626
64677 101 2110
64678 102 5919
64679 103 5788
64680 104 2172
64681 105 1988
64682 106 2728
64683 107 3919
64684 108 5020
64685 109 2171
64686 110 3505
64687 111 2634
64688 112 3937
64689 113 4630
64690 114 2717
64691 115 2521
64692 116 6258
64693 117 2122
64694 118 4120
64695 119 4479
64696 120 3131
64697 121 2829
64698 122 4346
64699 123 2413
64700 124 2606
64701 125 2296
64702 126 4994
64703 127 3179
64704 128 3303
64705 129 2395
64706 130 5140
64707 131 2003
64708 132 1270
64709 133 5559
64710 134 3740
64711 135 4415
64712 136 6914
64713 137 1871
64714 138 3194
64715 139 5412
64716 140 2066
64717 141 2194
64718 142 2602
64719 143 2521
64720 144 5979
64721 145 2237
64722 146 4228
64723 147 5153
64724 148 2177
64725 149 5574
64726 150 0
64727 151 3275
64728 152 6074
64729 153 2003
