2500
64577 1 1594
64578 2 2158
64579 3 1578
64580 4 6599
64581 5 2109
64582 6 1641
64583 7 1649
64584 8 3249
64585 9 8210
64586 10 2094
64587 11 3837
64588 12 4705
64589 13 2408
64590 14 3621
64591 15 7235
64592 16 2284
64593 17 2861
64594 18 2971
64595 19 3336
64596 20 4301
64597 21 2415
64598 22 5781
64599 23 2003
64600 24 3029
64601 25 2246
64602 26 1484
64603 27 4677
64604 28 5836
64605 29 2252
64606 30 2056
64607 31 3496
64608 32 2667
64609 33 4082
64610 34 2504
64611 35 4739
64612 36 0
64613 37 1582
64614 38 3761
64615 39 3040
64616 40 4936
64617 41 2268
64618 42 3693
64619 43 3649
64620 44 2614
64621 45 2967
64622 46 0
64623 47 2495
64624 48 6200
64625 49 2003
64626 50 6881
64627 51 1675
64628 52 2576
64629 53 4365
64630 54 2261
64631 55 3876
64632 56 4611
64633 57 1531
64634 58 5223
64635 59 5824
64636 60 1894
64637 61 1262
64638 62 5029
64639 63 4033
64640 64 7973
64641 65 1914
64642 66 3097
64643 67 4000
64644 68 2073
64645 69 4186
64646 70 3447
64647 71 1332
64648 72 2327
64649 73 2599
64650 74 2613
64651 75 8208
64652 76 2306
64653 77 6408
64654 78 2965
64655 79 5120
64656 80 5080
64657 81 4531
64658 82 4544
64659 83 2207
64660 84 1725
64661 85 2764
64662 86 4423
64663 87 5628
64664 88 7594
64665 89 1816
64666 90 4149
64667 91 5289
64668 92 6010
64669 93 5713
64670 94 2316
64671 95 2606
64672 96 5025
64673 97 2568
64674 98 712
64675 99 3607
64676 100 4784
64677 101 1837
64678 102 2148
64679 103 3676
64680 104 2765
64681 105 8699
64682 106 2129
64683 107 4699
64684 108 3007
64685 109 3481
64686 110 4439
64687 111 2003
64688 112 3160
64689 113 2506
64690 114 6008
64691 115 1983
64692 116 1719
64693 117 4264
64694 118 4513
64695 119 2160
64696 120 2816
64697 121 3750
64698 122 6475
64699 123 2126
64700 124 4450
64701 125 4471
64702 126 4695
64703 127 2330
64704 128 4172
64705 129 2160
64706 130 5280
64707 131 2656
64708 132 6611
64709 133 2048
64710 134 1296
64711 135 3498
64712 136 3702
64713 137 2546
64714 138 1827
64715 139 3508
64716 140 5626
64717 141 2124
64718 142 7249
64719 143 5707
64720 144 5384
64721 145 3295
64722 146 1567
64723 147 4958
64724 148 3434
64725 149 5143
64726 150 2239
64727 151 4273
64728 152 5753
64729 153 2966
64730 154 4116
64731 155 7759
64732 156 2261
64733 157 2746
64734 158 3332
64735 159 4542
64736 160 2020
64737 161 4719
64738 162 2020
64739 163 3416
64740 164 2003
