2500
64577 1 3935
64578 2 3887
64579 3 2691
64580 4 7566
64581 5 2224
64582 6 2512
64583 7 2984
64584 8 2839
64585 9 3025
64586 10 5557
64587 11 2206
64588 12 6204
64589 13 2214
64590 14 2356
64591 15 2768
64592 16 2711
64593 17 6104
64594 18 2143
64595 19 4202
64596 20 3831
64597 21 3130
64598 22 3288
64599 23 5593
64600 24 2175
64601 25 2515
64602 26 2782
64603 27 1648
64604 28 4811
64605 29 5096
64606 30 2099
64607 31 4041
64608 32 5743
64609 33 2426
64610 34 4381
64611 35 2442
64612 36 8754
64613 37 2267
64614 38 2677
64615 39 3096
64616 40 6445
64617 41 1846
64618 42 2706
64619 43 4118
64620 44 5240
64621 45 2696
64622 46 3104
64623 47 6809
64624 48 1732
64625 49 2430
64626 50 3217
64627 51 2723
64628 52 3700
64629 53 5378
64630 54 2003
64631 55 4203
64632 56 3501
64633 57 5778
64634 58 6967
64635 59 2325
64636 60 3864
64637 61 3162
64638 62 3281
64639 63 1634
64640 64 4384
64641 65 4871
64642 66 1731
64643 67 1999
64644 68 5972
64645 69 3912
64646 70 9821
64647 71 1822
64648 72 3845
64649 73 4947
64650 74 4235
64651 75 2055
64652 76 3953
64653 77 5847
64654 78 2327
64655 79 4778
64656 80 4411
64657 81 4806
64658 82 6569
64659 83 2216
64660 84 4194
64661 85 5733
64662 86 3687
64663 87 5225
64664 88 3578
64665 89 5459
64666 90 2270
64667 91 1088
64668 92 2081
64669 93 3185
64670 94 4083
64671 95 3931
64672 96 2380
64673 97 4525
64674 98 2368
64675 99 1681
64676 100 2300
64677 101 6723
64678 102 3343
64679 103 5518
64680 104 2003
64681 105 4019
64682 106 3442
64683 107 5801
64684 108 5353
64685 109 2195
64686 110 3177
64687 111 2753
64688 112 4711
64689 113 5664
64690 114 2003
64691 115 3781
64692 116 3617
64693 117 4853
64694 118 5387
64695 119 6096
64696 120 2202
64697 121 4122
64698 122 4953
64699 123 4214
64700 124 6590
64701 125 2265
64702 126 4362
64703 127 6431
64704 128 5009
64705 129 5050
64706 130 7087
64707 131 2003
64708 132 2283
64709 133 4802
64710 134 2819
64711 135 9440
64712 136 2227
64713 137 4436
64714 138 4899
64715 139 3100
64716 140 5121
64717 141 8968
64718 142 2140
64719 143 5826
64720 144 5512
64721 145 2534
64722 146 7051
64723 147 5177
64724 148 2003
