2500
64577 1 4574
64578 2 4267
64579 3 1995
64580 4 4994
64581 5 2090
64582 6 3948
64583 7 3276
64584 8 1619
64585 9 6246
64586 10 2258
64587 11 3883
64588 12 2468
64589 13 2750
64590 14 1629
64591 15 6132
64592 16 1728
64593 17 1814
64594 18 4781
64595 19 4164
64596 20 8505
64597 21 1950
64598 22 2896
64599 23 2160
64600 24 4428
64601 25 6935
64602 26 2249
64603 27 1888
64604 28 4940
64605 29 8077
64606 30 2158
64607 31 1197
64608 32 2714
64609 33 2079
64610 34 5539
64611 35 6529
64612 36 1939
64613 37 2018
64614 38 2941
64615 39 3059
64616 40 4690
64617 41 5197
64618 42 2040
64619 43 2073
64620 44 2612
64621 45 4266
64622 46 5680
64623 47 2962
64624 48 6183
64625 49 2201
64626 50 3650
64627 51 3965
64628 52 2878
64629 53 2516
64630 54 4684
64631 55 2238
64632 56 1904
64633 57 3757
64634 58 3265
64635 59 6132
64636 60 2315
64637 61 3878
64638 62 4731
64639 63 3274
64640 64 5609
64641 65 2003
64642 66 3162
64643 67 2667
64644 68 4952
64645 69 2283
64646 70 3435
64647 71 3253
64648 72 5695
64649 73 2350
64650 74 3378
64651 75 2179
64652 76 5557
64653 77 3331
64654 78 2046
64655 79 4960
64656 80 2225
64657 81 1493
64658 82 2686
64659 83 1511
64660 84 5579
64661 85 2215
64662 86 3441
64663 87 5204
64664 88 4245
64665 89 6058
64666 90 2242
64667 91 4248
64668 92 3154
64669 93 4397
64670 94 2228
64671 95 2658
64672 96 6300
64673 97 1656
64674 98 6062
64675 99 2109
64676 100 3408
64677 101 5202
64678 102 2585
64679 103 5800
64680 104 2168
64681 105 2851
64682 106 3050
64683 107 2003
64684 108 4975
64685 109 4545
64686 110 1610
64687 111 6080
64688 112 2274
64689 113 4418
64690 114 2554
64691 115 6312
64692 116 6726
64693 117 7012
64694 118 2003
64695 119 3022
64696 120 2763
64697 121 4066
64698 122 2620
64699 123 2740
64700 124 6379
64701 125 2146
64702 126 2633
64703 127 2732
64704 128 1593
64705 129 1956
64706 130 6387
64707 131 2256
64708 132 5061
64709 133 3927
64710 134 4600
64711 135 2298
64712 136 3103
64713 137 2787
64714 138 3326
64715 139 4989
64716 140 2749
64717 141 3856
64718 142 2631
64719 143 2653
64720 144 1867
64721 145 4897
64722 146 2271
64723 147 5081
64724 148 4124
64725 149 2918
64726 150 4919
64727 151 0
64728 152 2840
64729 153 4715
64730 154 3835
64731 155 1637
64732 156 3861
64733 157 0
64734 158 7341
64735 159 2591
64736 160 3795
64737 161 2536
64738 162 2571
64739 163 8849
64740 164 2003
