2500
64577 1 4742
64578 2 5606
64579 3 7775
64580 4 5943
64581 5 6034
64582 6 6536
64583 7 2439
64584 8 6542
64585 9 2560
64586 10 5468
64587 11 5467
64588 12 4489
64589 13 4527
64590 14 6154
64591 15 3703
64592 16 4845
64593 17 6554
64594 18 6954
64595 19 3646
64596 20 1515
64597 21 6084
64598 22 4622
64599 23 4513
64600 24 0
64601 25 3708
64602 26 3308
64603 27 6802
64604 28 4615
64605 29 2220
64606 30 3096
64607 31 7897
64608 32 1897
64609 33 3439
64610 34 2118
64611 35 4370
64612 36 2500
64613 37 5008
64614 38 7025
64615 39 5165
64616 40 2574
64617 41 4603
64618 42 5573
64619 43 2208
64620 44 3491
64621 45 2454
64622 46 4970
64623 47 6972
64624 48 6458
64625 49 6389
64626 50 3292
64627 51 4974
64628 52 6395
64629 53 6775
64630 54 6459
64631 55 3012
64632 56 2620
64633 57 6997
64634 58 0
64635 59 6639
64636 60 3840
64637 61 2807
64638 62 5062
64639 63 6292
64640 64 7226
64641 65 7518
64642 66 2121
64643 67 4226
64644 68 3977
64645 69 4864
64646 70 4516
64647 71 2503
64648 72 5717
64649 73 1554
64650 74 7258
64651 75 3825
64652 76 4881
64653 77 4955
64654 78 2418
64655 79 5893
64656 80 0
64657 81 2708
64658 82 5522
64659 83 6817
64660 84 3716
64661 85 6820
64662 86 5008
64663 87 5982
64664 88 3183
64665 89 1946
64666 90 5480
64667 91 3151
64668 92 0
64669 93 5725
64670 94 2032
64671 95 2861
64672 96 3241
64673 97 4715
64674 98 2073
64675 99 6785
64676 100 4443
64677 101 4668
64678 102 9008
64679 103 7278
64680 104 0
64681 105 3525
64682 106 7763
64683 107 5350
64684 108 3683
64685 109 6342
64686 110 0
64687 111 3608
64688 112 4219
64689 113 4218
64690 114 1988
64691 115 3438
64692 116 8934
64693 117 2159
64694 118 3920
64695 119 0
64696 120 3175
64697 121 3875
64698 122 8418
64699 123 3068
64700 124 3438
64701 125 3670
64702 126 6600
64703 127 0
64704 128 2808
64705 129 7016
64706 130 3022
64707 131 3543
64708 132 6892
64709 133 2003
