2500
64577 1 3206
64578 2 5167
64579 3 4669
64580 4 6406
64581 5 2201
64582 6 6196
64583 7 1846
64584 8 7382
64585 9 2003
64586 10 2026
64587 11 6385
64588 12 4316
64589 13 0
64590 14 1930
64591 15 5081
64592 16 4478
64593 17 10313
64594 18 2023
64595 19 1990
64596 20 3385
64597 21 2746
64598 22 4668
64599 23 5425
64600 24 2230
64601 25 5376
64602 26 4904
64603 27 4469
64604 28 2046
64605 29 3915
64606 30 3553
64607 31 1658
64608 32 6378
64609 33 2277
64610 34 4284
64611 35 2465
64612 36 6631
64613 37 1707
64614 38 5038
64615 39 4812
64616 40 9056
64617 41 1926
64618 42 3303
64619 43 2374
64620 44 5198
64621 45 9050
64622 46 2260
64623 47 5941
64624 48 6783
64625 49 2515
64626 50 2553
64627 51 8100
64628 52 2277
64629 53 4613
64630 54 3672
64631 55 3407
64632 56 5321
64633 57 0
64634 58 3614
64635 59 6660
64636 60 5612
64637 61 4302
64638 62 6131
64639 63 4132
64640 64 2101
64641 65 3595
64642 66 2921
64643 67 2428
64644 68 4461
64645 69 6413
64646 70 2183
64647 71 7666
64648 72 7204
64649 73 2730
64650 74 5691
64651 75 6235
64652 76 2216
64653 77 8344
64654 78 4834
64655 79 2524
64656 80 5642
64657 81 2200
64658 82 7063
64659 83 7989
64660 84 8194
64661 85 2115
64662 86 7958
64663 87 5305
64664 88 7652
64665 89 2017
64666 90 6837
64667 91 5515
64668 92 1713
64669 93 8113
64670 94 2259
64671 95 3915
64672 96 3211
64673 97 5249
64674 98 8335
64675 99 1852
64676 100 1986
64677 101 7281
64678 102 4637
64679 103 8698
64680 104 1857
64681 105 4469
64682 106 2277
64683 107 5342
64684 108 9081
64685 109 2383
64686 110 2483
64687 111 4942
64688 112 2534
64689 113 7728
64690 114 2003
64691 115 1744
64692 116 2710
64693 117 5251
64694 118 2225
64695 119 4823
64696 120 2159
64697 121 5700
64698 122 3707
64699 123 6149
64700 124 4505
64701 125 6412
64702 126 2195
64703 127 2711
64704 128 4066
64705 129 4302
64706 130 8871
64707 131 8294
64708 132 2003
