2500
64577 1 5441
64578 2 4263
64579 3 8397
64580 4 1812
64581 5 2282
64582 6 3636
64583 7 2578
64584 8 8451
64585 9 2003
64586 10 3992
64587 11 3732
64588 12 1559
64589 13 8218
64590 14 2259
64591 15 4020
64592 16 2643
64593 17 2271
64594 18 5725
64595 19 1865
64596 20 2390
64597 21 4995
64598 22 4235
64599 23 9446
64600 24 1873
64601 25 3116
64602 26 2489
64603 27 5102
64604 28 8035
64605 29 2252
64606 30 3036
64607 31 3421
64608 32 2742
64609 33 7301
64610 34 1812
64611 35 1847
64612 36 4493
64613 37 5471
64614 38 6259
64615 39 1955
64616 40 2212
64617 41 5096
64618 42 1501
64619 43 5692
64620 44 2235
64621 45 2198
64622 46 3881
64623 47 8193
64624 48 2192
64625 49 4148
64626 50 5604
64627 51 5023
64628 52 7275
64629 53 2152
64630 54 4956
64631 55 0
64632 56 3221
64633 57 5889
64634 58 2072
64635 59 2549
64636 60 4209
64637 61 2791
64638 62 7665
64639 63 1957
64640 64 2111
64641 65 2199
64642 66 2455
64643 67 4772
64644 68 8863
64645 69 2003
64646 70 5466
64647 71 3977
64648 72 2336
64649 73 9359
64650 74 2143
64651 75 5272
64652 76 4426
64653 77 2641
64654 78 3435
64655 79 2256
64656 80 3845
64657 81 1943
64658 82 3474
64659 83 2236
64660 84 8562
64661 85 2164
64662 86 3694
64663 87 1746
64664 88 4304
64665 89 2360
64666 90 2124
64667 91 5725
64668 92 2181
64669 93 1310
64670 94 5891
64671 95 6304
64672 96 3266
64673 97 5913
64674 98 2354
64675 99 5939
64676 100 4128
64677 101 5358
64678 102 2173
64679 103 5829
64680 104 2238
64681 105 6913
64682 106 2914
64683 107 4232
64684 108 3336
64685 109 1866
64686 110 5874
64687 111 2315
64688 112 5413
64689 113 6674
64690 114 2566
64691 115 5616
64692 116 2266
64693 117 8455
64694 118 4387
64695 119 5729
64696 120 4065
64697 121 5613
64698 122 2308
64699 123 1491
64700 124 4580
64701 125 7210
64702 126 3493
64703 127 3909
64704 128 8384
64705 129 2127
64706 130 2271
64707 131 4080
64708 132 2288
64709 133 5374
64710 134 5834
64711 135 2190
64712 136 2683
64713 137 2878
64714 138 5094
64715 139 7994
64716 140 2372
64717 141 5847
64718 142 5848
64719 143 2564
64720 144 4697
64721 145 2003
