2500
64577 1 1661
64578 2 2227
64579 3 3793
64580 4 5772
64581 5 2114
64582 6 2727
64583 7 5094
64584 8 2065
64585 9 1521
64586 10 2319
64587 11 4508
64588 12 3468
64589 13 2003
64590 14 2927
64591 15 5433
64592 16 1895
64593 17 3546
64594 18 6035
64595 19 2172
64596 20 5523
64597 21 3858
64598 22 3552
64599 23 4206
64600 24 3264
64601 25 0
64602 26 3117
64603 27 4055
64604 28 3146
64605 29 3775
64606 30 7448
64607 31 2200
64608 32 5833
64609 33 2942
64610 34 3231
64611 35 5572
64612 36 1697
64613 37 2026
64614 38 3315
64615 39 2308
64616 40 7501
64617 41 2153
64618 42 3741
64619 43 2624
64620 44 6424
64621 45 2003
64622 46 1615
64623 47 2764
64624 48 3323
64625 49 5563
64626 50 1837
64627 51 2506
64628 52 2185
64629 53 1974
64630 54 3852
64631 55 4710
64632 56 2146
64633 57 2238
64634 58 2126
64635 59 2244
64636 60 1878
64637 61 3683
64638 62 4487
64639 63 2195
64640 64 2484
64641 65 3582
64642 66 6153
64643 67 2146
64644 68 2575
64645 69 3064
64646 70 6699
64647 71 2096
64648 72 2024
64649 73 3585
64650 74 5177
64651 75 2190
64652 76 1189
64653 77 1652
64654 78 4262
64655 79 2776
64656 80 2402
64657 81 5869
64658 82 2145
64659 83 3841
64660 84 3652
64661 85 2436
64662 86 8276
64663 87 2213
64664 88 4982
64665 89 2732
64666 90 0
64667 91 4549
64668 92 5114
64669 93 2164
64670 94 3166
64671 95 4585
64672 96 4469
64673 97 4946
64674 98 6852
64675 99 1838
64676 100 3730
64677 101 2712
64678 102 8152
64679 103 2003
64680 104 2731
64681 105 4583
64682 106 2597
64683 107 5660
64684 108 2196
64685 109 3214
64686 110 3663
64687 111 3107
64688 112 3306
64689 113 2097
64690 114 6024
64691 115 4571
64692 116 6131
64693 117 2188
64694 118 5420
64695 119 7705
64696 120 2115
64697 121 2463
64698 122 2280
64699 123 6514
64700 124 3486
64701 125 4296
64702 126 7314
64703 127 2175
64704 128 3445
64705 129 3683
64706 130 2853
64707 131 4669
64708 132 2188
64709 133 5112
64710 134 4507
64711 135 6512
64712 136 2614
64713 137 5789
64714 138 3316
64715 139 2698
64716 140 4392
64717 141 3081
64718 142 5742
64719 143 2296
64720 144 4956
64721 145 2336
64722 146 7840
64723 147 2273
64724 148 5547
64725 149 2698
64726 150 2854
64727 151 6315
64728 152 2003
