2500
64577 1 2448
64578 2 0
64579 3 6500
64580 4 2492
64581 5 4116
64582 6 2243
64583 7 1945
64584 8 3228
64585 9 4244
64586 10 1607
64587 11 3060
64588 12 5443
64589 13 2003
64590 14 1742
64591 15 4403
64592 16 2278
64593 17 3931
64594 18 2238
64595 19 2784
64596 20 4089
64597 21 4009
64598 22 3070
64599 23 4384
64600 24 2051
64601 25 4430
64602 26 1815
64603 27 4595
64604 28 3865
64605 29 3982
64606 30 0
64607 31 3418
64608 32 6555
64609 33 3083
64610 34 3807
64611 35 6234
64612 36 2003
64613 37 3942
64614 38 4784
64615 39 3190
64616 40 3510
64617 41 0
64618 42 2214
64619 43 3001
64620 44 4173
64621 45 3836
64622 46 2106
64623 47 4771
64624 48 3744
64625 49 4121
64626 50 1822
64627 51 4383
64628 52 5918
64629 53 2379
64630 54 5659
64631 55 0
64632 56 2303
64633 57 3351
64634 58 3843
64635 59 3407
64636 60 2003
64637 61 1565
64638 62 4340
64639 63 3727
64640 64 1838
64641 65 3812
64642 66 4539
64643 67 2259
64644 68 2624
64645 69 2649
64646 70 5305
64647 71 2333
64648 72 3793
64649 73 3400
64650 74 3669
64651 75 2314
64652 76 3011
64653 77 0
64654 78 1811
64655 79 1758
64656 80 1832
64657 81 2999
64658 82 2311
64659 83 3641
64660 84 0
64661 85 1968
64662 86 1756
64663 87 4429
64664 88 3956
64665 89 2226
64666 90 1319
64667 91 4527
64668 92 5031
64669 93 3855
64670 94 3317
64671 95 3927
64672 96 5374
64673 97 2163
64674 98 1559
64675 99 2529
64676 100 3278
64677 101 6797
64678 102 6249
64679 103 2370
64680 104 4879
64681 105 0
64682 106 5301
64683 107 1558
64684 108 6677
64685 109 2121
64686 110 3008
64687 111 1524
64688 112 4940
64689 113 4878
64690 114 2390
64691 115 7036
64692 116 1753
64693 117 5150
64694 118 5529
64695 119 2882
64696 120 2586
64697 121 3606
64698 122 6016
64699 123 2088
64700 124 6015
64701 125 2286
64702 126 4852
64703 127 3938
64704 128 3320
64705 129 6572
64706 130 4742
64707 131 0
64708 132 5182
64709 133 6772
64710 134 1863
64711 135 2283
64712 136 4625
64713 137 2475
64714 138 6349
64715 139 4623
64716 140 3885
64717 141 4923
64718 142 2302
64719 143 2379
64720 144 3576
64721 145 4739
64722 146 2417
64723 147 5502
64724 148 5055
64725 149 1582
64726 150 2357
64727 151 2579
64728 152 3588
64729 153 2346
64730 154 4171
64731 155 3277
64732 156 3327
64733 157 1787
64734 158 3758
64735 159 2770
64736 160 2799
64737 161 6641
64738 162 2003
