2500
64577 1 3595
64578 2 2546
64579 3 1375
64580 4 4916
64581 5 3114
64582 6 4191
64583 7 3590
64584 8 1410
64585 9 4053
64586 10 0
64587 11 2887
64588 12 3587
64589 13 1851
64590 14 2048
64591 15 4850
64592 16 4805
64593 17 3582
64594 18 5901
64595 19 5390
64596 20 7477
64597 21 2188
64598 22 5004
64599 23 6431
64600 24 0
64601 25 2458
64602 26 2231
64603 27 3766
64604 28 2239
64605 29 6169
64606 30 4934
64607 31 5756
64608 32 5072
64609 33 4986
64610 34 6270
64611 35 2202
64612 36 1389
64613 37 3876
64614 38 4054
64615 39 3324
64616 40 5582
64617 41 2034
64618 42 5111
64619 43 7162
64620 44 2022
64621 45 1921
64622 46 4292
64623 47 2710
64624 48 4031
64625 49 4097
64626 50 4381
64627 51 0
64628 52 3248
64629 53 1474
64630 54 3710
64631 55 0
64632 56 6739
64633 57 2585
64634 58 4515
64635 59 2557
64636 60 3913
64637 61 4589
64638 62 2965
64639 63 4167
64640 64 2399
64641 65 4471
64642 66 4674
64643 67 2665
64644 68 3411
64645 69 6091
64646 70 2021
64647 71 2229
64648 72 2876
64649 73 2727
64650 74 1655
64651 75 2817
64652 76 5298
64653 77 2815
64654 78 2775
64655 79 3165
64656 80 4458
64657 81 3822
64658 82 5823
64659 83 4711
64660 84 1872
64661 85 6492
64662 86 2404
64663 87 3268
64664 88 2400
64665 89 4232
64666 90 4876
64667 91 3716
64668 92 2243
64669 93 5094
64670 94 0
64671 95 2059
64672 96 3668
64673 97 2267
64674 98 5126
64675 99 3170
64676 100 4917
64677 101 2399
64678 102 3633
64679 103 2291
64680 104 3704
64681 105 4262
64682 106 5362
64683 107 7835
64684 108 4289
64685 109 1649
64686 110 1991
64687 111 0
64688 112 3564
64689 113 3533
64690 114 2721
64691 115 3435
64692 116 6376
64693 117 3151
64694 118 3133
64695 119 0
64696 120 3474
64697 121 0
64698 122 4252
64699 123 958
64700 124 2250
64701 125 4956
64702 126 2063
64703 127 3495
64704 128 0
64705 129 3151
64706 130 1951
64707 131 4714
64708 132 4169
64709 133 5701
64710 134 4575
64711 135 2003
64712 136 5113
64713 137 2156
64714 138 5674
64715 139 4745
64716 140 1694
64717 141 5393
64718 142 4285
64719 143 2441
64720 144 4228
64721 145 3367
64722 146 2592
64723 147 3369
64724 148 5017
64725 149 5565
64726 150 2638
64727 151 4709
64728 152 2363
64729 153 0
64730 154 2146
64731 155 4327
64732 156 5941
64733 157 2565
64734 158 4714
64735 159 2852
64736 160 3043
64737 161 4723
64738 162 4419
64739 163 2794
64740 164 3219
64741 165 2758
64742 166 6039
64743 167 2003
