2500
64577 1 2252
64578 2 4941
64579 3 5344
64580 4 5693
64581 5 2205
64582 6 4288
64583 7 3878
64584 8 0
64585 9 3691
64586 10 2692
64587 11 3758
64588 12 4203
64589 13 0
64590 14 3070
64591 15 3017
64592 16 3990
64593 17 2185
64594 18 3637
64595 19 2200
64596 20 1347
64597 21 3767
64598 22 3628
64599 23 4322
64600 24 4173
64601 25 6133
64602 26 8148
64603 27 1648
64604 28 5147
64605 29 1270
64606 30 4023
64607 31 5593
64608 32 6998
64609 33 1888
64610 34 4199
64611 35 3779
64612 36 4150
64613 37 3748
64614 38 5864
64615 39 5307
64616 40 6607
64617 41 3238
64618 42 6528
64619 43 2310
64620 44 4882
64621 45 4682
64622 46 5448
64623 47 0
64624 48 2983
64625 49 4475
64626 50 3560
64627 51 3720
64628 52 1799
64629 53 1752
64630 54 4072
64631 55 3383
64632 56 4836
64633 57 7080
64634 58 4206
64635 59 2116
64636 60 3279
64637 61 2351
64638 62 4307
64639 63 3184
64640 64 3185
64641 65 2658
64642 66 2496
64643 67 2449
64644 68 3381
64645 69 4372
64646 70 6679
64647 71 2328
64648 72 5708
64649 73 2455
64650 74 0
64651 75 4780
64652 76 4251
64653 77 6039
64654 78 7567
64655 79 2319
64656 80 4201
64657 81 3676
64658 82 5948
64659 83 5133
64660 84 1976
64661 85 6277
64662 86 4951
64663 87 1716
64664 88 3488
64665 89 2191
64666 90 2519
64667 91 2486
64668 92 2900
64669 93 1730
64670 94 3632
64671 95 1982
64672 96 3798
64673 97 1489
64674 98 4418
64675 99 4076
64676 100 2359
64677 101 4085
64678 102 0
64679 103 4577
64680 104 2822
64681 105 6868
64682 106 2003
64683 107 5371
64684 108 1383
64685 109 3273
64686 110 3815
64687 111 4982
64688 112 3401
64689 113 3800
64690 114 4520
64691 115 2197
64692 116 6523
64693 117 2409
64694 118 2887
64695 119 5609
64696 120 2177
64697 121 6430
64698 122 5370
64699 123 1776
64700 124 7644
64701 125 2185
64702 126 2946
64703 127 4693
64704 128 4037
64705 129 1297
64706 130 4137
64707 131 2782
64708 132 5078
64709 133 2110
64710 134 2569
64711 135 1668
64712 136 3589
64713 137 2957
64714 138 4490
64715 139 3835
64716 140 2247
64717 141 3679
64718 142 4392
64719 143 3071
64720 144 1983
64721 145 3749
64722 146 3180
64723 147 2167
64724 148 4458
64725 149 6347
64726 150 5023
64727 151 5413
64728 152 2022
64729 153 4370
64730 154 5060
64731 155 0
64732 156 3099
64733 157 5154
64734 158 2744
64735 159 4621
64736 160 2003
