2500
64577 1 4470
64578 2 1903
64579 3 3745
64580 4 5037
64581 5 3633
64582 6 3273
64583 7 2364
64584 8 4257
64585 9 4094
64586 10 5876
64587 11 2123
64588 12 2679
64589 13 4117
64590 14 3865
64591 15 4643
64592 16 2523
64593 17 2233
64594 18 3912
64595 19 0
64596 20 2129
64597 21 4828
64598 22 3674
64599 23 0
64600 24 2517
64601 25 3773
64602 26 3655
64603 27 3797
64604 28 2215
64605 29 3384
64606 30 4083
64607 31 4940
64608 32 5538
64609 33 5315
64610 34 2362
64611 35 5530
64612 36 6652
64613 37 2007
64614 38 2089
64615 39 6367
64616 40 5637
64617 41 5785
64618 42 3347
64619 43 2003
64620 44 4043
64621 45 4314
64622 46 2747
64623 47 8131
64624 48 5878
64625 49 2218
64626 50 4303
64627 51 7393
64628 52 5427
64629 53 2391
64630 54 4906
64631 55 0
64632 56 2883
64633 57 2137
64634 58 5750
64635 59 2243
64636 60 2739
64637 61 2621
64638 62 0
64639 63 2326
64640 64 5572
64641 65 4815
64642 66 3897
64643 67 2184
64644 68 4592
64645 69 3723
64646 70 5426
64647 71 2158
64648 72 4974
64649 73 2115
64650 74 5183
64651 75 2669
64652 76 4482
64653 77 2540
64654 78 4953
64655 79 4463
64656 80 5250
64657 81 2141
64658 82 1032
64659 83 6578
64660 84 4984
64661 85 4990
64662 86 4080
64663 87 2225
64664 88 3182
64665 89 1560
64666 90 5582
64667 91 3876
64668 92 6101
64669 93 1988
64670 94 2283
64671 95 3064
64672 96 4960
64673 97 1616
64674 98 2114
64675 99 2501
64676 100 3967
64677 101 2370
64678 102 3324
64679 103 0
64680 104 2762
64681 105 8023
64682 106 3080
64683 107 3857
64684 108 2179
64685 109 4786
64686 110 6702
64687 111 4193
64688 112 5403
64689 113 2183
64690 114 3268
64691 115 6488
64692 116 4092
64693 117 5993
64694 118 2358
64695 119 5269
64696 120 2773
64697 121 7737
64698 122 4639
64699 123 2296
64700 124 4725
64701 125 3079
64702 126 5667
64703 127 6578
64704 128 1562
64705 129 4463
64706 130 3396
64707 131 0
64708 132 3705
64709 133 4297
64710 134 3830
64711 135 2236
64712 136 3181
64713 137 2085
64714 138 2958
64715 139 1610
64716 140 4002
64717 141 3486
64718 142 0
64719 143 3251
64720 144 6814
64721 145 2087
64722 146 0
64723 147 4669
64724 148 5909
64725 149 2003
64726 150 3234
64727 151 3189
64728 152 2465
64729 153 3456
64730 154 2004
64731 155 3396
64732 156 3942
64733 157 5007
64734 158 4689
64735 159 1593
64736 160 4078
64737 161 2003
