2500
64577 1 3749
64578 2 1565
64579 3 1771
64580 4 1514
64581 5 2763
64582 6 3520
64583 7 2368
64584 8 4467
64585 9 2325
64586 10 6050
64587 11 2224
64588 12 6471
64589 13 4982
64590 14 1359
64591 15 4262
64592 16 3820
64593 17 6183
64594 18 1830
64595 19 2343
64596 20 3386
64597 21 3100
64598 22 4863
64599 23 2743
64600 24 3976
64601 25 2146
64602 26 1618
64603 27 3024
64604 28 1640
64605 29 3953
64606 30 0
64607 31 2336
64608 32 2035
64609 33 2300
64610 34 2556
64611 35 2266
64612 36 4058
64613 37 5183
64614 38 2003
64615 39 2920
64616 40 6703
64617 41 6071
64618 42 2336
64619 43 4739
64620 44 3864
64621 45 4217
64622 46 2171
64623 47 1743
64624 48 1796
64625 49 2723
64626 50 4145
64627 51 2246
64628 52 2236
64629 53 2967
64630 54 5977
64631 55 2220
64632 56 865
64633 57 2958
64634 58 1620
64635 59 2037
64636 60 2508
64637 61 4613
64638 62 4798
64639 63 1785
64640 64 7347
64641 65 1713
64642 66 1989
64643 67 3486
64644 68 2320
64645 69 2691
64646 70 2961
64647 71 1688
64648 72 2860
64649 73 4880
64650 74 1852
64651 75 1621
64652 76 2223
64653 77 2931
64654 78 5788
64655 79 2369
64656 80 3634
64657 81 3206
64658 82 2236
64659 83 3500
64660 84 2095
64661 85 2482
64662 86 4889
64663 87 5853
64664 88 2814
64665 89 2333
64666 90 4351
64667 91 4213
64668 92 2189
64669 93 5779
64670 94 2247
64671 95 4623
64672 96 6565
64673 97 4222
64674 98 5367
64675 99 1793
64676 100 2354
64677 101 4717
64678 102 6294
64679 103 3464
64680 104 2267
64681 105 8240
64682 106 2148
64683 107 2349
64684 108 5244
64685 109 1566
64686 110 4408
64687 111 2013
64688 112 4293
64689 113 2227
64690 114 4261
64691 115 4524
64692 116 0
64693 117 6295
64694 118 913
64695 119 3194
64696 120 2052
64697 121 5044
64698 122 2173
64699 123 2615
64700 124 1561
64701 125 2668
64702 126 2901
64703 127 5089
64704 128 2281
64705 129 2236
64706 130 5227
64707 131 2036
64708 132 3257
64709 133 2188
64710 134 2389
64711 135 4600
64712 136 3235
64713 137 3454
64714 138 3791
64715 139 2119
64716 140 2678
64717 141 3976
64718 142 3285
64719 143 2078
64720 144 2040
64721 145 3373
64722 146 2184
64723 147 2526
64724 148 2643
64725 149 6299
64726 150 2504
64727 151 3046
64728 152 7363
64729 153 2165
64730 154 2687
64731 155 5588
64732 156 2156
64733 157 8404
64734 158 1976
64735 159 2484
64736 160 2765
64737 161 4834
64738 162 7016
64739 163 2232
64740 164 2835
64741 165 6582
64742 166 7632
64743 167 7546
64744 168 1966
64745 169 2310
64746 170 5296
64747 171 3885
64748 172 8478
64749 173 2003
