2500
64577 1 2640
64578 2 3871
64579 3 3979
64580 4 3370
64581 5 2111
64582 6 4987
64583 7 3894
64584 8 3433
64585 9 3872
64586 10 3707
64587 11 3361
64588 12 5584
64589 13 2224
64590 14 2131
64591 15 1629
64592 16 4903
64593 17 3598
64594 18 2440
64595 19 2839
64596 20 2601
64597 21 1624
64598 22 2242
64599 23 7122
64600 24 1870
64601 25 2410
64602 26 2002
64603 27 2390
64604 28 2434
64605 29 6940
64606 30 2262
64607 31 6593
64608 32 3625
64609 33 2646
64610 34 3703
64611 35 2003
64612 36 4011
64613 37 7582
64614 38 2359
64615 39 2693
64616 40 4529
64617 41 5888
64618 42 1890
64619 43 2095
64620 44 3269
64621 45 4026
64622 46 7533
64623 47 5262
64624 48 4855
64625 49 3069
64626 50 6503
64627 51 1540
64628 52 5613
64629 53 2061
64630 54 2230
64631 55 2391
64632 56 5651
64633 57 7010
64634 58 0
64635 59 5895
64636 60 5312
64637 61 2683
64638 62 4542
64639 63 5431
64640 64 1587
64641 65 6724
64642 66 2395
64643 67 6402
64644 68 2671
64645 69 2878
64646 70 3863
64647 71 2345
64648 72 2820
64649 73 6795
64650 74 4979
64651 75 1909
64652 76 1586
64653 77 2702
64654 78 3044
64655 79 8073
64656 80 0
64657 81 2355
64658 82 2985
64659 83 1501
64660 84 5141
64661 85 2217
64662 86 2360
64663 87 4905
64664 88 6672
64665 89 2418
64666 90 1402
64667 91 2890
64668 92 3042
64669 93 2030
64670 94 5094
64671 95 3579
64672 96 6844
64673 97 3196
64674 98 4329
64675 99 1576
64676 100 4564
64677 101 0
64678 102 7404
64679 103 0
64680 104 2385
64681 105 2914
64682 106 5666
64683 107 6625
64684 108 2225
64685 109 3599
64686 110 7583
64687 111 8070
64688 112 5060
64689 113 0
64690 114 6459
64691 115 3771
64692 116 2210
64693 117 5507
64694 118 5215
64695 119 4885
64696 120 2469
64697 121 3640
64698 122 0
64699 123 5045
64700 124 6651
64701 125 5734
64702 126 0
64703 127 4897
64704 128 4829
64705 129 5158
64706 130 5554
64707 131 0
64708 132 2391
64709 133 2242
64710 134 5960
64711 135 5700
64712 136 2003
