2500
64577 1 4852
64578 2 2565
64579 3 3861
64580 4 5047
64581 5 1786
64582 6 4168
64583 7 3539
64584 8 5614
64585 9 4720
64586 10 2487
64587 11 2311
64588 12 5724
64589 13 5524
64590 14 4204
64591 15 0
64592 16 8594
64593 17 1698
64594 18 4441
64595 19 6402
64596 20 3582
64597 21 2657
64598 22 3002
64599 23 3501
64600 24 1900
64601 25 5654
64602 26 3876
64603 27 0
64604 28 5846
64605 29 2923
64606 30 4116
64607 31 1525
64608 32 4787
64609 33 0
64610 34 1578
64611 35 2609
64612 36 2505
64613 37 2439
64614 38 0
64615 39 2960
64616 40 7902
64617 41 1841
64618 42 2481
64619 43 7891
64620 44 2198
64621 45 2603
64622 46 2961
64623 47 4204
64624 48 0
64625 49 2266
64626 50 4439
64627 51 5291
64628 52 4838
64629 53 0
64630 54 2907
64631 55 5154
64632 56 4085
64633 57 2696
64634 58 0
64635 59 2459
64636 60 2888
64637 61 4410
64638 62 2983
64639 63 4555
64640 64 0
64641 65 2353
64642 66 2768
64643 67 6990
64644 68 6699
64645 69 6029
64646 70 2390
64647 71 5590
64648 72 5555
64649 73 0
64650 74 3126
64651 75 3689
64652 76 4157
64653 77 6433
64654 78 2003
64655 79 1398
64656 80 3141
64657 81 3031
64658 82 5655
64659 83 2625
64660 84 2346
64661 85 3263
64662 86 3642
64663 87 3447
64664 88 1149
64665 89 2062
64666 90 3548
64667 91 3322
64668 92 3220
64669 93 3039
64670 94 957
64671 95 3257
64672 96 3932
64673 97 3520
64674 98 2348
64675 99 2791
64676 100 4577
64677 101 2138
64678 102 3996
64679 103 4816
64680 104 2544
64681 105 5709
64682 106 0
64683 107 2266
64684 108 3172
64685 109 5704
64686 110 3561
64687 111 3309
64688 112 2437
64689 113 5048
64690 114 4882
64691 115 2188
64692 116 2916
64693 117 2047
64694 118 3773
64695 119 4102
64696 120 3733
64697 121 5328
64698 122 5148
64699 123 3946
64700 124 5693
64701 125 4587
64702 126 3823
64703 127 3458
64704 128 0
64705 129 1889
64706 130 2896
64707 131 5416
64708 132 4088
64709 133 8042
64710 134 4475
64711 135 1462
64712 136 5851
64713 137 0
64714 138 3086
64715 139 4542
64716 140 3059
64717 141 6013
64718 142 2343
64719 143 2055
64720 144 5217
64721 145 5368
64722 146 4557
64723 147 3573
64724 148 3397
64725 149 0
64726 150 4483
64727 151 5781
64728 152 1972
64729 153 3888
64730 154 5464
64731 155 5853
64732 156 0
64733 157 4730
64734 158 2750
64735 159 4667
64736 160 0
64737 161 2871
64738 162 3055
64739 163 6953
64740 164 4570
64741 165 2609
64742 166 5315
64743 167 2003
