2500
64577 1 3408
64578 2 5934
64579 3 2603
64580 4 5417
64581 5 1504
64582 6 6741
64583 7 2571
64584 8 4484
64585 9 3805
64586 10 2513
64587 11 6754
64588 12 0
64589 13 2808
64590 14 10169
64591 15 2558
64592 16 6967
64593 17 1914
64594 18 2663
64595 19 4776
64596 20 10143
64597 21 5403
64598 22 4708
64599 23 0
64600 24 3458
64601 25 8202
64602 26 6942
64603 27 7200
64604 28 3177
64605 29 4679
64606 30 5849
64607 31 0
64608 32 8025
64609 33 7595
64610 34 2194
64611 35 10035
64612 36 0
64613 37 3425
64614 38 3641
64615 39 8634
64616 40 5717
64617 41 2258
64618 42 1537
64619 43 3753
64620 44 6675
64621 45 7265
64622 46 6525
64623 47 2950
64624 48 6045
64625 49 2386
64626 50 4463
64627 51 0
64628 52 2458
64629 53 6278
64630 54 2592
64631 55 4766
64632 56 12131
64633 57 0
64634 58 2975
64635 59 7490
64636 60 2525
64637 61 6285
64638 62 4659
64639 63 2929
64640 64 0
64641 65 2925
64642 66 5856
64643 67 2482
64644 68 3198
64645 69 3738
64646 70 6841
64647 71 5158
64648 72 1953
64649 73 9617
64650 74 2233
64651 75 6281
64652 76 6120
64653 77 7739
64654 78 2294
64655 79 6091
64656 80 2881
64657 81 1607
64658 82 10146
64659 83 6124
64660 84 3696
64661 85 5906
64662 86 7624
64663 87 7935
64664 88 6002
64665 89 2466
64666 90 7634
64667 91 7750
64668 92 7835
64669 93 1561
64670 94 7707
64671 95 5544
64672 96 6484
64673 97 0
64674 98 2775
64675 99 4912
64676 100 2326
64677 101 4160
64678 102 5009
64679 103 2722
64680 104 2801
64681 105 4794
64682 106 2208
64683 107 5847
64684 108 6307
64685 109 5375
64686 110 5105
64687 111 7258
64688 112 4187
64689 113 7925
64690 114 4928
64691 115 6258
64692 116 3325
64693 117 5010
64694 118 2642
64695 119 6773
64696 120 6324
64697 121 2875
64698 122 3733
64699 123 9543
64700 124 2003
