2500
64577 1 1810
64578 2 2535
64579 3 4053
64580 4 1804
64581 5 3349
64582 6 2654
64583 7 4289
64584 8 1203
64585 9 3666
64586 10 2188
64587 11 4848
64588 12 3251
64589 13 3160
64590 14 2632
64591 15 7421
64592 16 2258
64593 17 1660
64594 18 2275
64595 19 3390
64596 20 1996
64597 21 5515
64598 22 2372
64599 23 4011
64600 24 1884
64601 25 3834
64602 26 2144
64603 27 1825
64604 28 2666
64605 29 3484
64606 30 4766
64607 31 1890
64608 32 3192
64609 33 2261
64610 34 5852
64611 35 1611
64612 36 4019
64613 37 2208
64614 38 3600
64615 39 0
64616 40 1835
64617 41 2257
64618 42 6131
64619 43 3656
64620 44 5528
64621 45 5856
64622 46 6459
64623 47 2320
64624 48 4964
64625 49 0
64626 50 2264
64627 51 3183
64628 52 2067
64629 53 6353
64630 54 5457
64631 55 2222
64632 56 2683
64633 57 2246
64634 58 3629
64635 59 3231
64636 60 2003
64637 61 3675
64638 62 2993
64639 63 4158
64640 64 3399
64641 65 0
64642 66 3042
64643 67 4041
64644 68 2390
64645 69 2497
64646 70 4887
64647 71 0
64648 72 4446
64649 73 5086
64650 74 2003
64651 75 4585
64652 76 5371
64653 77 6337
64654 78 1766
64655 79 5675
64656 80 3649
64657 81 2140
64658 82 2497
64659 83 2195
64660 84 4655
64661 85 0
64662 86 3377
64663 87 4068
64664 88 2089
64665 89 4052
64666 90 7663
64667 91 4550
64668 92 6744
64669 93 6389
64670 94 0
64671 95 4820
64672 96 4096
64673 97 5593
64674 98 2873
64675 99 0
64676 100 6890
64677 101 2795
64678 102 3117
64679 103 6381
64680 104 2003
64681 105 3465
64682 106 3003
64683 107 3230
64684 108 4548
64685 109 6204
64686 110 4659
64687 111 3588
64688 112 2304
64689 113 1843
64690 114 4127
64691 115 2003
64692 116 2925
64693 117 3795
64694 118 3486
64695 119 3529
64696 120 2527
64697 121 3411
64698 122 2151
64699 123 3381
64700 124 4152
64701 125 4596
64702 126 4865
64703 127 2221
64704 128 3964
64705 129 5678
64706 130 0
64707 131 3321
64708 132 2784
64709 133 1367
64710 134 4754
64711 135 2541
64712 136 6311
64713 137 2120
64714 138 1758
64715 139 2272
64716 140 1925
64717 141 2638
64718 142 3218
64719 143 2412
64720 144 5890
64721 145 2692
64722 146 6782
64723 147 4646
64724 148 1748
64725 149 5435
64726 150 1444
64727 151 3603
64728 152 2587
64729 153 3325
64730 154 4831
64731 155 4674
64732 156 2102
64733 157 4982
64734 158 5088
64735 159 6215
64736 160 1626
64737 161 5414
64738 162 4962
64739 163 0
64740 164 2116
64741 165 2118
64742 166 4954
64743 167 6882
64744 168 4589
64745 169 6130
64746 170 2003
