2500
64577 1 3864
64578 2 3784
64579 3 2797
64580 4 5422
64581 5 6340
64582 6 2593
64583 7 2651
64584 8 2494
64585 9 2588
64586 10 3406
64587 11 0
64588 12 2935
64589 13 6906
64590 14 4942
64591 15 2579
64592 16 2399
64593 17 3046
64594 18 0
64595 19 5158
64596 20 1954
64597 21 4843
64598 22 5413
64599 23 2003
64600 24 2818
64601 25 2872
64602 26 5272
64603 27 5169
64604 28 3815
64605 29 6213
64606 30 4805
64607 31 4951
64608 32 2799
64609 33 3733
64610 34 4197
64611 35 5821
64612 36 4296
64613 37 2348
64614 38 5279
64615 39 7195
64616 40 6309
64617 41 2665
64618 42 4867
64619 43 3021
64620 44 0
64621 45 3615
64622 46 4596
64623 47 2703
64624 48 5155
64625 49 3053
64626 50 2557
64627 51 3594
64628 52 0
64629 53 2999
64630 54 4746
64631 55 2997
64632 56 2735
64633 57 2182
64634 58 2531
64635 59 3552
64636 60 2316
64637 61 3712
64638 62 3966
64639 63 6547
64640 64 3393
64641 65 5386
64642 66 2513
64643 67 5538
64644 68 0
64645 69 3919
64646 70 6274
64647 71 3836
64648 72 1196
64649 73 3808
64650 74 6318
64651 75 1629
64652 76 4551
64653 77 3872
64654 78 2540
64655 79 5227
64656 80 5710
64657 81 7032
64658 82 4159
64659 83 4184
64660 84 1601
64661 85 6908
64662 86 2223
64663 87 5800
64664 88 2656
64665 89 4323
64666 90 1714
64667 91 4193
64668 92 4221
64669 93 0
64670 94 5461
64671 95 5817
64672 96 5302
64673 97 0
64674 98 907
64675 99 3696
64676 100 5833
64677 101 2195
64678 102 3819
64679 103 4374
64680 104 5730
64681 105 1540
64682 106 2976
64683 107 5340
64684 108 1698
64685 109 2555
64686 110 3525
64687 111 4795
64688 112 8004
64689 113 2261
64690 114 4213
64691 115 3740
64692 116 2826
64693 117 2607
64694 118 3677
64695 119 4456
64696 120 6026
64697 121 2217
64698 122 4067
64699 123 2732
64700 124 3847
64701 125 3914
64702 126 2769
64703 127 4452
64704 128 8688
64705 129 5136
64706 130 4317
64707 131 4288
64708 132 2873
64709 133 5914
64710 134 3170
64711 135 0
64712 136 4263
64713 137 2484
64714 138 0
64715 139 2220
64716 140 6830
64717 141 1418
64718 142 7382
64719 143 1778
64720 144 3514
64721 145 4013
64722 146 5127
64723 147 5372
64724 148 2315
64725 149 2034
64726 150 3581
64727 151 2915
64728 152 5625
64729 153 3439
64730 154 3735
64731 155 7840
64732 156 2003
