2500
64577 1 1655
64578 2 3319
64579 3 3580
64580 4 3761
64581 5 6730
64582 6 2326
64583 7 2915
64584 8 7626
64585 9 6733
64586 10 1600
64587 11 4880
64588 12 0
64589 13 4044
64590 14 1691
64591 15 4991
64592 16 4075
64593 17 10969
64594 18 2232
64595 19 4683
64596 20 3372
64597 21 7117
64598 22 5843
64599 23 2993
64600 24 6690
64601 25 2699
64602 26 8298
64603 27 2003
64604 28 3214
64605 29 1534
64606 30 7532
64607 31 3268
64608 32 4718
64609 33 0
64610 34 3364
64611 35 4155
64612 36 9201
64613 37 2003
64614 38 5010
64615 39 2713
64616 40 4716
64617 41 3592
64618 42 3950
64619 43 5298
64620 44 8240
64621 45 5308
64622 46 5793
64623 47 4283
64624 48 5828
64625 49 8353
64626 50 2288
64627 51 4135
64628 52 2827
64629 53 5259
64630 54 5199
64631 55 0
64632 56 8710
64633 57 6670
64634 58 2567
64635 59 4833
64636 60 0
64637 61 3552
64638 62 5226
64639 63 2430
64640 64 3151
64641 65 2129
64642 66 2460
64643 67 3892
64644 68 2201
64645 69 3379
64646 70 4319
64647 71 2976
64648 72 3581
64649 73 2233
64650 74 2704
64651 75 5591
64652 76 0
64653 77 3774
64654 78 2681
64655 79 5315
64656 80 3062
64657 81 5854
64658 82 2290
64659 83 3648
64660 84 6204
64661 85 2125
64662 86 3718
64663 87 7335
64664 88 6764
64665 89 6746
64666 90 2784
64667 91 0
64668 92 2246
64669 93 5896
64670 94 1627
64671 95 5394
64672 96 2721
64673 97 3703
64674 98 2407
64675 99 2568
64676 100 5993
64677 101 2450
64678 102 3823
64679 103 2976
64680 104 2868
64681 105 8927
64682 106 4719
64683 107 1662
64684 108 4465
64685 109 6316
64686 110 3049
64687 111 3042
64688 112 9958
64689 113 5746
64690 114 0
64691 115 1725
64692 116 5125
64693 117 2770
64694 118 0
64695 119 3798
64696 120 4378
64697 121 12571
64698 122 2319
64699 123 2120
64700 124 4161
64701 125 5281
64702 126 2562
64703 127 9139
64704 128 2299
64705 129 4428
64706 130 0
64707 131 5176
64708 132 8343
64709 133 2003
64710 134 2260
64711 135 4298
64712 136 4762
64713 137 5274
64714 138 4127
64715 139 4191
64716 140 5226
64717 141 6624
64718 142 2003
