2500
64577 1 2410
64578 2 3617
64579 3 4293
64580 4 8131
64581 5 5778
64582 6 5232
64583 7 0
64584 8 3513
64585 9 5993
64586 10 6822
64587 11 0
64588 12 3277
64589 13 3702
64590 14 4231
64591 15 4377
64592 16 4949
64593 17 0
64594 18 3063
64595 19 3028
64596 20 5225
64597 21 7523
64598 22 2213
64599 23 2864
64600 24 4597
64601 25 5825
64602 26 5856
64603 27 5734
64604 28 4213
64605 29 1540
64606 30 4137
64607 31 2102
64608 32 6208
64609 33 0
64610 34 7838
64611 35 2970
64612 36 3869
64613 37 4622
64614 38 5238
64615 39 5854
64616 40 5858
64617 41 2748
64618 42 3706
64619 43 5104
64620 44 0
64621 45 2066
64622 46 2055
64623 47 4379
64624 48 3997
64625 49 3448
64626 50 10985
64627 51 2156
64628 52 2032
64629 53 5820
64630 54 2745
64631 55 4656
64632 56 2992
64633 57 5556
64634 58 0
64635 59 1925
64636 60 2809
64637 61 6025
64638 62 1588
64639 63 10010
64640 64 4041
64641 65 2635
64642 66 7964
64643 67 2225
64644 68 1919
64645 69 2562
64646 70 6660
64647 71 5154
64648 72 0
64649 73 2292
64650 74 4548
64651 75 7920
64652 76 8217
64653 77 0
64654 78 2043
64655 79 3557
64656 80 7993
64657 81 2165
64658 82 3188
64659 83 4991
64660 84 3046
64661 85 5328
64662 86 8804
64663 87 4060
64664 88 4176
64665 89 1505
64666 90 5722
64667 91 6722
64668 92 0
64669 93 3108
64670 94 5065
64671 95 6119
64672 96 2213
64673 97 4431
64674 98 2301
64675 99 2869
64676 100 9944
64677 101 2160
64678 102 1975
64679 103 4639
64680 104 3851
64681 105 6646
64682 106 6353
64683 107 3385
64684 108 5312
64685 109 7905
64686 110 2855
64687 111 6093
64688 112 2294
64689 113 4600
64690 114 1781
64691 115 1486
64692 116 5022
64693 117 3051
64694 118 7982
64695 119 2201
64696 120 2260
64697 121 1633
64698 122 5628
64699 123 4496
64700 124 1526
64701 125 1622
64702 126 5337
64703 127 4492
64704 128 5658
64705 129 4019
64706 130 5729
64707 131 2459
64708 132 2467
64709 133 3481
64710 134 5354
64711 135 2861
64712 136 5663
64713 137 0
64714 138 4017
64715 139 3255
64716 140 2451
64717 141 3080
64718 142 1731
64719 143 1319
64720 144 4881
64721 145 7708
64722 146 2003
