2500
64577 1 3443
64578 2 2990
64579 3 5686
64580 4 1655
64581 5 7378
64582 6 4075
64583 7 3965
64584 8 1687
64585 9 5448
64586 10 2483
64587 11 8873
64588 12 2302
64589 13 2874
64590 14 3201
64591 15 5748
64592 16 2687
64593 17 3896
64594 18 1849
64595 19 2322
64596 20 5019
64597 21 3979
64598 22 2842
64599 23 2369
64600 24 3855
64601 25 5646
64602 26 2320
64603 27 2680
64604 28 0
64605 29 2121
64606 30 2512
64607 31 4094
64608 32 6160
64609 33 7582
64610 34 1521
64611 35 7651
64612 36 2198
64613 37 1943
64614 38 3913
64615 39 4225
64616 40 2554
64617 41 4871
64618 42 2401
64619 43 3334
64620 44 4850
64621 45 1699
64622 46 5549
64623 47 7649
64624 48 2200
64625 49 7868
64626 50 5409
64627 51 1017
64628 52 5692
64629 53 0
64630 54 5199
64631 55 4968
64632 56 2648
64633 57 5045
64634 58 8697
64635 59 4991
64636 60 612
64637 61 5608
64638 62 2666
64639 63 2515
64640 64 7511
64641 65 2265
64642 66 2864
64643 67 5030
64644 68 1793
64645 69 2534
64646 70 5032
64647 71 4406
64648 72 3380
64649 73 4356
64650 74 5712
64651 75 0
64652 76 2194
64653 77 2041
64654 78 3518
64655 79 4561
64656 80 3443
64657 81 5003
64658 82 2203
64659 83 1325
64660 84 2104
64661 85 6265
64662 86 5371
64663 87 4735
64664 88 2697
64665 89 6446
64666 90 1841
64667 91 5778
64668 92 2480
64669 93 5203
64670 94 2585
64671 95 0
64672 96 3698
64673 97 2667
64674 98 4189
64675 99 5782
64676 100 5878
64677 101 0
64678 102 3619
64679 103 2628
64680 104 5522
64681 105 6412
64682 106 2345
64683 107 5145
64684 108 2643
64685 109 6409
64686 110 6489
64687 111 1957
64688 112 2004
64689 113 3182
64690 114 1946
64691 115 5159
64692 116 6333
64693 117 2090
64694 118 1830
64695 119 6358
64696 120 2151
64697 121 5547
64698 122 4315
64699 123 1729
64700 124 3143
64701 125 6476
64702 126 2684
64703 127 6272
64704 128 2502
64705 129 3407
64706 130 2023
64707 131 4963
64708 132 5440
64709 133 4046
64710 134 4230
64711 135 1791
64712 136 8440
64713 137 2183
64714 138 2162
64715 139 4372
64716 140 4012
64717 141 7433
64718 142 2707
64719 143 1637
64720 144 4944
64721 145 1917
64722 146 4352
64723 147 2992
64724 148 3096
64725 149 5794
64726 150 2626
64727 151 6832
64728 152 2003
