2500
64577 1 1498
64578 2 3849
64579 3 1385
64580 4 1782
64581 5 2680
64582 6 4933
64583 7 4455
64584 8 2337
64585 9 8180
64586 10 2303
64587 11 1510
64588 12 3865
64589 13 3472
64590 14 3193
64591 15 5963
64592 16 1339
64593 17 1654
64594 18 1544
64595 19 3442
64596 20 6601
64597 21 2257
64598 22 9164
64599 23 2173
64600 24 2132
64601 25 1835
64602 26 6306
64603 27 4379
64604 28 5680
64605 29 2914
64606 30 9138
64607 31 4265
64608 32 2455
64609 33 8543
64610 34 2197
64611 35 3854
64612 36 6100
64613 37 3339
64614 38 4377
64615 39 5752
64616 40 2203
64617 41 2923
64618 42 7484
64619 43 5747
64620 44 0
64621 45 4230
64622 46 1594
64623 47 4766
64624 48 4061
64625 49 7975
64626 50 2249
64627 51 5223
64628 52 2697
64629 53 5568
64630 54 4024
64631 55 8832
64632 56 1296
64633 57 4976
64634 58 4010
64635 59 2389
64636 60 2957
64637 61 7347
64638 62 1956
64639 63 2746
64640 64 3842
64641 65 4764
64642 66 3926
64643 67 0
64644 68 2848
64645 69 2007
64646 70 3902
64647 71 3816
64648 72 6436
64649 73 2401
64650 74 2150
64651 75 5970
64652 76 7374
64653 77 6458
64654 78 0
64655 79 4131
64656 80 6634
64657 81 5201
64658 82 2937
64659 83 6652
64660 84 2525
64661 85 10702
64662 86 2173
64663 87 2006
64664 88 4645
64665 89 2837
64666 90 8636
64667 91 4152
64668 92 3180
64669 93 8552
64670 94 2284
64671 95 4466
64672 96 3661
64673 97 5619
64674 98 3337
64675 99 4416
64676 100 2709
64677 101 5862
64678 102 4179
64679 103 8778
64680 104 6626
64681 105 6533
64682 106 8823
64683 107 2819
64684 108 9834
64685 109 2184
64686 110 1946
64687 111 2787
64688 112 4795
64689 113 5529
64690 114 2494
64691 115 8699
64692 116 2288
64693 117 2686
64694 118 4661
64695 119 2149
64696 120 2570
64697 121 5097
64698 122 6630
64699 123 5535
64700 124 5835
64701 125 2880
64702 126 5497
64703 127 7147
64704 128 6480
64705 129 7437
64706 130 0
64707 131 7483
64708 132 4734
64709 133 3043
64710 134 7595
64711 135 2003
