2500
64577 1 4340
64578 2 1847
64579 3 5287
64580 4 5121
64581 5 2245
64582 6 1849
64583 7 7316
64584 8 3650
64585 9 1965
64586 10 5214
64587 11 2375
64588 12 2453
64589 13 3056
64590 14 3019
64591 15 0
64592 16 1541
64593 17 2990
64594 18 3008
64595 19 4637
64596 20 2619
64597 21 1839
64598 22 3739
64599 23 7814
64600 24 2170
64601 25 6009
64602 26 5484
64603 27 3294
64604 28 3602
64605 29 5524
64606 30 8095
64607 31 5235
64608 32 6298
64609 33 8088
64610 34 4853
64611 35 4596
64612 36 4600
64613 37 3436
64614 38 1510
64615 39 5724
64616 40 2261
64617 41 5170
64618 42 2546
64619 43 3887
64620 44 1624
64621 45 5212
64622 46 3184
64623 47 3406
64624 48 2710
64625 49 7061
64626 50 2003
64627 51 4983
64628 52 3496
64629 53 4832
64630 54 2376
64631 55 5220
64632 56 3862
64633 57 0
64634 58 4882
64635 59 2398
64636 60 6458
64637 61 5053
64638 62 4743
64639 63 3864
64640 64 2753
64641 65 5788
64642 66 2037
64643 67 7002
64644 68 4070
64645 69 3584
64646 70 4612
64647 71 4684
64648 72 4360
64649 73 4212
64650 74 11724
64651 75 4090
64652 76 5160
64653 77 3203
64654 78 0
64655 79 3142
64656 80 2435
64657 81 4275
64658 82 4450
64659 83 5164
64660 84 6204
64661 85 2411
64662 86 7247
64663 87 2061
64664 88 3419
64665 89 5439
64666 90 3973
64667 91 4732
64668 92 5942
64669 93 3762
64670 94 0
64671 95 4849
64672 96 4519
64673 97 10869
64674 98 2203
64675 99 5384
64676 100 4343
64677 101 4127
64678 102 4277
64679 103 2692
64680 104 4715
64681 105 3433
64682 106 0
64683 107 3330
64684 108 2229
64685 109 6820
64686 110 6811
64687 111 4578
64688 112 3715
64689 113 2863
64690 114 4970
64691 115 4292
64692 116 7743
64693 117 4770
64694 118 8128
64695 119 7739
64696 120 2170
64697 121 4060
64698 122 6294
64699 123 2813
64700 124 4608
64701 125 6444
64702 126 5741
64703 127 6475
64704 128 6633
64705 129 4283
64706 130 3730
64707 131 5755
64708 132 4616
64709 133 4048
64710 134 0
64711 135 4281
64712 136 3231
64713 137 7110
64714 138 2003
