2500
64577 1 4246
64578 2 9205
64579 3 4511
64580 4 2120
64581 5 3558
64582 6 4870
64583 7 6187
64584 8 4192
64585 9 3324
64586 10 1329
64587 11 5173
64588 12 4224
64589 13 3623
64590 14 946
64591 15 3772
64592 16 4102
64593 17 2561
64594 18 2650
64595 19 5386
64596 20 2003
64597 21 3229
64598 22 2059
64599 23 3962
64600 24 5761
64601 25 2412
64602 26 2693
64603 27 3933
64604 28 5219
64605 29 2173
64606 30 2977
64607 31 4251
64608 32 4001
64609 33 4703
64610 34 4789
64611 35 5702
64612 36 2536
64613 37 4750
64614 38 0
64615 39 1420
64616 40 2513
64617 41 2606
64618 42 2197
64619 43 0
64620 44 3379
64621 45 6362
64622 46 2291
64623 47 1368
64624 48 4321
64625 49 2020
64626 50 4461
64627 51 2341
64628 52 2291
64629 53 2819
64630 54 3918
64631 55 1859
64632 56 4800
64633 57 5399
64634 58 1553
64635 59 4549
64636 60 2441
64637 61 7228
64638 62 4897
64639 63 2991
64640 64 3125
64641 65 6699
64642 66 2365
64643 67 6021
64644 68 0
64645 69 5291
64646 70 5313
64647 71 3088
64648 72 8121
64649 73 8303
64650 74 0
64651 75 5836
64652 76 5730
64653 77 7582
64654 78 2045
64655 79 4746
64656 80 8049
64657 81 0
64658 82 4632
64659 83 3224
64660 84 5260
64661 85 2262
64662 86 5236
64663 87 4817
64664 88 7420
64665 89 4405
64666 90 2511
64667 91 3832
64668 92 5312
64669 93 4207
64670 94 7049
64671 95 4746
64672 96 2226
64673 97 4310
64674 98 5948
64675 99 5156
64676 100 2875
64677 101 4425
64678 102 6449
64679 103 4352
64680 104 4216
64681 105 6217
64682 106 2539
64683 107 7707
64684 108 4440
64685 109 4838
64686 110 0
64687 111 3185
64688 112 5829
64689 113 5170
64690 114 3666
64691 115 3703
64692 116 3928
64693 117 4592
64694 118 4562
64695 119 3560
64696 120 5963
64697 121 7350
64698 122 4501
64699 123 4787
64700 124 6424
64701 125 2003
