2500
64577 1 3207
64578 2 6709
64579 3 5047
64580 4 4303
64581 5 3092
64582 6 7209
64583 7 4777
64584 8 4463
64585 9 2544
64586 10 7096
64587 11 8251
64588 12 7766
64589 13 0
64590 14 4708
64591 15 2683
64592 16 5867
64593 17 8250
64594 18 2489
64595 19 5271
64596 20 7699
64597 21 0
64598 22 3798
64599 23 2436
64600 24 8830
64601 25 5216
64602 26 3397
64603 27 6406
64604 28 0
64605 29 5990
64606 30 2226
64607 31 4787
64608 32 6561
64609 33 1965
64610 34 2200
64611 35 5307
64612 36 5112
64613 37 5789
64614 38 4912
64615 39 2774
64616 40 5546
64617 41 2905
64618 42 6718
64619 43 6112
64620 44 2015
64621 45 6979
64622 46 2746
64623 47 6312
64624 48 6852
64625 49 2190
64626 50 2854
64627 51 2793
64628 52 4288
64629 53 5273
64630 54 7688
64631 55 5294
64632 56 6001
64633 57 6367
64634 58 3681
64635 59 2075
64636 60 5451
64637 61 2538
64638 62 5422
64639 63 2370
64640 64 6068
64641 65 4195
64642 66 2470
64643 67 5671
64644 68 2541
64645 69 5255
64646 70 7888
64647 71 2993
64648 72 4993
64649 73 3173
64650 74 4991
64651 75 0
64652 76 7649
64653 77 2094
64654 78 3711
64655 79 7451
64656 80 2386
64657 81 1965
64658 82 3923
64659 83 4957
64660 84 5715
64661 85 4864
64662 86 2086
64663 87 2097
64664 88 5904
64665 89 3531
64666 90 0
64667 91 2655
64668 92 7547
64669 93 2695
64670 94 2527
64671 95 4424
64672 96 2278
64673 97 4775
64674 98 2515
64675 99 7493
64676 100 1607
64677 101 5519
64678 102 2326
64679 103 5257
64680 104 11193
64681 105 2145
64682 106 3418
64683 107 7765
64684 108 2244
64685 109 5738
64686 110 4026
64687 111 4785
64688 112 2629
64689 113 3823
64690 114 2284
64691 115 2281
64692 116 3645
64693 117 2264
64694 118 5587
64695 119 5016
64696 120 3101
64697 121 5800
64698 122 2088
64699 123 2473
64700 124 1880
64701 125 5517
64702 126 0
64703 127 1432
64704 128 3701
64705 129 2392
64706 130 2862
64707 131 3974
64708 132 3329
64709 133 0
64710 134 3039
64711 135 4911
64712 136 3900
64713 137 0
64714 138 2469
64715 139 4333
64716 140 5819
64717 141 2003
