2500
64577 1 3893
64578 2 4229
64579 3 5092
64580 4 3954
64581 5 2678
64582 6 8202
64583 7 0
64584 8 1553
64585 9 3075
64586 10 4165
64587 11 0
64588 12 1995
64589 13 2863
64590 14 4823
64591 15 6853
64592 16 2210
64593 17 6055
64594 18 2688
64595 19 6362
64596 20 1888
64597 21 5151
64598 22 3399
64599 23 5481
64600 24 7160
64601 25 0
64602 26 1475
64603 27 7517
64604 28 2435
64605 29 4899
64606 30 2358
64607 31 3958
64608 32 4174
64609 33 2154
64610 34 3643
64611 35 5290
64612 36 5550
64613 37 2751
64614 38 3808
64615 39 6504
64616 40 2132
64617 41 3136
64618 42 4777
64619 43 5144
64620 44 0
64621 45 5392
64622 46 7418
64623 47 2699
64624 48 4863
64625 49 1502
64626 50 7171
64627 51 4364
64628 52 0
64629 53 2406
64630 54 2869
64631 55 2021
64632 56 6062
64633 57 6047
64634 58 2215
64635 59 1275
64636 60 3371
64637 61 6544
64638 62 1602
64639 63 5717
64640 64 5765
64641 65 3560
64642 66 3663
64643 67 4878
64644 68 3563
64645 69 4148
64646 70 2767
64647 71 5077
64648 72 0
64649 73 3651
64650 74 2790
64651 75 3521
64652 76 4380
64653 77 2736
64654 78 5834
64655 79 1753
64656 80 6077
64657 81 5975
64658 82 2487
64659 83 6906
64660 84 2646
64661 85 5514
64662 86 3018
64663 87 2579
64664 88 3133
64665 89 2410
64666 90 3266
64667 91 2098
64668 92 3091
64669 93 4466
64670 94 4313
64671 95 5632
64672 96 6339
64673 97 7135
64674 98 6544
64675 99 6783
64676 100 2570
64677 101 0
64678 102 3290
64679 103 3384
64680 104 4850
64681 105 5852
64682 106 2149
64683 107 3712
64684 108 6261
64685 109 4174
64686 110 5382
64687 111 7323
64688 112 6666
64689 113 2028
64690 114 2646
64691 115 6664
64692 116 7227
64693 117 6132
64694 118 4996
64695 119 4766
64696 120 7693
64697 121 2180
64698 122 3827
64699 123 7138
64700 124 5842
64701 125 2147
64702 126 4805
64703 127 3301
64704 128 4917
64705 129 4234
64706 130 6087
64707 131 4503
64708 132 3632
64709 133 7361
64710 134 7990
64711 135 0
64712 136 2790
64713 137 5746
64714 138 10404
64715 139 2599
64716 140 1949
64717 141 5210
64718 142 2003
