2500
64577 1 5351
64578 2 7198
64579 3 4228
64580 4 1331
64581 5 7447
64582 6 2629
64583 7 2811
64584 8 4059
64585 9 3826
64586 10 6594
64587 11 6298
64588 12 2395
64589 13 4594
64590 14 0
64591 15 3179
64592 16 5076
64593 17 3056
64594 18 3397
64595 19 4435
64596 20 3700
64597 21 4312
64598 22 0
64599 23 4025
64600 24 2692
64601 25 5341
64602 26 5575
64603 27 4026
64604 28 0
64605 29 3701
64606 30 5564
64607 31 5836
64608 32 2651
64609 33 3668
64610 34 5365
64611 35 3111
64612 36 1614
64613 37 4753
64614 38 4542
64615 39 2380
64616 40 2353
64617 41 0
64618 42 2658
64619 43 2616
64620 44 6481
64621 45 6535
64622 46 3963
64623 47 0
64624 48 3018
64625 49 3257
64626 50 6592
64627 51 2144
64628 52 4391
64629 53 2641
64630 54 4014
64631 55 4342
64632 56 8455
64633 57 0
64634 58 3458
64635 59 1676
64636 60 3277
64637 61 2648
64638 62 4663
64639 63 3687
64640 64 1908
64641 65 2178
64642 66 4223
64643 67 4473
64644 68 5508
64645 69 8479
64646 70 6142
64647 71 5817
64648 72 4625
64649 73 6683
64650 74 3554
64651 75 5486
64652 76 3621
64653 77 4424
64654 78 2025
64655 79 4414
64656 80 4339
64657 81 2525
64658 82 2967
64659 83 8422
64660 84 2177
64661 85 4923
64662 86 6859
64663 87 5078
64664 88 3432
64665 89 2528
64666 90 4575
64667 91 1538
64668 92 2771
64669 93 2327
64670 94 3753
64671 95 2103
64672 96 3999
64673 97 5971
64674 98 2125
64675 99 2852
64676 100 1713
64677 101 5378
64678 102 4086
64679 103 5762
64680 104 2567
64681 105 3060
64682 106 7392
64683 107 0
64684 108 3358
64685 109 4550
64686 110 3736
64687 111 4400
64688 112 8389
64689 113 1641
64690 114 7068
64691 115 2908
64692 116 8867
64693 117 2113
64694 118 2825
64695 119 5029
64696 120 1859
64697 121 4978
64698 122 4824
64699 123 2938
64700 124 6704
64701 125 0
64702 126 2975
64703 127 5884
64704 128 3669
64705 129 5167
64706 130 2308
64707 131 6416
64708 132 8647
64709 133 2277
64710 134 4425
64711 135 3322
64712 136 6257
64713 137 3102
64714 138 2526
64715 139 3056
64716 140 0
64717 141 2419
64718 142 3180
64719 143 5146
64720 144 4318
64721 145 1061
64722 146 6484
64723 147 3908
64724 148 1690
64725 149 6326
64726 150 2003
