2500
64577 1 3548
64578 2 5361
64579 3 5117
64580 4 3644
64581 5 4736
64582 6 5119
64583 7 3385
64584 8 0
64585 9 2854
64586 10 4846
64587 11 2033
64588 12 4481
64589 13 7931
64590 14 1471
64591 15 1902
64592 16 4306
64593 17 1800
64594 18 7067
64595 19 5828
64596 20 2003
64597 21 3752
64598 22 4403
64599 23 2654
64600 24 4222
64601 25 3682
64602 26 5649
64603 27 2219
64604 28 3110
64605 29 4500
64606 30 1238
64607 31 3469
64608 32 4042
64609 33 6973
64610 34 2209
64611 35 3975
64612 36 4244
64613 37 4441
64614 38 3656
64615 39 3137
64616 40 6344
64617 41 4417
64618 42 6242
64619 43 6061
64620 44 4175
64621 45 2062
64622 46 5266
64623 47 4806
64624 48 2883
64625 49 2794
64626 50 7306
64627 51 7003
64628 52 2629
64629 53 4365
64630 54 0
64631 55 3064
64632 56 2949
64633 57 6616
64634 58 4889
64635 59 5212
64636 60 0
64637 61 3036
64638 62 2874
64639 63 5160
64640 64 6473
64641 65 4229
64642 66 4230
64643 67 7845
64644 68 0
64645 69 2285
64646 70 2903
64647 71 1394
64648 72 5638
64649 73 2403
64650 74 2351
64651 75 5417
64652 76 5580
64653 77 2182
64654 78 4559
64655 79 4474
64656 80 4634
64657 81 3858
64658 82 5852
64659 83 1874
64660 84 5968
64661 85 3180
64662 86 5214
64663 87 2504
64664 88 3310
64665 89 2488
64666 90 2269
64667 91 5040
64668 92 0
64669 93 2469
64670 94 5450
64671 95 1852
64672 96 4534
64673 97 2700
64674 98 1871
64675 99 3401
64676 100 3176
64677 101 6284
64678 102 2625
64679 103 4993
64680 104 5664
64681 105 2168
64682 106 3799
64683 107 4383
64684 108 3736
64685 109 3959
64686 110 2741
64687 111 4895
64688 112 4702
64689 113 3413
64690 114 3028
64691 115 7552
64692 116 2074
64693 117 3923
64694 118 3712
64695 119 3016
64696 120 3316
64697 121 4003
64698 122 4952
64699 123 4859
64700 124 2529
64701 125 4823
64702 126 0
64703 127 2646
64704 128 2570
64705 129 3873
64706 130 4180
64707 131 6155
64708 132 2003
64709 133 4701
64710 134 2858
64711 135 4215
64712 136 4711
64713 137 2918
64714 138 5182
64715 139 1988
64716 140 2766
64717 141 4229
64718 142 5258
64719 143 1575
64720 144 2417
64721 145 2540
64722 146 2712
64723 147 2348
64724 148 5359
64725 149 0
64726 150 3483
64727 151 4917
64728 152 2820
64729 153 2252
64730 154 1885
64731 155 2266
64732 156 2604
64733 157 2003
