2500
64577 1 3940
64578 2 7270
64579 3 5561
64580 4 2483
64581 5 3439
64582 6 6917
64583 7 2718
64584 8 4717
64585 9 1573
64586 10 3797
64587 11 3119
64588 12 7359
64589 13 2722
64590 14 0
64591 15 3068
64592 16 2507
64593 17 4024
64594 18 4074
64595 19 1777
64596 20 4209
64597 21 2284
64598 22 2698
64599 23 5017
64600 24 4870
64601 25 0
64602 26 7258
64603 27 4909
64604 28 2983
64605 29 2720
64606 30 2605
64607 31 5486
64608 32 5158
64609 33 2063
64610 34 4294
64611 35 7732
64612 36 2090
64613 37 4721
64614 38 2619
64615 39 4457
64616 40 5370
64617 41 4440
64618 42 0
64619 43 5384
64620 44 4004
64621 45 3482
64622 46 2979
64623 47 4513
64624 48 4318
64625 49 4429
64626 50 0
64627 51 5005
64628 52 4191
64629 53 2863
64630 54 2416
64631 55 5243
64632 56 3546
64633 57 4874
64634 58 4760
64635 59 2206
64636 60 3534
64637 61 5079
64638 62 5346
64639 63 2509
64640 64 1877
64641 65 4874
64642 66 4013
64643 67 3317
64644 68 8497
64645 69 2371
64646 70 5867
64647 71 7650
64648 72 4610
64649 73 2299
64650 74 3174
64651 75 4769
64652 76 3358
64653 77 6369
64654 78 6482
64655 79 0
64656 80 8023
64657 81 2864
64658 82 6536
64659 83 3584
64660 84 5588
64661 85 4328
64662 86 2536
64663 87 5359
64664 88 0
64665 89 2758
64666 90 5294
64667 91 6265
64668 92 2471
64669 93 2122
64670 94 4459
64671 95 2200
64672 96 3487
64673 97 5783
64674 98 3578
64675 99 4723
64676 100 6476
64677 101 7768
64678 102 5584
64679 103 7131
64680 104 2153
64681 105 4916
64682 106 3822
64683 107 4292
64684 108 6496
64685 109 5409
64686 110 3750
64687 111 5002
64688 112 6877
64689 113 3401
64690 114 2332
64691 115 5633
64692 116 2349
64693 117 2309
64694 118 4400
64695 119 5727
64696 120 2487
64697 121 6474
64698 122 2413
64699 123 4550
64700 124 0
64701 125 3109
64702 126 4380
64703 127 5151
64704 128 2746
64705 129 5837
64706 130 1595
64707 131 2919
64708 132 3201
64709 133 4417
64710 134 5313
64711 135 9361
64712 136 5551
64713 137 7508
64714 138 3178
64715 139 4192
64716 140 7182
64717 141 2003
