2500
64577 1 1572
64578 2 5827
64579 3 1316
64580 4 2080
64581 5 7648
64582 6 2775
64583 7 4337
64584 8 6417
64585 9 2506
64586 10 3924
64587 11 2362
64588 12 6123
64589 13 7281
64590 14 3915
64591 15 5656
64592 16 2926
64593 17 1730
64594 18 3653
64595 19 2004
64596 20 2817
64597 21 3057
64598 22 3724
64599 23 8197
64600 24 2697
64601 25 5499
64602 26 5589
64603 27 2230
64604 28 1643
64605 29 3869
64606 30 2511
64607 31 6381
64608 32 3555
64609 33 3292
64610 34 2294
64611 35 3904
64612 36 3190
64613 37 4889
64614 38 2963
64615 39 3186
64616 40 5164
64617 41 3097
64618 42 4624
64619 43 2575
64620 44 2978
64621 45 4628
64622 46 7740
64623 47 2737
64624 48 6891
64625 49 3780
64626 50 2239
64627 51 11007
64628 52 1814
64629 53 3535
64630 54 5753
64631 55 0
64632 56 5694
64633 57 3938
64634 58 2408
64635 59 2552
64636 60 0
64637 61 3456
64638 62 2893
64639 63 5213
64640 64 6232
64641 65 2221
64642 66 4628
64643 67 2912
64644 68 5826
64645 69 1755
64646 70 4035
64647 71 0
64648 72 5579
64649 73 3523
64650 74 7367
64651 75 3496
64652 76 6127
64653 77 2062
64654 78 4127
64655 79 6334
64656 80 4905
64657 81 4788
64658 82 6274
64659 83 0
64660 84 3772
64661 85 4381
64662 86 6706
64663 87 4977
64664 88 2663
64665 89 7286
64666 90 4186
64667 91 6889
64668 92 2223
64669 93 2706
64670 94 9302
64671 95 1981
64672 96 4288
64673 97 5451
64674 98 8012
64675 99 6146
64676 100 8824
64677 101 2488
64678 102 5460
64679 103 2442
64680 104 3476
64681 105 4193
64682 106 3844
64683 107 6941
64684 108 2857
64685 109 5126
64686 110 3947
64687 111 4048
64688 112 2217
64689 113 2246
64690 114 5810
64691 115 10882
64692 116 2348
64693 117 4767
64694 118 3415
64695 119 2383
64696 120 3032
64697 121 2304
64698 122 3944
64699 123 4176
64700 124 5394
64701 125 2272
64702 126 3810
64703 127 6010
64704 128 2047
64705 129 3972
64706 130 5812
64707 131 5344
64708 132 4251
64709 133 7158
64710 134 6362
64711 135 3478
64712 136 3731
64713 137 4431
64714 138 7401
64715 139 2003
