2500
64577 1 3805
64578 2 2939
64579 3 3616
64580 4 7161
64581 5 8332
64582 6 7051
64583 7 0
64584 8 3035
64585 9 2583
64586 10 0
64587 11 3760
64588 12 5383
64589 13 0
64590 14 2906
64591 15 4037
64592 16 9927
64593 17 2749
64594 18 2865
64595 19 5002
64596 20 2003
64597 21 2574
64598 22 4976
64599 23 5023
64600 24 6320
64601 25 4601
64602 26 3243
64603 27 6587
64604 28 5328
64605 29 3712
64606 30 4234
64607 31 7500
64608 32 1993
64609 33 2913
64610 34 1480
64611 35 3255
64612 36 6580
64613 37 7219
64614 38 0
64615 39 4053
64616 40 5368
64617 41 4262
64618 42 3352
64619 43 4213
64620 44 2270
64621 45 4376
64622 46 5429
64623 47 5481
64624 48 7197
64625 49 5874
64626 50 2355
64627 51 7044
64628 52 8137
64629 53 2259
64630 54 6085
64631 55 7486
64632 56 5800
64633 57 6570
64634 58 2288
64635 59 5053
64636 60 4397
64637 61 4588
64638 62 2586
64639 63 3063
64640 64 7609
64641 65 6686
64642 66 5447
64643 67 5035
64644 68 5088
64645 69 5462
64646 70 9686
64647 71 1989
64648 72 2398
64649 73 6062
64650 74 9245
64651 75 2025
64652 76 4689
64653 77 2746
64654 78 4450
64655 79 6069
64656 80 5210
64657 81 2237
64658 82 3766
64659 83 9369
64660 84 2419
64661 85 5627
64662 86 2145
64663 87 3103
64664 88 6979
64665 89 0
64666 90 7088
64667 91 3954
64668 92 0
64669 93 4601
64670 94 2440
64671 95 7944
64672 96 6685
64673 97 2435
64674 98 5053
64675 99 7651
64676 100 9069
64677 101 5728
64678 102 2187
64679 103 3312
64680 104 5374
64681 105 6528
64682 106 5438
64683 107 6557
64684 108 1533
64685 109 8282
64686 110 2003
64687 111 2461
64688 112 5892
64689 113 5985
64690 114 7287
64691 115 6405
64692 116 4574
64693 117 6272
64694 118 8530
64695 119 3172
64696 120 7979
64697 121 0
64698 122 4973
64699 123 1715
64700 124 10795
64701 125 2003
