2500
64577 1 2039
64578 2 6071
64579 3 4856
64580 4 1495
64581 5 3456
64582 6 3467
64583 7 6327
64584 8 5419
64585 9 5721
64586 10 1286
64587 11 7549
64588 12 2210
64589 13 3748
64590 14 6345
64591 15 5448
64592 16 6949
64593 17 5152
64594 18 0
64595 19 2201
64596 20 3791
64597 21 11642
64598 22 2480
64599 23 5597
64600 24 8318
64601 25 5146
64602 26 7627
64603 27 2010
64604 28 2719
64605 29 3825
64606 30 4795
64607 31 5047
64608 32 3476
64609 33 9077
64610 34 3437
64611 35 5722
64612 36 4677
64613 37 0
64614 38 4385
64615 39 2777
64616 40 2953
64617 41 4166
64618 42 2346
64619 43 4570
64620 44 3604
64621 45 5395
64622 46 4996
64623 47 1697
64624 48 11260
64625 49 2193
64626 50 5875
64627 51 2981
64628 52 4375
64629 53 4098
64630 54 4813
64631 55 5093
64632 56 1292
64633 57 3097
64634 58 2642
64635 59 2427
64636 60 0
64637 61 4272
64638 62 9377
64639 63 2003
64640 64 5532
64641 65 4134
64642 66 5577
64643 67 3762
64644 68 5370
64645 69 2730
64646 70 9886
64647 71 2003
64648 72 2781
64649 73 4179
64650 74 5119
64651 75 5149
64652 76 6310
64653 77 4132
64654 78 6999
64655 79 3909
64656 80 9450
64657 81 7134
64658 82 8782
64659 83 9254
64660 84 3953
64661 85 7032
64662 86 0
64663 87 6356
64664 88 2894
64665 89 6881
64666 90 0
64667 91 8156
64668 92 2905
64669 93 4459
64670 94 9482
64671 95 2291
64672 96 1985
64673 97 2935
64674 98 1440
64675 99 2877
64676 100 2479
64677 101 2366
64678 102 5256
64679 103 7531
64680 104 1585
64681 105 5985
64682 106 0
64683 107 6268
64684 108 2636
64685 109 4424
64686 110 9257
64687 111 2127
64688 112 1239
64689 113 1927
64690 114 3540
64691 115 5081
64692 116 2192
64693 117 4555
64694 118 5944
64695 119 6419
64696 120 2482
64697 121 3594
64698 122 2788
64699 123 1852
64700 124 3944
64701 125 6585
64702 126 2644
64703 127 4435
64704 128 5688
64705 129 2215
64706 130 4207
64707 131 3864
64708 132 7440
64709 133 2003
