2500
64577 1 1903
64578 2 4059
64579 3 7104
64580 4 2281
64581 5 4027
64582 6 1860
64583 7 2340
64584 8 4584
64585 9 2322
64586 10 2242
64587 11 4488
64588 12 1471
64589 13 5735
64590 14 4421
64591 15 1856
64592 16 5691
64593 17 8286
64594 18 1953
64595 19 5600
64596 20 5042
64597 21 0
64598 22 5250
64599 23 2413
64600 24 3734
64601 25 2441
64602 26 3444
64603 27 0
64604 28 7258
64605 29 3594
64606 30 5067
64607 31 5296
64608 32 7625
64609 33 2366
64610 34 2145
64611 35 3992
64612 36 3814
64613 37 5992
64614 38 0
64615 39 3471
64616 40 3558
64617 41 2646
64618 42 3073
64619 43 4337
64620 44 2010
64621 45 5564
64622 46 7945
64623 47 2390
64624 48 1952
64625 49 1652
64626 50 2538
64627 51 5133
64628 52 5150
64629 53 2152
64630 54 5159
64631 55 2788
64632 56 3941
64633 57 6816
64634 58 2120
64635 59 3866
64636 60 4520
64637 61 7286
64638 62 3966
64639 63 5414
64640 64 2871
64641 65 5217
64642 66 0
64643 67 5395
64644 68 7277
64645 69 1910
64646 70 1803
64647 71 5005
64648 72 1853
64649 73 6694
64650 74 8750
64651 75 9807
64652 76 2286
64653 77 1816
64654 78 7434
64655 79 2226
64656 80 1926
64657 81 4596
64658 82 10034
64659 83 2218
64660 84 2043
64661 85 3452
64662 86 3327
64663 87 3901
64664 88 952
64665 89 4064
64666 90 9571
64667 91 2244
64668 92 2455
64669 93 3403
64670 94 2732
64671 95 0
64672 96 3342
64673 97 4244
64674 98 2926
64675 99 2168
64676 100 2142
64677 101 3564
64678 102 4147
64679 103 2625
64680 104 3206
64681 105 4077
64682 106 0
64683 107 7249
64684 108 4417
64685 109 2605
64686 110 8510
64687 111 2003
64688 112 5799
64689 113 2298
64690 114 4155
64691 115 6084
64692 116 1842
64693 117 5346
64694 118 3370
64695 119 3654
64696 120 2673
64697 121 3755
64698 122 6512
64699 123 2111
64700 124 5262
64701 125 4013
64702 126 4688
64703 127 5115
64704 128 3063
64705 129 0
64706 130 4079
64707 131 3734
64708 132 10217
64709 133 2295
64710 134 4696
64711 135 2399
64712 136 3749
64713 137 2677
64714 138 0
64715 139 4402
64716 140 3156
64717 141 5332
64718 142 4033
64719 143 4288
64720 144 6552
64721 145 1365
64722 146 8667
64723 147 4341
64724 148 7803
64725 149 2003
