2500
64577 1 3791
64578 2 5186
64579 3 4409
64580 4 2599
64581 5 4724
64582 6 4531
64583 7 2493
64584 8 6163
64585 9 5068
64586 10 5378
64587 11 2385
64588 12 1537
64589 13 5909
64590 14 4296
64591 15 0
64592 16 2957
64593 17 5255
64594 18 5272
64595 19 2024
64596 20 3796
64597 21 3832
64598 22 1976
64599 23 4413
64600 24 2684
64601 25 0
64602 26 2841
64603 27 2943
64604 28 2365
64605 29 2843
64606 30 3583
64607 31 6268
64608 32 5351
64609 33 4732
64610 34 8797
64611 35 2114
64612 36 2672
64613 37 4135
64614 38 5010
64615 39 5042
64616 40 6021
64617 41 6974
64618 42 3791
64619 43 4846
64620 44 7811
64621 45 2081
64622 46 5413
64623 47 3617
64624 48 4264
64625 49 6646
64626 50 4504
64627 51 5325
64628 52 2080
64629 53 10637
64630 54 5795
64631 55 3276
64632 56 4953
64633 57 7779
64634 58 2263
64635 59 7994
64636 60 5769
64637 61 3219
64638 62 4333
64639 63 2561
64640 64 7722
64641 65 2267
64642 66 2964
64643 67 5383
64644 68 3065
64645 69 5780
64646 70 6085
64647 71 5532
64648 72 3144
64649 73 4748
64650 74 4055
64651 75 2543
64652 76 5112
64653 77 0
64654 78 6103
64655 79 5416
64656 80 4524
64657 81 3605
64658 82 2680
64659 83 5520
64660 84 1909
64661 85 5679
64662 86 2929
64663 87 3465
64664 88 4521
64665 89 1053
64666 90 3610
64667 91 7077
64668 92 2253
64669 93 2912
64670 94 7021
64671 95 6055
64672 96 6840
64673 97 4243
64674 98 2743
64675 99 4558
64676 100 2052
64677 101 3926
64678 102 5334
64679 103 3688
64680 104 1509
64681 105 5791
64682 106 2549
64683 107 8846
64684 108 2139
64685 109 2648
64686 110 2488
64687 111 4643
64688 112 3410
64689 113 3944
64690 114 3660
64691 115 5460
64692 116 7036
64693 117 2746
64694 118 5016
64695 119 3111
64696 120 6126
64697 121 2232
64698 122 2174
64699 123 2502
64700 124 5830
64701 125 5543
64702 126 2300
64703 127 2818
64704 128 4978
64705 129 0
64706 130 4182
64707 131 2723
64708 132 3182
64709 133 1790
64710 134 3849
64711 135 1889
64712 136 5527
64713 137 0
64714 138 5042
64715 139 5439
64716 140 7507
64717 141 2003
