2500
64577 1 3357
64578 2 2280
64579 3 3946
64580 4 2274
64581 5 4619
64582 6 5703
64583 7 1384
64584 8 4698
64585 9 5425
64586 10 4874
64587 11 4037
64588 12 3677
64589 13 4063
64590 14 5776
64591 15 2110
64592 16 3946
64593 17 4054
64594 18 4966
64595 19 6513
64596 20 2799
64597 21 1435
64598 22 6389
64599 23 2280
64600 24 3826
64601 25 3752
64602 26 1865
64603 27 5207
64604 28 2717
64605 29 5013
64606 30 3669
64607 31 2490
64608 32 4634
64609 33 2940
64610 34 3219
64611 35 3147
64612 36 4651
64613 37 5017
64614 38 4734
64615 39 2661
64616 40 5085
64617 41 2280
64618 42 1819
64619 43 3168
64620 44 1719
64621 45 2798
64622 46 6951
64623 47 3592
64624 48 2647
64625 49 2478
64626 50 4555
64627 51 2783
64628 52 3845
64629 53 7750
64630 54 3481
64631 55 8771
64632 56 0
64633 57 4282
64634 58 8765
64635 59 2085
64636 60 3600
64637 61 1305
64638 62 4264
64639 63 6318
64640 64 3395
64641 65 5980
64642 66 1530
64643 67 7398
64644 68 1990
64645 69 2226
64646 70 4346
64647 71 4482
64648 72 5187
64649 73 7779
64650 74 2787
64651 75 2620
64652 76 2407
64653 77 4982
64654 78 2128
64655 79 1131
64656 80 1902
64657 81 3900
64658 82 6448
64659 83 4552
64660 84 3277
64661 85 6907
64662 86 1611
64663 87 4636
64664 88 5916
64665 89 2266
64666 90 3176
64667 91 0
64668 92 3320
64669 93 2614
64670 94 8451
64671 95 2240
64672 96 5740
64673 97 3810
64674 98 6410
64675 99 2308
64676 100 3674
64677 101 4642
64678 102 3450
64679 103 4555
64680 104 3745
64681 105 4989
64682 106 4035
64683 107 5432
64684 108 4171
64685 109 3888
64686 110 9249
64687 111 2288
64688 112 2205
64689 113 5661
64690 114 2550
64691 115 6136
64692 116 3465
64693 117 4329
64694 118 3102
64695 119 2276
64696 120 6619
64697 121 3776
64698 122 4198
64699 123 1398
64700 124 5595
64701 125 3500
64702 126 3553
64703 127 6006
64704 128 2003
