2500
64577 1 6887
64578 2 3493
64579 3 5838
64580 4 1520
64581 5 4397
64582 6 4636
64583 7 1188
64584 8 2850
64585 9 4100
64586 10 3847
64587 11 0
64588 12 3758
64589 13 5275
64590 14 4031
64591 15 7041
64592 16 5449
64593 17 0
64594 18 3320
64595 19 4787
64596 20 5157
64597 21 5307
64598 22 2243
64599 23 2563
64600 24 5298
64601 25 3295
64602 26 5645
64603 27 5396
64604 28 3294
64605 29 5715
64606 30 2566
64607 31 4888
64608 32 1793
64609 33 1811
64610 34 6653
64611 35 5159
64612 36 2501
64613 37 3019
64614 38 6316
64615 39 4020
64616 40 5190
64617 41 2058
64618 42 4704
64619 43 2540
64620 44 2662
64621 45 0
64622 46 2997
64623 47 1321
64624 48 3183
64625 49 3189
64626 50 4640
64627 51 6211
64628 52 2225
64629 53 2954
64630 54 5793
64631 55 1698
64632 56 7554
64633 57 2295
64634 58 2771
64635 59 2932
64636 60 8645
64637 61 1654
64638 62 5420
64639 63 3429
64640 64 3518
64641 65 4216
64642 66 2273
64643 67 3367
64644 68 2921
64645 69 2743
64646 70 0
64647 71 2585
64648 72 3543
64649 73 2341
64650 74 2526
64651 75 3844
64652 76 5010
64653 77 2060
64654 78 3377
64655 79 4464
64656 80 2642
64657 81 0
64658 82 6018
64659 83 4632
64660 84 6758
64661 85 2306
64662 86 6008
64663 87 4813
64664 88 3039
64665 89 5336
64666 90 1840
64667 91 3269
64668 92 5682
64669 93 6415
64670 94 4523
64671 95 4415
64672 96 1739
64673 97 4432
64674 98 4109
64675 99 0
64676 100 5981
64677 101 5630
64678 102 4571
64679 103 0
64680 104 3320
64681 105 1560
64682 106 6270
64683 107 2137
64684 108 3002
64685 109 4076
64686 110 7271
64687 111 7408
64688 112 4388
64689 113 2463
64690 114 5388
64691 115 6646
64692 116 5264
64693 117 5603
64694 118 4439
64695 119 1785
64696 120 3617
64697 121 5770
64698 122 2197
64699 123 4720
64700 124 3813
64701 125 4459
64702 126 3721
64703 127 4782
64704 128 2112
64705 129 3506
64706 130 3916
64707 131 3647
64708 132 2348
64709 133 2336
64710 134 3544
64711 135 3092
64712 136 7229
64713 137 2160
64714 138 2833
64715 139 2284
64716 140 1243
64717 141 5155
64718 142 3841
64719 143 5378
64720 144 7098
64721 145 7942
64722 146 7279
64723 147 2549
64724 148 5579
64725 149 6334
64726 150 2003
