2500
64577 1 3790
64578 2 6479
64579 3 1820
64580 4 5831
64581 5 4664
64582 6 0
64583 7 3363
64584 8 5294
64585 9 2763
64586 10 4926
64587 11 3796
64588 12 2599
64589 13 3763
64590 14 0
64591 15 3175
64592 16 5646
64593 17 2982
64594 18 3076
64595 19 4424
64596 20 7722
64597 21 2003
64598 22 2210
64599 23 4568
64600 24 7250
64601 25 1819
64602 26 4867
64603 27 4463
64604 28 5278
64605 29 2734
64606 30 5614
64607 31 2256
64608 32 5355
64609 33 4185
64610 34 4876
64611 35 1780
64612 36 2774
64613 37 1456
64614 38 3172
64615 39 3913
64616 40 3137
64617 41 5829
64618 42 2189
64619 43 4599
64620 44 4200
64621 45 3942
64622 46 4923
64623 47 6934
64624 48 5306
64625 49 6924
64626 50 2532
64627 51 6936
64628 52 2180
64629 53 2331
64630 54 5162
64631 55 3695
64632 56 3959
64633 57 3173
64634 58 0
64635 59 2623
64636 60 6713
64637 61 2212
64638 62 2407
64639 63 2338
64640 64 7056
64641 65 2155
64642 66 1144
64643 67 6289
64644 68 3032
64645 69 4628
64646 70 4437
64647 71 3038
64648 72 1519
64649 73 2875
64650 74 5818
64651 75 2770
64652 76 5848
64653 77 3836
64654 78 4889
64655 79 4451
64656 80 1975
64657 81 2770
64658 82 1650
64659 83 3749
64660 84 2476
64661 85 4747
64662 86 2553
64663 87 4302
64664 88 5904
64665 89 0
64666 90 3338
64667 91 3456
64668 92 5984
64669 93 2003
64670 94 3579
64671 95 3499
64672 96 5150
64673 97 1663
64674 98 5590
64675 99 4244
64676 100 7014
64677 101 4571
64678 102 3263
64679 103 4238
64680 104 5199
64681 105 2260
64682 106 7256
64683 107 4145
64684 108 6490
64685 109 4408
64686 110 4739
64687 111 7686
64688 112 3352
64689 113 2790
64690 114 3596
64691 115 5828
64692 116 2203
64693 117 3248
64694 118 3873
64695 119 3827
64696 120 2624
64697 121 3671
64698 122 0
64699 123 2857
64700 124 3170
64701 125 2283
64702 126 3818
64703 127 3541
64704 128 2090
64705 129 3599
64706 130 4844
64707 131 8995
64708 132 2299
64709 133 3698
64710 134 4745
64711 135 5093
64712 136 3130
64713 137 3264
64714 138 4401
64715 139 5641
64716 140 2499
64717 141 3584
64718 142 6741
64719 143 6800
64720 144 3853
64721 145 5100
64722 146 5006
64723 147 2554
64724 148 7442
64725 149 2003
