2500
64577 1 4946
64578 2 6214
64579 3 4556
64580 4 2230
64581 5 6856
64582 6 3498
64583 7 2728
64584 8 3291
64585 9 4644
64586 10 7974
64587 11 0
64588 12 6825
64589 13 6640
64590 14 4920
64591 15 6346
64592 16 0
64593 17 2692
64594 18 3407
64595 19 7165
64596 20 2153
64597 21 5385
64598 22 5222
64599 23 4226
64600 24 2934
64601 25 0
64602 26 6888
64603 27 5042
64604 28 4226
64605 29 3713
64606 30 4697
64607 31 4825
64608 32 2824
64609 33 4657
64610 34 2358
64611 35 5452
64612 36 3043
64613 37 3255
64614 38 0
64615 39 2639
64616 40 5390
64617 41 4009
64618 42 3719
64619 43 3699
64620 44 5055
64621 45 1301
64622 46 5267
64623 47 1115
64624 48 1197
64625 49 5454
64626 50 1885
64627 51 3612
64628 52 2388
64629 53 5907
64630 54 4737
64631 55 6357
64632 56 0
64633 57 8508
64634 58 5332
64635 59 2333
64636 60 8750
64637 61 0
64638 62 3005
64639 63 1551
64640 64 4970
64641 65 7703
64642 66 5008
64643 67 5542
64644 68 3927
64645 69 5906
64646 70 2397
64647 71 7129
64648 72 1911
64649 73 4125
64650 74 7177
64651 75 6505
64652 76 7204
64653 77 6431
64654 78 0
64655 79 2858
64656 80 3532
64657 81 6031
64658 82 2255
64659 83 1485
64660 84 3114
64661 85 0
64662 86 2058
64663 87 4336
64664 88 1930
64665 89 6404
64666 90 5269
64667 91 1342
64668 92 5919
64669 93 2775
64670 94 4237
64671 95 0
64672 96 5925
64673 97 4895
64674 98 3553
64675 99 2847
64676 100 4558
64677 101 7365
64678 102 4192
64679 103 2311
64680 104 5391
64681 105 2913
64682 106 1932
64683 107 3820
64684 108 4822
64685 109 5796
64686 110 7498
64687 111 4667
64688 112 4006
64689 113 7381
64690 114 4929
64691 115 2196
64692 116 7546
64693 117 0
64694 118 7225
64695 119 2460
64696 120 6671
64697 121 0
64698 122 2458
64699 123 4507
64700 124 5765
64701 125 2492
64702 126 5476
64703 127 0
64704 128 3042
64705 129 5906
64706 130 4883
64707 131 6254
64708 132 6277
64709 133 0
64710 134 4592
64711 135 2880
64712 136 0
64713 137 11075
64714 138 2985
64715 139 0
64716 140 3442
64717 141 6703
64718 142 5496
64719 143 4790
64720 144 2003
