2500
64577 1 2204
64578 2 5715
64579 3 3197
64580 4 3316
64581 5 2973
64582 6 2526
64583 7 8322
64584 8 4971
64585 9 5736
64586 10 9980
64587 11 2213
64588 12 5304
64589 13 2538
64590 14 5491
64591 15 7005
64592 16 6581
64593 17 2253
64594 18 4483
64595 19 7745
64596 20 2194
64597 21 3065
64598 22 8530
64599 23 1633
64600 24 4814
64601 25 4205
64602 26 2691
64603 27 6134
64604 28 0
64605 29 6119
64606 30 3484
64607 31 1627
64608 32 5845
64609 33 6545
64610 34 5900
64611 35 3524
64612 36 1662
64613 37 7248
64614 38 2312
64615 39 2807
64616 40 2490
64617 41 4656
64618 42 4254
64619 43 2247
64620 44 3195
64621 45 4514
64622 46 3039
64623 47 4169
64624 48 3279
64625 49 2726
64626 50 2769
64627 51 5405
64628 52 5959
64629 53 4443
64630 54 4478
64631 55 2219
64632 56 8316
64633 57 2129
64634 58 2824
64635 59 5795
64636 60 7666
64637 61 2738
64638 62 6126
64639 63 0
64640 64 3088
64641 65 3710
64642 66 3838
64643 67 5291
64644 68 2786
64645 69 4024
64646 70 4273
64647 71 5053
64648 72 4370
64649 73 5613
64650 74 2751
64651 75 5287
64652 76 2521
64653 77 2700
64654 78 4916
64655 79 2845
64656 80 5816
64657 81 4839
64658 82 2433
64659 83 4681
64660 84 2570
64661 85 2037
64662 86 3602
64663 87 5728
64664 88 2532
64665 89 3024
64666 90 7748
64667 91 2333
64668 92 6932
64669 93 2713
64670 94 6889
64671 95 3620
64672 96 0
64673 97 4108
64674 98 2248
64675 99 6262
64676 100 5790
64677 101 2191
64678 102 3119
64679 103 4539
64680 104 4043
64681 105 6481
64682 106 8158
64683 107 5576
64684 108 0
64685 109 1706
64686 110 6204
64687 111 6372
64688 112 2843
64689 113 6173
64690 114 8529
64691 115 0
64692 116 2679
64693 117 0
64694 118 4174
64695 119 5978
64696 120 2508
64697 121 5892
64698 122 3580
64699 123 8474
64700 124 2358
64701 125 2665
64702 126 11259
64703 127 6733
64704 128 3786
64705 129 3642
64706 130 8914
64707 131 1959
64708 132 4513
64709 133 6567
64710 134 3186
64711 135 1210
64712 136 5864
64713 137 1288
64714 138 2003
