2500
64577 1 3157
64578 2 5157
64579 3 2854
64580 4 2907
64581 5 5075
64582 6 5793
64583 7 2812
64584 8 3554
64585 9 4243
64586 10 3349
64587 11 5419
64588 12 4082
64589 13 0
64590 14 2339
64591 15 4098
64592 16 5102
64593 17 4459
64594 18 4203
64595 19 0
64596 20 2732
64597 21 1678
64598 22 2203
64599 23 2992
64600 24 3586
64601 25 1836
64602 26 2186
64603 27 3852
64604 28 6468
64605 29 1790
64606 30 4641
64607 31 1413
64608 32 6114
64609 33 3993
64610 34 0
64611 35 3026
64612 36 3371
64613 37 1658
64614 38 3299
64615 39 3028
64616 40 1606
64617 41 2324
64618 42 3308
64619 43 3822
64620 44 2344
64621 45 4809
64622 46 0
64623 47 4082
64624 48 1445
64625 49 4007
64626 50 2717
64627 51 2545
64628 52 5636
64629 53 4697
64630 54 1874
64631 55 2230
64632 56 3380
64633 57 4687
64634 58 4551
64635 59 2041
64636 60 4974
64637 61 0
64638 62 3802
64639 63 4724
64640 64 4173
64641 65 2108
64642 66 1324
64643 67 3894
64644 68 5035
64645 69 2455
64646 70 2624
64647 71 4036
64648 72 2386
64649 73 2189
64650 74 4800
64651 75 0
64652 76 3843
64653 77 2176
64654 78 4019
64655 79 4107
64656 80 2248
64657 81 1426
64658 82 4028
64659 83 3101
64660 84 2677
64661 85 1639
64662 86 1669
64663 87 2958
64664 88 5245
64665 89 2488
64666 90 4593
64667 91 0
64668 92 2476
64669 93 4687
64670 94 3081
64671 95 5110
64672 96 3321
64673 97 4595
64674 98 3411
64675 99 2141
64676 100 2280
64677 101 5831
64678 102 4786
64679 103 6308
64680 104 4240
64681 105 3045
64682 106 5274
64683 107 4833
64684 108 0
64685 109 7205
64686 110 5692
64687 111 0
64688 112 2225
64689 113 1874
64690 114 4430
64691 115 4509
64692 116 4144
64693 117 4602
64694 118 0
64695 119 3899
64696 120 1159
64697 121 7196
64698 122 1747
64699 123 6220
64700 124 3543
64701 125 3128
64702 126 4679
64703 127 4503
64704 128 0
64705 129 6561
64706 130 7242
64707 131 2523
64708 132 4329
64709 133 4660
64710 134 2272
64711 135 3764
64712 136 4290
64713 137 4738
64714 138 5217
64715 139 6254
64716 140 3443
64717 141 0
64718 142 3590
64719 143 5740
64720 144 5804
64721 145 2638
64722 146 5480
64723 147 5817
64724 148 5210
64725 149 0
64726 150 4921
64727 151 3247
64728 152 3595
64729 153 3571
64730 154 4197
64731 155 2256
64732 156 2216
64733 157 4062
64734 158 5701
64735 159 7031
64736 160 0
64737 161 3561
64738 162 4018
64739 163 5480
64740 164 0
64741 165 2858
64742 166 3391
64743 167 4725
64744 168 6029
64745 169 2003
