2500
64577 1 1263
64578 2 3164
64579 3 2695
64580 4 2505
64581 5 5912
64582 6 0
64583 7 2432
64584 8 4188
64585 9 2557
64586 10 5178
64587 11 2544
64588 12 5925
64589 13 2358
64590 14 4440
64591 15 2310
64592 16 2932
64593 17 2654
64594 18 3659
64595 19 2039
64596 20 5998
64597 21 0
64598 22 3979
64599 23 6117
64600 24 2086
64601 25 8649
64602 26 3215
64603 27 5286
64604 28 1588
64605 29 2785
64606 30 2568
64607 31 5243
64608 32 2241
64609 33 3714
64610 34 3694
64611 35 1465
64612 36 5572
64613 37 5444
64614 38 2650
64615 39 3412
64616 40 0
64617 41 4710
64618 42 1820
64619 43 3077
64620 44 2649
64621 45 5931
64622 46 2003
64623 47 1452
64624 48 3563
64625 49 6044
64626 50 2648
64627 51 4280
64628 52 4273
64629 53 3216
64630 54 3874
64631 55 4053
64632 56 5134
64633 57 4380
64634 58 2253
64635 59 3937
64636 60 5027
64637 61 5714
64638 62 2965
64639 63 2789
64640 64 3185
64641 65 4031
64642 66 4305
64643 67 4918
64644 68 3129
64645 69 2076
64646 70 2951
64647 71 3301
64648 72 5895
64649 73 5021
64650 74 3873
64651 75 4816
64652 76 2341
64653 77 2497
64654 78 2101
64655 79 1886
64656 80 5061
64657 81 6451
64658 82 0
64659 83 6092
64660 84 3295
64661 85 4439
64662 86 2429
64663 87 4616
64664 88 8588
64665 89 2452
64666 90 5437
64667 91 4625
64668 92 2298
64669 93 3057
64670 94 4929
64671 95 2333
64672 96 5230
64673 97 5385
64674 98 3078
64675 99 6759
64676 100 3227
64677 101 3988
64678 102 3802
64679 103 3925
64680 104 4105
64681 105 4470
64682 106 2188
64683 107 2219
64684 108 5197
64685 109 2176
64686 110 5244
64687 111 2256
64688 112 3388
64689 113 3101
64690 114 2624
64691 115 7805
64692 116 2524
64693 117 2409
64694 118 3965
64695 119 3725
64696 120 1954
64697 121 3726
64698 122 4683
64699 123 4194
64700 124 2340
64701 125 6893
64702 126 4858
64703 127 1750
64704 128 6472
64705 129 3184
64706 130 6519
64707 131 3571
64708 132 6233
64709 133 3708
64710 134 3222
64711 135 4198
64712 136 0
64713 137 2996
64714 138 3794
64715 139 4589
64716 140 2814
64717 141 2043
64718 142 4863
64719 143 3755
64720 144 5669
64721 145 2222
64722 146 2076
64723 147 4110
64724 148 1653
64725 149 3946
64726 150 2257
64727 151 3890
64728 152 4500
64729 153 0
64730 154 2076
64731 155 3287
64732 156 6363
64733 157 3988
64734 158 5233
64735 159 2003
