2500
64577 1 3349
64578 2 2320
64579 3 4391
64580 4 1780
64581 5 4748
64582 6 3865
64583 7 4550
64584 8 3169
64585 9 4142
64586 10 2601
64587 11 3783
64588 12 2634
64589 13 4980
64590 14 7875
64591 15 2378
64592 16 2004
64593 17 1286
64594 18 1720
64595 19 6720
64596 20 2464
64597 21 1749
64598 22 5019
64599 23 0
64600 24 2998
64601 25 4042
64602 26 5788
64603 27 2293
64604 28 3328
64605 29 7233
64606 30 5975
64607 31 2400
64608 32 4478
64609 33 0
64610 34 7697
64611 35 6762
64612 36 4849
64613 37 4886
64614 38 9784
64615 39 3099
64616 40 1483
64617 41 5734
64618 42 0
64619 43 2154
64620 44 2253
64621 45 2748
64622 46 1968
64623 47 5003
64624 48 6310
64625 49 2432
64626 50 5962
64627 51 4467
64628 52 2517
64629 53 4451
64630 54 4251
64631 55 2742
64632 56 5363
64633 57 4853
64634 58 3017
64635 59 2795
64636 60 4717
64637 61 4021
64638 62 2231
64639 63 5123
64640 64 4375
64641 65 3896
64642 66 3993
64643 67 3790
64644 68 5212
64645 69 1487
64646 70 5428
64647 71 3141
64648 72 4766
64649 73 4656
64650 74 2722
64651 75 4382
64652 76 1519
64653 77 3197
64654 78 2941
64655 79 0
64656 80 3021
64657 81 1783
64658 82 3948
64659 83 4437
64660 84 1334
64661 85 5699
64662 86 2236
64663 87 2140
64664 88 2851
64665 89 2509
64666 90 5878
64667 91 2805
64668 92 4737
64669 93 4332
64670 94 3881
64671 95 1992
64672 96 3220
64673 97 1795
64674 98 5374
64675 99 0
64676 100 7659
64677 101 1686
64678 102 2657
64679 103 2420
64680 104 2777
64681 105 2731
64682 106 4564
64683 107 2095
64684 108 1907
64685 109 4445
64686 110 2589
64687 111 4056
64688 112 3968
64689 113 0
64690 114 3290
64691 115 1939
64692 116 3690
64693 117 2769
64694 118 2698
64695 119 6340
64696 120 3246
64697 121 1734
64698 122 2342
64699 123 3539
64700 124 3662
64701 125 2223
64702 126 2493
64703 127 6967
64704 128 2829
64705 129 2539
64706 130 4160
64707 131 6393
64708 132 2398
64709 133 3048
64710 134 0
64711 135 3983
64712 136 2938
64713 137 2883
64714 138 3921
64715 139 7527
64716 140 4942
64717 141 4796
64718 142 2003
