2500
64577 1 3225
64578 2 6801
64579 3 5790
64580 4 0
64581 5 4057
64582 6 4631
64583 7 2607
64584 8 6471
64585 9 5125
64586 10 3189
64587 11 5709
64588 12 4286
64589 13 8337
64590 14 3350
64591 15 0
64592 16 2835
64593 17 5388
64594 18 3145
64595 19 0
64596 20 3008
64597 21 5861
64598 22 6157
64599 23 2250
64600 24 2144
64601 25 5237
64602 26 7141
64603 27 5750
64604 28 0
64605 29 4439
64606 30 4425
64607 31 3356
64608 32 4086
64609 33 5117
64610 34 0
64611 35 2923
64612 36 3423
64613 37 3652
64614 38 4084
64615 39 2197
64616 40 1230
64617 41 4514
64618 42 2623
64619 43 2461
64620 44 4269
64621 45 1642
64622 46 3686
64623 47 2866
64624 48 3124
64625 49 5167
64626 50 5430
64627 51 5173
64628 52 2305
64629 53 5097
64630 54 2441
64631 55 6415
64632 56 7236
64633 57 6181
64634 58 0
64635 59 2984
64636 60 4569
64637 61 3719
64638 62 2526
64639 63 4870
64640 64 2480
64641 65 0
64642 66 2999
64643 67 2380
64644 68 9549
64645 69 1595
64646 70 6413
64647 71 3527
64648 72 0
64649 73 2456
64650 74 4039
64651 75 3576
64652 76 2402
64653 77 3945
64654 78 5549
64655 79 3724
64656 80 2413
64657 81 4176
64658 82 2257
64659 83 2707
64660 84 4331
64661 85 2310
64662 86 2591
64663 87 3119
64664 88 1587
64665 89 5280
64666 90 3642
64667 91 3380
64668 92 4319
64669 93 0
64670 94 3620
64671 95 4306
64672 96 4862
64673 97 2398
64674 98 4126
64675 99 2783
64676 100 3819
64677 101 5257
64678 102 4601
64679 103 4575
64680 104 0
64681 105 2747
64682 106 4400
64683 107 4233
64684 108 7674
64685 109 2507
64686 110 6201
64687 111 2852
64688 112 4640
64689 113 3731
64690 114 4746
64691 115 2224
64692 116 4403
64693 117 4363
64694 118 0
64695 119 7336
64696 120 5731
64697 121 4720
64698 122 0
64699 123 2696
64700 124 4133
64701 125 6573
64702 126 0
64703 127 3058
64704 128 5226
64705 129 3481
64706 130 3948
64707 131 2908
64708 132 2602
64709 133 7003
64710 134 0
64711 135 5127
64712 136 4993
64713 137 3947
64714 138 0
64715 139 2826
64716 140 3581
64717 141 7607
64718 142 0
64719 143 2563
64720 144 5529
64721 145 5920
64722 146 5521
64723 147 0
64724 148 1169
64725 149 4102
64726 150 4279
64727 151 8662
64728 152 0
64729 153 2886
64730 154 5020
64731 155 4537
64732 156 0
64733 157 4514
64734 158 6915
64735 159 2003
