2500
64577 1 4648
64578 2 7623
64579 3 1910
64580 4 2604
64581 5 2381
64582 6 3341
64583 7 1533
64584 8 6961
64585 9 2041
64586 10 5643
64587 11 6305
64588 12 3559
64589 13 4819
64590 14 6083
64591 15 5726
64592 16 3843
64593 17 4359
64594 18 3927
64595 19 1987
64596 20 2565
64597 21 4003
64598 22 2967
64599 23 5689
64600 24 5262
64601 25 8160
64602 26 0
64603 27 2834
64604 28 5877
64605 29 3087
64606 30 5802
64607 31 4181
64608 32 2078
64609 33 8167
64610 34 2631
64611 35 5783
64612 36 1582
64613 37 5111
64614 38 2573
64615 39 0
64616 40 4994
64617 41 5176
64618 42 8365
64619 43 3887
64620 44 7213
64621 45 2810
64622 46 3437
64623 47 0
64624 48 2217
64625 49 2400
64626 50 5506
64627 51 7310
64628 52 1806
64629 53 5915
64630 54 2708
64631 55 4450
64632 56 4358
64633 57 2003
64634 58 3054
64635 59 4215
64636 60 6213
64637 61 4538
64638 62 2455
64639 63 4385
64640 64 0
64641 65 3406
64642 66 5801
64643 67 4704
64644 68 2233
64645 69 2365
64646 70 5320
64647 71 3787
64648 72 4518
64649 73 5909
64650 74 2879
64651 75 2003
64652 76 1859
64653 77 4812
64654 78 0
64655 79 3049
64656 80 4695
64657 81 3447
64658 82 4495
64659 83 4570
64660 84 4321
64661 85 3933
64662 86 3019
64663 87 2190
64664 88 2867
64665 89 5641
64666 90 2727
64667 91 5615
64668 92 2278
64669 93 1865
64670 94 3167
64671 95 7295
64672 96 5325
64673 97 3612
64674 98 2833
64675 99 3800
64676 100 1748
64677 101 1338
64678 102 3891
64679 103 2096
64680 104 2802
64681 105 0
64682 106 3945
64683 107 6431
64684 108 5599
64685 109 5847
64686 110 4871
64687 111 0
64688 112 2907
64689 113 9004
64690 114 3362
64691 115 5735
64692 116 3722
64693 117 2445
64694 118 3670
64695 119 7839
64696 120 8389
64697 121 3300
64698 122 8272
64699 123 3579
64700 124 4206
64701 125 4030
64702 126 0
64703 127 6592
64704 128 5738
64705 129 5920
64706 130 9049
64707 131 2025
64708 132 7010
64709 133 5786
64710 134 0
64711 135 3223
64712 136 1511
64713 137 7859
64714 138 3498
64715 139 4885
64716 140 0
64717 141 4799
64718 142 2310
64719 143 6034
64720 144 5922
64721 145 2003
