2500
64577 1 3236
64578 2 4046
64579 3 4252
64580 4 2680
64581 5 4554
64582 6 4020
64583 7 4506
64584 8 4498
64585 9 7078
64586 10 0
64587 11 2009
64588 12 2041
64589 13 5561
64590 14 3701
64591 15 3137
64592 16 2864
64593 17 4927
64594 18 1731
64595 19 4728
64596 20 0
64597 21 2975
64598 22 4913
64599 23 5201
64600 24 2332
64601 25 1864
64602 26 2878
64603 27 4163
64604 28 0
64605 29 2277
64606 30 2538
64607 31 4011
64608 32 4713
64609 33 2153
64610 34 1421
64611 35 5076
64612 36 4096
64613 37 2352
64614 38 1973
64615 39 3593
64616 40 0
64617 41 2599
64618 42 3059
64619 43 2618
64620 44 3899
64621 45 2459
64622 46 5635
64623 47 0
64624 48 3938
64625 49 2618
64626 50 5121
64627 51 3865
64628 52 3414
64629 53 6407
64630 54 0
64631 55 3139
64632 56 3596
64633 57 4647
64634 58 6834
64635 59 2003
64636 60 2957
64637 61 3990
64638 62 3837
64639 63 4606
64640 64 2432
64641 65 5303
64642 66 5901
64643 67 2610
64644 68 6764
64645 69 4461
64646 70 1581
64647 71 5888
64648 72 2208
64649 73 7808
64650 74 6107
64651 75 5370
64652 76 5580
64653 77 8090
64654 78 6158
64655 79 2517
64656 80 5165
64657 81 0
64658 82 9495
64659 83 3222
64660 84 4255
64661 85 4892
64662 86 2134
64663 87 1152
64664 88 2389
64665 89 3914
64666 90 2577
64667 91 4147
64668 92 5475
64669 93 3975
64670 94 2848
64671 95 5360
64672 96 4278
64673 97 3310
64674 98 4255
64675 99 1570
64676 100 3453
64677 101 0
64678 102 3096
64679 103 5588
64680 104 3972
64681 105 4653
64682 106 2193
64683 107 3113
64684 108 3702
64685 109 3281
64686 110 4343
64687 111 2228
64688 112 2783
64689 113 1379
64690 114 3601
64691 115 3865
64692 116 4622
64693 117 0
64694 118 2260
64695 119 2969
64696 120 3998
64697 121 2211
64698 122 2921
64699 123 4326
64700 124 3130
64701 125 6313
64702 126 6066
64703 127 2490
64704 128 2065
64705 129 4367
64706 130 2220
64707 131 2994
64708 132 0
64709 133 2746
64710 134 2025
64711 135 4878
64712 136 2120
64713 137 3497
64714 138 3670
64715 139 2187
64716 140 2499
64717 141 4482
64718 142 2280
64719 143 5761
64720 144 2849
64721 145 5225
64722 146 4949
64723 147 5094
64724 148 2464
64725 149 6294
64726 150 2274
64727 151 2930
64728 152 3222
64729 153 6858
64730 154 1487
64731 155 5516
64732 156 0
64733 157 2581
64734 158 4640
64735 159 2532
64736 160 3357
64737 161 2841
64738 162 2422
64739 163 3006
64740 164 2866
64741 165 5629
64742 166 2003
