2500
64577 1 3339
64578 2 4168
64579 3 4317
64580 4 1571
64581 5 3540
64582 6 6640
64583 7 1905
64584 8 2389
64585 9 2869
64586 10 4402
64587 11 3964
64588 12 4957
64589 13 4008
64590 14 2193
64591 15 4354
64592 16 0
64593 17 2251
64594 18 1907
64595 19 3362
64596 20 4334
64597 21 3788
64598 22 3880
64599 23 4158
64600 24 2307
64601 25 1050
64602 26 5870
64603 27 1801
64604 28 5296
64605 29 4742
64606 30 1928
64607 31 4669
64608 32 2218
64609 33 4438
64610 34 4307
64611 35 5946
64612 36 2058
64613 37 4470
64614 38 1657
64615 39 2210
64616 40 1947
64617 41 4429
64618 42 2194
64619 43 1886
64620 44 4205
64621 45 2141
64622 46 3264
64623 47 2955
64624 48 4643
64625 49 4237
64626 50 0
64627 51 2579
64628 52 3408
64629 53 2610
64630 54 2971
64631 55 4000
64632 56 4054
64633 57 4252
64634 58 3089
64635 59 3429
64636 60 5951
64637 61 2237
64638 62 4751
64639 63 7129
64640 64 4241
64641 65 3801
64642 66 7236
64643 67 2597
64644 68 1341
64645 69 5224
64646 70 2372
64647 71 5822
64648 72 2222
64649 73 4331
64650 74 6186
64651 75 4296
64652 76 4474
64653 77 4432
64654 78 4698
64655 79 4695
64656 80 3913
64657 81 3500
64658 82 4848
64659 83 5147
64660 84 2183
64661 85 3696
64662 86 2084
64663 87 4781
64664 88 3825
64665 89 1842
64666 90 7114
64667 91 2222
64668 92 5055
64669 93 5068
64670 94 4344
64671 95 4556
64672 96 0
64673 97 2243
64674 98 2739
64675 99 5404
64676 100 4912
64677 101 2451
64678 102 2242
64679 103 0
64680 104 3204
64681 105 1313
64682 106 3484
64683 107 6270
64684 108 2163
64685 109 3187
64686 110 4380
64687 111 2605
64688 112 4781
64689 113 5548
64690 114 1528
64691 115 4505
64692 116 2459
64693 117 4762
64694 118 1782
64695 119 3139
64696 120 5126
64697 121 2279
64698 122 3776
64699 123 5563
64700 124 4835
64701 125 5010
64702 126 1946
64703 127 5063
64704 128 3251
64705 129 3860
64706 130 0
64707 131 5545
64708 132 2788
64709 133 4818
64710 134 3365
64711 135 2249
64712 136 3893
64713 137 3556
64714 138 4072
64715 139 2376
64716 140 4951
64717 141 2776
64718 142 3717
64719 143 5048
64720 144 2260
64721 145 2945
64722 146 4293
64723 147 2726
64724 148 2012
64725 149 2157
64726 150 2401
64727 151 3040
64728 152 2636
64729 153 5424
64730 154 0
64731 155 4268
64732 156 6375
64733 157 2287
64734 158 2903
64735 159 5376
64736 160 5179
64737 161 2493
64738 162 2497
64739 163 2706
64740 164 2368
64741 165 4927
64742 166 2003
