2500
64577 1 6014
64578 2 7731
64579 3 3987
64580 4 8341
64581 5 2287
64582 6 4043
64583 7 6333
64584 8 2390
64585 9 4824
64586 10 4155
64587 11 0
64588 12 3593
64589 13 6089
64590 14 4937
64591 15 2424
64592 16 7063
64593 17 3317
64594 18 5984
64595 19 6743
64596 20 6915
64597 21 2926
64598 22 6153
64599 23 0
64600 24 1960
64601 25 2199
64602 26 6032
64603 27 1683
64604 28 4903
64605 29 4809
64606 30 2419
64607 31 2008
64608 32 3840
64609 33 3021
64610 34 2552
64611 35 4507
64612 36 9017
64613 37 2641
64614 38 3639
64615 39 2759
64616 40 0
64617 41 3437
64618 42 4725
64619 43 2771
64620 44 1805
64621 45 1839
64622 46 2242
64623 47 4250
64624 48 2227
64625 49 6788
64626 50 4282
64627 51 2583
64628 52 3370
64629 53 2130
64630 54 3319
64631 55 3132
64632 56 1480
64633 57 2972
64634 58 2246
64635 59 3964
64636 60 2939
64637 61 0
64638 62 1653
64639 63 4648
64640 64 2670
64641 65 3473
64642 66 5105
64643 67 2747
64644 68 5052
64645 69 2685
64646 70 4526
64647 71 2441
64648 72 4276
64649 73 5900
64650 74 2313
64651 75 6789
64652 76 4724
64653 77 6172
64654 78 0
64655 79 2431
64656 80 4062
64657 81 2762
64658 82 4323
64659 83 0
64660 84 2747
64661 85 2330
64662 86 3711
64663 87 6333
64664 88 2871
64665 89 5326
64666 90 3620
64667 91 2954
64668 92 0
64669 93 3087
64670 94 6184
64671 95 4758
64672 96 2804
64673 97 5048
64674 98 5746
64675 99 4130
64676 100 6306
64677 101 6849
64678 102 2126
64679 103 2624
64680 104 3364
64681 105 7278
64682 106 6354
64683 107 0
64684 108 4076
64685 109 1657
64686 110 4038
64687 111 0
64688 112 3917
64689 113 3450
64690 114 4092
64691 115 3636
64692 116 4478
64693 117 3091
64694 118 4062
64695 119 5172
64696 120 2246
64697 121 1130
64698 122 7164
64699 123 6732
64700 124 4478
64701 125 0
64702 126 5392
64703 127 2305
64704 128 4187
64705 129 4959
64706 130 0
64707 131 3251
64708 132 3743
64709 133 4275
64710 134 2054
64711 135 1107
64712 136 2727
64713 137 4812
64714 138 3808
64715 139 2005
64716 140 5506
64717 141 2488
64718 142 2658
64719 143 4197
64720 144 1276
64721 145 2622
64722 146 4134
64723 147 5038
64724 148 1097
64725 149 4354
64726 150 5312
64727 151 4543
64728 152 6527
64729 153 1472
64730 154 4122
64731 155 0
64732 156 3662
64733 157 2707
64734 158 8261
64735 159 2003
