2500
64577 1 5208
64578 2 4650
64579 3 4336
64580 4 3145
64581 5 2358
64582 6 2965
64583 7 0
64584 8 866
64585 9 3574
64586 10 4095
64587 11 1453
64588 12 5970
64589 13 2679
64590 14 5768
64591 15 3866
64592 16 5417
64593 17 2526
64594 18 4474
64595 19 2632
64596 20 2240
64597 21 3266
64598 22 2115
64599 23 3933
64600 24 0
64601 25 3944
64602 26 5140
64603 27 2637
64604 28 4133
64605 29 6139
64606 30 2479
64607 31 4702
64608 32 2741
64609 33 4437
64610 34 2386
64611 35 1345
64612 36 1791
64613 37 6852
64614 38 2585
64615 39 1784
64616 40 4297
64617 41 1231
64618 42 2164
64619 43 2443
64620 44 2752
64621 45 3996
64622 46 5577
64623 47 2003
64624 48 2968
64625 49 2218
64626 50 7703
64627 51 5532
64628 52 2100
64629 53 2351
64630 54 6043
64631 55 4513
64632 56 5297
64633 57 7714
64634 58 7968
64635 59 2359
64636 60 4021
64637 61 3512
64638 62 1924
64639 63 7775
64640 64 3549
64641 65 3375
64642 66 8327
64643 67 2692
64644 68 6771
64645 69 7311
64646 70 4636
64647 71 5420
64648 72 2156
64649 73 6678
64650 74 3251
64651 75 7877
64652 76 2418
64653 77 2937
64654 78 5746
64655 79 2678
64656 80 3242
64657 81 1511
64658 82 8167
64659 83 2278
64660 84 2585
64661 85 5051
64662 86 2541
64663 87 2253
64664 88 2467
64665 89 3312
64666 90 2223
64667 91 7816
64668 92 2179
64669 93 8606
64670 94 3407
64671 95 4451
64672 96 4870
64673 97 5518
64674 98 3805
64675 99 6016
64676 100 2190
64677 101 3669
64678 102 6163
64679 103 2109
64680 104 3461
64681 105 7460
64682 106 8632
64683 107 4908
64684 108 5673
64685 109 5016
64686 110 5903
64687 111 2431
64688 112 3889
64689 113 5282
64690 114 5223
64691 115 5337
64692 116 4305
64693 117 5673
64694 118 5075
64695 119 3885
64696 120 5077
64697 121 6832
64698 122 6038
64699 123 2003
