2500
64577 1 1347
64578 2 2192
64579 3 4209
64580 4 2539
64581 5 3828
64582 6 2542
64583 7 4883
64584 8 5824
64585 9 4748
64586 10 7057
64587 11 0
64588 12 2947
64589 13 2765
64590 14 5944
64591 15 4495
64592 16 4009
64593 17 3938
64594 18 4948
64595 19 5719
64596 20 4242
64597 21 2804
64598 22 4338
64599 23 0
64600 24 2808
64601 25 7601
64602 26 6887
64603 27 0
64604 28 3475
64605 29 8188
64606 30 3264
64607 31 4081
64608 32 4419
64609 33 0
64610 34 3542
64611 35 3183
64612 36 5150
64613 37 3879
64614 38 1987
64615 39 2702
64616 40 1260
64617 41 1814
64618 42 7140
64619 43 2408
64620 44 1898
64621 45 5770
64622 46 0
64623 47 3142
64624 48 5435
64625 49 1529
64626 50 4399
64627 51 8506
64628 52 1217
64629 53 4597
64630 54 10354
64631 55 1960
64632 56 2840
64633 57 0
64634 58 4753
64635 59 3623
64636 60 3933
64637 61 6242
64638 62 2231
64639 63 3240
64640 64 0
64641 65 3558
64642 66 2227
64643 67 4791
64644 68 3849
64645 69 4297
64646 70 2191
64647 71 3943
64648 72 5486
64649 73 2657
64650 74 2680
64651 75 3319
64652 76 2406
64653 77 3882
64654 78 8192
64655 79 0
64656 80 5335
64657 81 3995
64658 82 4473
64659 83 10575
64660 84 7825
64661 85 6442
64662 86 1670
64663 87 4963
64664 88 2870
64665 89 3146
64666 90 2774
64667 91 5191
64668 92 0
64669 93 4025
64670 94 5465
64671 95 5508
64672 96 0
64673 97 6361
64674 98 2855
64675 99 4675
64676 100 6114
64677 101 2180
64678 102 1391
64679 103 4462
64680 104 2772
64681 105 3605
64682 106 2720
64683 107 5517
64684 108 0
64685 109 2578
64686 110 1192
64687 111 5935
64688 112 4858
64689 113 1531
64690 114 8193
64691 115 0
64692 116 3318
64693 117 1754
64694 118 6347
64695 119 2552
64696 120 5600
64697 121 1622
64698 122 6569
64699 123 0
64700 124 3657
64701 125 2692
64702 126 4714
64703 127 3715
64704 128 4254
64705 129 5171
64706 130 7211
64707 131 2554
64708 132 6413
64709 133 2591
64710 134 3867
64711 135 0
64712 136 3129
64713 137 2542
64714 138 5523
64715 139 1821
64716 140 1743
64717 141 5352
64718 142 2072
64719 143 3112
64720 144 0
64721 145 5392
64722 146 3298
64723 147 5658
64724 148 2331
64725 149 7042
64726 150 0
64727 151 3393
64728 152 5824
64729 153 6584
64730 154 2463
64731 155 4170
64732 156 7523
64733 157 2003
