2500
64577 1 4734
64578 2 2846
64579 3 3839
64580 4 5664
64581 5 2153
64582 6 5017
64583 7 4951
64584 8 2662
64585 9 3357
64586 10 3435
64587 11 0
64588 12 4707
64589 13 7863
64590 14 2317
64591 15 4690
64592 16 3335
64593 17 6194
64594 18 5612
64595 19 4305
64596 20 2391
64597 21 2402
64598 22 4732
64599 23 5950
64600 24 1437
64601 25 4700
64602 26 1996
64603 27 6214
64604 28 2596
64605 29 6051
64606 30 1777
64607 31 4701
64608 32 4320
64609 33 3686
64610 34 2380
64611 35 6754
64612 36 3772
64613 37 5602
64614 38 5373
64615 39 4164
64616 40 4219
64617 41 1963
64618 42 3310
64619 43 2732
64620 44 4844
64621 45 2501
64622 46 5511
64623 47 2201
64624 48 2204
64625 49 2508
64626 50 2534
64627 51 9001
64628 52 2220
64629 53 5995
64630 54 2114
64631 55 2280
64632 56 5409
64633 57 3664
64634 58 0
64635 59 2318
64636 60 5471
64637 61 6678
64638 62 4189
64639 63 2345
64640 64 1985
64641 65 3653
64642 66 3120
64643 67 4382
64644 68 4131
64645 69 8186
64646 70 6147
64647 71 2201
64648 72 3009
64649 73 3393
64650 74 6846
64651 75 2984
64652 76 4565
64653 77 6338
64654 78 3424
64655 79 3137
64656 80 5916
64657 81 5185
64658 82 3366
64659 83 7976
64660 84 2496
64661 85 4146
64662 86 4635
64663 87 1591
64664 88 5600
64665 89 3277
64666 90 1865
64667 91 5943
64668 92 2747
64669 93 4323
64670 94 2265
64671 95 5950
64672 96 6670
64673 97 4131
64674 98 2718
64675 99 3831
64676 100 5286
64677 101 3643
64678 102 0
64679 103 5908
64680 104 6390
64681 105 0
64682 106 6510
64683 107 7507
64684 108 6630
64685 109 2333
64686 110 4403
64687 111 1617
64688 112 3524
64689 113 5469
64690 114 1433
64691 115 5929
64692 116 0
64693 117 1535
64694 118 2968
64695 119 5286
64696 120 2403
64697 121 2705
64698 122 0
64699 123 2441
64700 124 2519
64701 125 2230
64702 126 6937
64703 127 2218
64704 128 1502
64705 129 6166
64706 130 3520
64707 131 2821
64708 132 4264
64709 133 3440
64710 134 2873
64711 135 10619
64712 136 2402
64713 137 3017
64714 138 3841
64715 139 2359
64716 140 5373
64717 141 5865
64718 142 2799
64719 143 3523
64720 144 3527
64721 145 2829
64722 146 6476
64723 147 6536
64724 148 2003
