2500
64577 1 5410
64578 2 1742
64579 3 4815
64580 4 2573
64581 5 3733
64582 6 1946
64583 7 3173
64584 8 2566
64585 9 2583
64586 10 2345
64587 11 2592
64588 12 5691
64589 13 2040
64590 14 4457
64591 15 5605
64592 16 2685
64593 17 3276
64594 18 3400
64595 19 2702
64596 20 5698
64597 21 7400
64598 22 2003
64599 23 1600
64600 24 2710
64601 25 2486
64602 26 5500
64603 27 5704
64604 28 3241
64605 29 5974
64606 30 3937
64607 31 7612
64608 32 0
64609 33 2940
64610 34 1936
64611 35 3034
64612 36 5830
64613 37 1816
64614 38 6025
64615 39 2240
64616 40 6674
64617 41 4151
64618 42 0
64619 43 4338
64620 44 2704
64621 45 3376
64622 46 4340
64623 47 7503
64624 48 2244
64625 49 2409
64626 50 2233
64627 51 5469
64628 52 3986
64629 53 5151
64630 54 3070
64631 55 2985
64632 56 3052
64633 57 6162
64634 58 1932
64635 59 2628
64636 60 4200
64637 61 4911
64638 62 3797
64639 63 6186
64640 64 2278
64641 65 5487
64642 66 4454
64643 67 3968
64644 68 1778
64645 69 5027
64646 70 4701
64647 71 6612
64648 72 2312
64649 73 2130
64650 74 4403
64651 75 4662
64652 76 5949
64653 77 2857
64654 78 4768
64655 79 3873
64656 80 5814
64657 81 4238
64658 82 2003
64659 83 2852
64660 84 4813
64661 85 3509
64662 86 3054
64663 87 3337
64664 88 4705
64665 89 2669
64666 90 2122
64667 91 6030
64668 92 2165
64669 93 3823
64670 94 2858
64671 95 3194
64672 96 3271
64673 97 5831
64674 98 2559
64675 99 3464
64676 100 2173
64677 101 6624
64678 102 4373
64679 103 2114
64680 104 2468
64681 105 6670
64682 106 4340
64683 107 3401
64684 108 0
64685 109 2806
64686 110 4452
64687 111 4163
64688 112 7335
64689 113 1652
64690 114 4276
64691 115 4371
64692 116 0
64693 117 4795
64694 118 5841
64695 119 3028
64696 120 4081
64697 121 5067
64698 122 5463
64699 123 6157
64700 124 4351
64701 125 5109
64702 126 0
64703 127 5853
64704 128 3486
64705 129 3557
64706 130 3005
64707 131 7246
64708 132 2443
64709 133 4154
64710 134 1891
64711 135 4130
64712 136 5026
64713 137 2729
64714 138 5054
64715 139 5094
64716 140 3340
64717 141 6783
64718 142 4750
64719 143 6877
64720 144 4272
64721 145 2604
64722 146 4462
64723 147 6997
64724 148 4473
64725 149 7402
64726 150 2003
