2500
64577 1 6982
64578 2 3155
64579 3 4671
64580 4 3792
64581 5 8026
64582 6 2132
64583 7 6269
64584 8 0
64585 9 3886
64586 10 5137
64587 11 3582
64588 12 2275
64589 13 3203
64590 14 5968
64591 15 4681
64592 16 0
64593 17 7036
64594 18 3651
64595 19 3083
64596 20 6518
64597 21 2127
64598 22 3407
64599 23 3715
64600 24 2702
64601 25 4790
64602 26 4692
64603 27 4165
64604 28 2079
64605 29 4624
64606 30 2880
64607 31 2227
64608 32 3641
64609 33 2234
64610 34 4924
64611 35 8077
64612 36 2682
64613 37 5790
64614 38 6386
64615 39 3593
64616 40 6985
64617 41 2240
64618 42 2915
64619 43 2083
64620 44 4003
64621 45 2601
64622 46 4866
64623 47 3791
64624 48 5546
64625 49 3172
64626 50 7550
64627 51 4495
64628 52 5825
64629 53 2449
64630 54 2911
64631 55 8707
64632 56 3606
64633 57 1769
64634 58 5764
64635 59 3429
64636 60 1844
64637 61 6165
64638 62 9064
64639 63 2194
64640 64 4216
64641 65 4514
64642 66 4861
64643 67 1380
64644 68 4880
64645 69 4600
64646 70 2622
64647 71 3462
64648 72 1979
64649 73 4743
64650 74 4402
64651 75 2344
64652 76 3442
64653 77 4987
64654 78 3005
64655 79 2767
64656 80 4480
64657 81 10120
64658 82 2239
64659 83 1619
64660 84 5718
64661 85 3661
64662 86 6589
64663 87 2911
64664 88 4384
64665 89 7803
64666 90 2269
64667 91 7634
64668 92 4441
64669 93 3035
64670 94 3470
64671 95 0
64672 96 3034
64673 97 2412
64674 98 4505
64675 99 6661
64676 100 2389
64677 101 4193
64678 102 5209
64679 103 2170
64680 104 5059
64681 105 0
64682 106 5483
64683 107 5517
64684 108 2221
64685 109 4572
64686 110 2333
64687 111 5676
64688 112 2537
64689 113 3703
64690 114 2525
64691 115 4479
64692 116 5014
64693 117 2478
64694 118 3454
64695 119 5434
64696 120 4813
64697 121 6486
64698 122 2199
64699 123 4120
64700 124 4701
64701 125 3755
64702 126 5072
64703 127 2560
64704 128 5732
64705 129 6666
64706 130 3662
64707 131 3997
64708 132 4473
64709 133 2564
64710 134 6303
64711 135 2322
64712 136 3002
64713 137 4951
64714 138 4823
64715 139 2372
64716 140 1936
64717 141 3737
64718 142 7612
64719 143 2003
