2500
64577 1 2592
64578 2 4123
64579 3 2618
64580 4 4035
64581 5 2162
64582 6 2719
64583 7 5506
64584 8 2591
64585 9 4950
64586 10 0
64587 11 7666
64588 12 6437
64589 13 4735
64590 14 6260
64591 15 2212
64592 16 4041
64593 17 3775
64594 18 5817
64595 19 3096
64596 20 2451
64597 21 3323
64598 22 2769
64599 23 3778
64600 24 4888
64601 25 3030
64602 26 8849
64603 27 2240
64604 28 3284
64605 29 6664
64606 30 4539
64607 31 5687
64608 32 2291
64609 33 2470
64610 34 6170
64611 35 2237
64612 36 4333
64613 37 5163
64614 38 2010
64615 39 4102
64616 40 2547
64617 41 4495
64618 42 3736
64619 43 2009
64620 44 3689
64621 45 4295
64622 46 4905
64623 47 5651
64624 48 5069
64625 49 2126
64626 50 3730
64627 51 0
64628 52 3018
64629 53 6462
64630 54 2234
64631 55 1707
64632 56 1575
64633 57 2754
64634 58 2446
64635 59 3178
64636 60 4184
64637 61 2414
64638 62 5146
64639 63 2547
64640 64 3597
64641 65 4002
64642 66 2313
64643 67 3992
64644 68 3349
64645 69 3839
64646 70 5007
64647 71 2512
64648 72 3989
64649 73 1145
64650 74 2470
64651 75 3744
64652 76 10117
64653 77 8447
64654 78 2242
64655 79 8709
64656 80 5433
64657 81 6718
64658 82 0
64659 83 4288
64660 84 6087
64661 85 3317
64662 86 6095
64663 87 2253
64664 88 3424
64665 89 6347
64666 90 5977
64667 91 5019
64668 92 8331
64669 93 9059
64670 94 2382
64671 95 8310
64672 96 4274
64673 97 4857
64674 98 8776
64675 99 2059
64676 100 1067
64677 101 3459
64678 102 4658
64679 103 2469
64680 104 3700
64681 105 3553
64682 106 2351
64683 107 5840
64684 108 3306
64685 109 8849
64686 110 2307
64687 111 4711
64688 112 6464
64689 113 3723
64690 114 1248
64691 115 2230
64692 116 0
64693 117 1619
64694 118 5148
64695 119 3380
64696 120 2421
64697 121 4941
64698 122 0
64699 123 1934
64700 124 2154
64701 125 2288
64702 126 7255
64703 127 1879
64704 128 1857
64705 129 2267
64706 130 2558
64707 131 3675
64708 132 5158
64709 133 4055
64710 134 7117
64711 135 3596
64712 136 3499
64713 137 7501
64714 138 2003
64715 139 2605
64716 140 4041
64717 141 5660
64718 142 4102
64719 143 5675
64720 144 1961
64721 145 5489
64722 146 7458
64723 147 2003
