2500
64577 1 4184
64578 2 2951
64579 3 6265
64580 4 2536
64581 5 4831
64582 6 2781
64583 7 6904
64584 8 0
64585 9 3909
64586 10 4584
64587 11 6698
64588 12 2418
64589 13 2447
64590 14 6769
64591 15 6380
64592 16 0
64593 17 3024
64594 18 2651
64595 19 4142
64596 20 4151
64597 21 2204
64598 22 3478
64599 23 3075
64600 24 5277
64601 25 7004
64602 26 2680
64603 27 1731
64604 28 5541
64605 29 8229
64606 30 5140
64607 31 2302
64608 32 3850
64609 33 3737
64610 34 5965
64611 35 2905
64612 36 0
64613 37 5053
64614 38 2823
64615 39 6951
64616 40 1857
64617 41 2335
64618 42 2916
64619 43 2479
64620 44 3139
64621 45 5149
64622 46 7038
64623 47 0
64624 48 3400
64625 49 4559
64626 50 5971
64627 51 2288
64628 52 6038
64629 53 7392
64630 54 2688
64631 55 5207
64632 56 0
64633 57 4130
64634 58 6056
64635 59 5281
64636 60 2669
64637 61 5288
64638 62 3280
64639 63 4250
64640 64 2573
64641 65 3468
64642 66 8009
64643 67 2582
64644 68 4939
64645 69 1520
64646 70 5975
64647 71 4811
64648 72 4063
64649 73 1641
64650 74 9070
64651 75 2254
64652 76 6374
64653 77 4462
64654 78 6406
64655 79 5322
64656 80 3570
64657 81 2833
64658 82 8342
64659 83 2242
64660 84 4875
64661 85 1416
64662 86 3993
64663 87 4293
64664 88 4099
64665 89 2939
64666 90 3177
64667 91 5557
64668 92 2227
64669 93 6024
64670 94 4614
64671 95 5913
64672 96 6533
64673 97 8751
64674 98 2291
64675 99 5532
64676 100 4844
64677 101 3709
64678 102 7202
64679 103 7349
64680 104 2252
64681 105 5170
64682 106 4805
64683 107 7123
64684 108 2598
64685 109 4597
64686 110 5168
64687 111 0
64688 112 4731
64689 113 1654
64690 114 6980
64691 115 6350
64692 116 4230
64693 117 6825
64694 118 0
64695 119 4369
64696 120 3450
64697 121 8600
64698 122 2313
64699 123 4406
64700 124 4893
64701 125 3356
64702 126 8464
64703 127 2488
64704 128 4418
64705 129 6051
64706 130 2306
64707 131 2620
64708 132 3850
64709 133 5109
64710 134 4988
64711 135 3974
64712 136 7940
64713 137 2003
