2500
64577 1 2054
64578 2 7233
64579 3 1630
64580 4 4266
64581 5 4009
64582 6 5778
64583 7 2273
64584 8 1216
64585 9 3348
64586 10 4373
64587 11 3013
64588 12 2954
64589 13 6344
64590 14 2339
64591 15 2730
64592 16 6332
64593 17 3522
64594 18 3745
64595 19 2027
64596 20 7141
64597 21 2003
64598 22 4314
64599 23 4389
64600 24 4746
64601 25 3802
64602 26 3534
64603 27 0
64604 28 2462
64605 29 4054
64606 30 5980
64607 31 2359
64608 32 3073
64609 33 5589
64610 34 4033
64611 35 3997
64612 36 4527
64613 37 3795
64614 38 5851
64615 39 2288
64616 40 1722
64617 41 4633
64618 42 2612
64619 43 2612
64620 44 5863
64621 45 2289
64622 46 1211
64623 47 6053
64624 48 1904
64625 49 1420
64626 50 4414
64627 51 4669
64628 52 6115
64629 53 0
64630 54 2025
64631 55 5247
64632 56 4482
64633 57 5700
64634 58 2404
64635 59 1856
64636 60 1586
64637 61 3190
64638 62 5937
64639 63 3025
64640 64 2841
64641 65 2598
64642 66 6319
64643 67 2338
64644 68 5500
64645 69 2738
64646 70 7032
64647 71 6520
64648 72 2940
64649 73 5465
64650 74 3047
64651 75 6046
64652 76 2268
64653 77 4350
64654 78 5419
64655 79 5219
64656 80 3336
64657 81 3968
64658 82 5494
64659 83 3974
64660 84 8218
64661 85 2305
64662 86 2815
64663 87 4072
64664 88 1792
64665 89 5292
64666 90 3183
64667 91 2871
64668 92 4769
64669 93 2619
64670 94 0
64671 95 2966
64672 96 4962
64673 97 4645
64674 98 2369
64675 99 5229
64676 100 3711
64677 101 2291
64678 102 3440
64679 103 6961
64680 104 6115
64681 105 2428
64682 106 4975
64683 107 5634
64684 108 2738
64685 109 5818
64686 110 4351
64687 111 6478
64688 112 2256
64689 113 2513
64690 114 5858
64691 115 5295
64692 116 6889
64693 117 2774
64694 118 3948
64695 119 7043
64696 120 2362
64697 121 2379
64698 122 3856
64699 123 4332
64700 124 3296
64701 125 6058
64702 126 2355
64703 127 3729
64704 128 5987
64705 129 2080
64706 130 5292
64707 131 4616
64708 132 2805
64709 133 0
64710 134 2700
64711 135 5821
64712 136 2255
64713 137 5040
64714 138 4188
64715 139 4230
64716 140 4712
64717 141 2399
64718 142 1428
64719 143 5910
64720 144 2343
64721 145 5670
64722 146 4258
64723 147 3145
64724 148 3822
64725 149 0
64726 150 4612
64727 151 5715
64728 152 2003
