2500
64577 1 3304
64578 2 2430
64579 3 8398
64580 4 5390
64581 5 1993
64582 6 2258
64583 7 4059
64584 8 1793
64585 9 3210
64586 10 5742
64587 11 0
64588 12 2099
64589 13 4720
64590 14 7731
64591 15 2061
64592 16 2800
64593 17 4223
64594 18 4777
64595 19 1992
64596 20 4127
64597 21 2174
64598 22 2738
64599 23 2323
64600 24 4244
64601 25 0
64602 26 2244
64603 27 4748
64604 28 6298
64605 29 2280
64606 30 5444
64607 31 2790
64608 32 3247
64609 33 0
64610 34 3157
64611 35 2472
64612 36 5677
64613 37 5125
64614 38 2580
64615 39 3009
64616 40 7413
64617 41 7047
64618 42 2929
64619 43 5222
64620 44 0
64621 45 2378
64622 46 6020
64623 47 5721
64624 48 2487
64625 49 1362
64626 50 2692
64627 51 2531
64628 52 2030
64629 53 4072
64630 54 5938
64631 55 0
64632 56 3702
64633 57 4105
64634 58 6125
64635 59 7812
64636 60 2434
64637 61 2288
64638 62 2897
64639 63 1956
64640 64 3530
64641 65 5701
64642 66 2003
64643 67 5444
64644 68 2910
64645 69 3110
64646 70 5848
64647 71 5903
64648 72 4144
64649 73 2447
64650 74 4304
64651 75 4654
64652 76 0
64653 77 3263
64654 78 4771
64655 79 3656
64656 80 2437
64657 81 2894
64658 82 7166
64659 83 2524
64660 84 5326
64661 85 2082
64662 86 4635
64663 87 2278
64664 88 2338
64665 89 3107
64666 90 7810
64667 91 3005
64668 92 6742
64669 93 4885
64670 94 4239
64671 95 2368
64672 96 2164
64673 97 3145
64674 98 3244
64675 99 4211
64676 100 4011
64677 101 5620
64678 102 1963
64679 103 1631
64680 104 5596
64681 105 5868
64682 106 3439
64683 107 0
64684 108 3293
64685 109 6270
64686 110 2167
64687 111 2883
64688 112 4384
64689 113 5939
64690 114 5168
64691 115 2371
64692 116 6648
64693 117 2178
64694 118 1289
64695 119 3681
64696 120 3046
64697 121 5067
64698 122 2660
64699 123 5731
64700 124 6266
64701 125 4341
64702 126 4675
64703 127 2401
64704 128 2221
64705 129 2914
64706 130 2717
64707 131 4535
64708 132 2472
64709 133 0
64710 134 2863
64711 135 5730
64712 136 5169
64713 137 5769
64714 138 2003
