2500
64577 1 2734
64578 2 1713
64579 3 3384
64580 4 2288
64581 5 2510
64582 6 0
64583 7 2532
64584 8 4625
64585 9 6411
64586 10 3802
64587 11 2227
64588 12 2809
64589 13 3893
64590 14 3329
64591 15 4830
64592 16 1874
64593 17 6518
64594 18 2249
64595 19 3265
64596 20 1433
64597 21 5224
64598 22 2013
64599 23 6572
64600 24 2003
64601 25 3198
64602 26 3432
64603 27 1806
64604 28 4682
64605 29 2523
64606 30 6076
64607 31 2217
64608 32 3599
64609 33 5626
64610 34 2785
64611 35 3224
64612 36 5416
64613 37 2267
64614 38 4327
64615 39 4168
64616 40 3246
64617 41 0
64618 42 3688
64619 43 3708
64620 44 5976
64621 45 2202
64622 46 4218
64623 47 3329
64624 48 2456
64625 49 4977
64626 50 5147
64627 51 2283
64628 52 5380
64629 53 3908
64630 54 4728
64631 55 2224
64632 56 4849
64633 57 3162
64634 58 3377
64635 59 5678
64636 60 1711
64637 61 5995
64638 62 0
64639 63 6898
64640 64 3128
64641 65 5396
64642 66 2212
64643 67 1672
64644 68 3504
64645 69 4565
64646 70 5780
64647 71 6553
64648 72 1989
64649 73 4208
64650 74 5789
64651 75 2291
64652 76 3982
64653 77 4216
64654 78 2159
64655 79 6753
64656 80 2395
64657 81 5727
64658 82 5759
64659 83 2399
64660 84 2489
64661 85 4142
64662 86 0
64663 87 3064
64664 88 3162
64665 89 3817
64666 90 2485
64667 91 8801
64668 92 2370
64669 93 3619
64670 94 6872
64671 95 2490
64672 96 3151
64673 97 2352
64674 98 6096
64675 99 2340
64676 100 7457
64677 101 2404
64678 102 5520
64679 103 1130
64680 104 3055
64681 105 3320
64682 106 5628
64683 107 2003
64684 108 2220
64685 109 5164
64686 110 7952
64687 111 2126
64688 112 2261
64689 113 2326
64690 114 2624
64691 115 4456
64692 116 5039
64693 117 2268
64694 118 2770
64695 119 7259
64696 120 2318
64697 121 2892
64698 122 5319
64699 123 2336
64700 124 6297
64701 125 7004
64702 126 2278
64703 127 3490
64704 128 2629
64705 129 1751
64706 130 2846
64707 131 3000
64708 132 4793
64709 133 2492
64710 134 4927
64711 135 6778
64712 136 0
64713 137 3961
64714 138 5679
64715 139 6331
64716 140 2286
64717 141 2483
64718 142 4148
64719 143 7063
64720 144 5827
64721 145 2343
64722 146 4487
64723 147 3878
64724 148 2286
64725 149 1415
64726 150 5777
64727 151 2255
64728 152 4418
64729 153 4560
64730 154 7868
64731 155 1528
64732 156 7010
64733 157 2003
