2500
64577 1 2265
64578 2 3105
64579 3 6165
64580 4 7240
64581 5 7825
64582 6 2159
64583 7 2868
64584 8 1504
64585 9 2820
64586 10 3150
64587 11 2684
64588 12 3780
64589 13 4136
64590 14 2498
64591 15 2940
64592 16 8970
64593 17 1961
64594 18 2810
64595 19 2509
64596 20 3793
64597 21 2846
64598 22 0
64599 23 3624
64600 24 2228
64601 25 5419
64602 26 6598
64603 27 1967
64604 28 2600
64605 29 5948
64606 30 4634
64607 31 2238
64608 32 3868
64609 33 6121
64610 34 2499
64611 35 8421
64612 36 3739
64613 37 3204
64614 38 6075
64615 39 2411
64616 40 6133
64617 41 6317
64618 42 2413
64619 43 5277
64620 44 6300
64621 45 2924
64622 46 4139
64623 47 7045
64624 48 2414
64625 49 2022
64626 50 4915
64627 51 4778
64628 52 5571
64629 53 2378
64630 54 5220
64631 55 6024
64632 56 2509
64633 57 2276
64634 58 5089
64635 59 2972
64636 60 5077
64637 61 8354
64638 62 2224
64639 63 2511
64640 64 3630
64641 65 1162
64642 66 4000
64643 67 2799
64644 68 5776
64645 69 1964
64646 70 2443
64647 71 8477
64648 72 2044
64649 73 4785
64650 74 4056
64651 75 2382
64652 76 1745
64653 77 5629
64654 78 5248
64655 79 2287
64656 80 8133
64657 81 2618
64658 82 7146
64659 83 8362
64660 84 8472
64661 85 2003
64662 86 7214
64663 87 8037
64664 88 3166
64665 89 3761
64666 90 2379
64667 91 6704
64668 92 3626
64669 93 3974
64670 94 5516
64671 95 7767
64672 96 2239
64673 97 1620
64674 98 7976
64675 99 4239
64676 100 6471
64677 101 2578
64678 102 6294
64679 103 5217
64680 104 0
64681 105 6795
64682 106 5615
64683 107 6511
64684 108 2310
64685 109 4058
64686 110 2090
64687 111 3457
64688 112 0
64689 113 3772
64690 114 1738
64691 115 4126
64692 116 6698
64693 117 2481
64694 118 3904
64695 119 5273
64696 120 7244
64697 121 5441
64698 122 10349
64699 123 2345
64700 124 5519
64701 125 4541
64702 126 8826
64703 127 2003
