2500
64577 1 2788
64578 2 2013
64579 3 3546
64580 4 4678
64581 5 2055
64582 6 2370
64583 7 4019
64584 8 5449
64585 9 1934
64586 10 2211
64587 11 1797
64588 12 6412
64589 13 5678
64590 14 4335
64591 15 6628
64592 16 2212
64593 17 2304
64594 18 4177
64595 19 1957
64596 20 2881
64597 21 2213
64598 22 2936
64599 23 3770
64600 24 3509
64601 25 5385
64602 26 2227
64603 27 6257
64604 28 3542
64605 29 5187
64606 30 2452
64607 31 2782
64608 32 2065
64609 33 1866
64610 34 4100
64611 35 2074
64612 36 3262
64613 37 3044
64614 38 1635
64615 39 4867
64616 40 2269
64617 41 3531
64618 42 5712
64619 43 4321
64620 44 4401
64621 45 3787
64622 46 5091
64623 47 1889
64624 48 2985
64625 49 4162
64626 50 2365
64627 51 4393
64628 52 3969
64629 53 4065
64630 54 0
64631 55 3272
64632 56 4467
64633 57 2302
64634 58 2863
64635 59 5544
64636 60 5763
64637 61 2301
64638 62 2746
64639 63 3128
64640 64 3319
64641 65 3309
64642 66 2228
64643 67 4120
64644 68 3847
64645 69 2556
64646 70 2374
64647 71 3323
64648 72 1736
64649 73 2755
64650 74 5417
64651 75 3062
64652 76 1011
64653 77 5346
64654 78 0
64655 79 3627
64656 80 4659
64657 81 3137
64658 82 2314
64659 83 2670
64660 84 2206
64661 85 2269
64662 86 4550
64663 87 3415
64664 88 4755
64665 89 3569
64666 90 0
64667 91 5954
64668 92 2841
64669 93 4496
64670 94 4379
64671 95 2350
64672 96 2414
64673 97 5020
64674 98 4339
64675 99 0
64676 100 2224
64677 101 3244
64678 102 5049
64679 103 1130
64680 104 5090
64681 105 3603
64682 106 2561
64683 107 1625
64684 108 4565
64685 109 2584
64686 110 3200
64687 111 2803
64688 112 4462
64689 113 0
64690 114 3770
64691 115 4321
64692 116 4213
64693 117 2250
64694 118 2762
64695 119 3836
64696 120 0
64697 121 3671
64698 122 4588
64699 123 5119
64700 124 3904
64701 125 2947
64702 126 4553
64703 127 2406
64704 128 2694
64705 129 3221
64706 130 2003
64707 131 1088
64708 132 2500
64709 133 3896
64710 134 3551
64711 135 2501
64712 136 3740
64713 137 5245
64714 138 4000
64715 139 2447
64716 140 4581
64717 141 5494
64718 142 2224
64719 143 4815
64720 144 4860
64721 145 6091
64722 146 2226
64723 147 4117
64724 148 2335
64725 149 1224
64726 150 1616
64727 151 6436
64728 152 1996
64729 153 1357
64730 154 4819
64731 155 3977
64732 156 2785
64733 157 0
64734 158 2237
64735 159 1806
64736 160 4226
64737 161 4811
64738 162 3636
64739 163 8948
64740 164 2003
