2500
64577 1 4623
64578 2 5856
64579 3 4754
64580 4 5667
64581 5 8018
64582 6 1712
64583 7 3036
64584 8 5028
64585 9 4488
64586 10 2424
64587 11 4211
64588 12 6315
64589 13 0
64590 14 5772
64591 15 3964
64592 16 3749
64593 17 2638
64594 18 5164
64595 19 3678
64596 20 3563
64597 21 3810
64598 22 3972
64599 23 4488
64600 24 2640
64601 25 3625
64602 26 0
64603 27 3744
64604 28 3387
64605 29 6134
64606 30 0
64607 31 4001
64608 32 3471
64609 33 4393
64610 34 6561
64611 35 0
64612 36 3671
64613 37 3117
64614 38 7647
64615 39 2098
64616 40 840
64617 41 3364
64618 42 2401
64619 43 1369
64620 44 6453
64621 45 1749
64622 46 5295
64623 47 4386
64624 48 1554
64625 49 6095
64626 50 2638
64627 51 4016
64628 52 0
64629 53 3011
64630 54 5710
64631 55 5036
64632 56 8969
64633 57 2738
64634 58 4314
64635 59 3991
64636 60 5001
64637 61 0
64638 62 3085
64639 63 3608
64640 64 6694
64641 65 8704
64642 66 3455
64643 67 2978
64644 68 2458
64645 69 5787
64646 70 5045
64647 71 0
64648 72 4649
64649 73 2903
64650 74 6210
64651 75 6343
64652 76 2888
64653 77 6266
64654 78 0
64655 79 2426
64656 80 4570
64657 81 2498
64658 82 2660
64659 83 10028
64660 84 2111
64661 85 4114
64662 86 8478
64663 87 4184
64664 88 2617
64665 89 2286
64666 90 2471
64667 91 6788
64668 92 9292
64669 93 1708
64670 94 2027
64671 95 2404
64672 96 2982
64673 97 1695
64674 98 4939
64675 99 6930
64676 100 1688
64677 101 6043
64678 102 0
64679 103 6924
64680 104 2798
64681 105 11237
64682 106 2341
64683 107 7633
64684 108 8575
64685 109 3491
64686 110 7388
64687 111 4260
64688 112 8714
64689 113 0
64690 114 1233
64691 115 5409
64692 116 2511
64693 117 8900
64694 118 2527
64695 119 3533
64696 120 8859
64697 121 2241
64698 122 2020
64699 123 4852
64700 124 3387
64701 125 5338
64702 126 1465
64703 127 3212
64704 128 5698
64705 129 4358
64706 130 2547
64707 131 6055
64708 132 4277
64709 133 5612
64710 134 6725
64711 135 4456
64712 136 7199
64713 137 0
64714 138 3470
64715 139 5861
64716 140 5659
64717 141 3771
64718 142 2003
