2500
64577 1 2402
64578 2 2163
64579 3 2624
64580 4 1462
64581 5 2342
64582 6 2556
64583 7 1937
64584 8 2914
64585 9 5478
64586 10 2228
64587 11 2728
64588 12 4182
64589 13 5805
64590 14 4387
64591 15 5182
64592 16 2411
64593 17 2451
64594 18 3684
64595 19 3625
64596 20 5213
64597 21 7675
64598 22 2194
64599 23 2204
64600 24 3116
64601 25 3964
64602 26 5067
64603 27 4125
64604 28 5163
64605 29 0
64606 30 2167
64607 31 3310
64608 32 4391
64609 33 5073
64610 34 2467
64611 35 2898
64612 36 4870
64613 37 4914
64614 38 0
64615 39 3375
64616 40 3649
64617 41 1869
64618 42 5516
64619 43 1961
64620 44 2178
64621 45 2515
64622 46 1474
64623 47 3563
64624 48 3970
64625 49 3479
64626 50 1630
64627 51 5485
64628 52 2692
64629 53 1837
64630 54 5878
64631 55 2413
64632 56 2022
64633 57 4075
64634 58 5514
64635 59 1557
64636 60 4920
64637 61 4506
64638 62 4120
64639 63 0
64640 64 1629
64641 65 2689
64642 66 2627
64643 67 1908
64644 68 4494
64645 69 5906
64646 70 2293
64647 71 2452
64648 72 3924
64649 73 2974
64650 74 4388
64651 75 5559
64652 76 3246
64653 77 5187
64654 78 7763
64655 79 4207
64656 80 1732
64657 81 5867
64658 82 3792
64659 83 7416
64660 84 0
64661 85 2647
64662 86 3523
64663 87 1739
64664 88 5212
64665 89 2960
64666 90 5743
64667 91 1530
64668 92 3944
64669 93 2966
64670 94 3938
64671 95 4539
64672 96 5025
64673 97 5325
64674 98 0
64675 99 2408
64676 100 3578
64677 101 5385
64678 102 2467
64679 103 2784
64680 104 0
64681 105 8008
64682 106 1817
64683 107 3746
64684 108 5418
64685 109 4145
64686 110 2361
64687 111 2833
64688 112 2335
64689 113 3067
64690 114 3055
64691 115 0
64692 116 2475
64693 117 3858
64694 118 2848
64695 119 3084
64696 120 6482
64697 121 2155
64698 122 3261
64699 123 1647
64700 124 2815
64701 125 4034
64702 126 3289
64703 127 1965
64704 128 5040
64705 129 3975
64706 130 1714
64707 131 2427
64708 132 3913
64709 133 3668
64710 134 0
64711 135 3523
64712 136 2883
64713 137 5581
64714 138 2121
64715 139 2827
64716 140 3337
64717 141 3701
64718 142 4371
64719 143 3395
64720 144 1538
64721 145 3175
64722 146 2553
64723 147 0
64724 148 2077
64725 149 2551
64726 150 1416
64727 151 4421
64728 152 5409
64729 153 2003
