2500
64577 1 1808
64578 2 4214
64579 3 4681
64580 4 5176
64581 5 4289
64582 6 1513
64583 7 6799
64584 8 2865
64585 9 2576
64586 10 4743
64587 11 2842
64588 12 2852
64589 13 5465
64590 14 6837
64591 15 2363
64592 16 2074
64593 17 4060
64594 18 5296
64595 19 6969
64596 20 0
64597 21 3300
64598 22 3770
64599 23 4945
64600 24 0
64601 25 2040
64602 26 2565
64603 27 3789
64604 28 7979
64605 29 2261
64606 30 3701
64607 31 4509
64608 32 2157
64609 33 6174
64610 34 5913
64611 35 4939
64612 36 5628
64613 37 6112
64614 38 2179
64615 39 5740
64616 40 7694
64617 41 2340
64618 42 6341
64619 43 2368
64620 44 7666
64621 45 4391
64622 46 2705
64623 47 4714
64624 48 0
64625 49 2160
64626 50 5643
64627 51 2488
64628 52 2624
64629 53 3239
64630 54 1440
64631 55 4555
64632 56 4201
64633 57 3269
64634 58 3912
64635 59 0
64636 60 2069
64637 61 2948
64638 62 4564
64639 63 4617
64640 64 2860
64641 65 6195
64642 66 3729
64643 67 5633
64644 68 3008
64645 69 8237
64646 70 2256
64647 71 1812
64648 72 5971
64649 73 2637
64650 74 5557
64651 75 4325
64652 76 4779
64653 77 5951
64654 78 2397
64655 79 3087
64656 80 3791
64657 81 5315
64658 82 1318
64659 83 5842
64660 84 1927
64661 85 4272
64662 86 2092
64663 87 4091
64664 88 3949
64665 89 3650
64666 90 2553
64667 91 3542
64668 92 0
64669 93 2742
64670 94 6965
64671 95 6209
64672 96 4139
64673 97 3989
64674 98 0
64675 99 3226
64676 100 2484
64677 101 5429
64678 102 2299
64679 103 3247
64680 104 4901
64681 105 5637
64682 106 5106
64683 107 6242
64684 108 3871
64685 109 5576
64686 110 2003
64687 111 1395
64688 112 5369
64689 113 5816
64690 114 6130
64691 115 6510
64692 116 1860
64693 117 5664
64694 118 5783
64695 119 4504
64696 120 5432
64697 121 8248
64698 122 4055
64699 123 6713
64700 124 6801
64701 125 0
64702 126 2937
64703 127 1344
64704 128 8823
64705 129 2265
64706 130 4473
64707 131 2721
64708 132 7709
64709 133 6661
64710 134 4869
64711 135 6521
64712 136 5481
64713 137 3807
64714 138 2220
64715 139 6386
64716 140 3738
64717 141 1700
64718 142 6613
64719 143 2003
