2500
64577 1 4945
64578 2 1986
64579 3 2932
64580 4 4214
64581 5 3471
64582 6 4130
64583 7 2278
64584 8 2142
64585 9 2188
64586 10 3370
64587 11 2321
64588 12 4957
64589 13 4600
64590 14 4260
64591 15 2236
64592 16 4137
64593 17 4754
64594 18 2370
64595 19 5018
64596 20 2346
64597 21 3353
64598 22 2951
64599 23 0
64600 24 2684
64601 25 5562
64602 26 2149
64603 27 3960
64604 28 1344
64605 29 2215
64606 30 2090
64607 31 4680
64608 32 3802
64609 33 3531
64610 34 3300
64611 35 2040
64612 36 4684
64613 37 2345
64614 38 3960
64615 39 0
64616 40 2490
64617 41 2653
64618 42 4001
64619 43 2312
64620 44 2382
64621 45 0
64622 46 2270
64623 47 2372
64624 48 2379
64625 49 4988
64626 50 2211
64627 51 2570
64628 52 2344
64629 53 3752
64630 54 4219
64631 55 4335
64632 56 609
64633 57 3179
64634 58 5466
64635 59 2619
64636 60 1663
64637 61 2924
64638 62 2764
64639 63 4991
64640 64 2043
64641 65 3843
64642 66 6191
64643 67 2266
64644 68 1887
64645 69 2601
64646 70 5593
64647 71 1261
64648 72 5955
64649 73 1364
64650 74 5729
64651 75 2348
64652 76 2239
64653 77 4665
64654 78 1391
64655 79 2585
64656 80 2631
64657 81 3850
64658 82 2847
64659 83 4485
64660 84 1293
64661 85 4918
64662 86 2222
64663 87 2940
64664 88 2909
64665 89 6455
64666 90 5960
64667 91 0
64668 92 3020
64669 93 3167
64670 94 4667
64671 95 4165
64672 96 3257
64673 97 6322
64674 98 2003
64675 99 2950
64676 100 2734
64677 101 2549
64678 102 3721
64679 103 0
64680 104 2236
64681 105 2639
64682 106 3289
64683 107 1853
64684 108 4217
64685 109 3305
64686 110 4998
64687 111 878
64688 112 3723
64689 113 5447
64690 114 2307
64691 115 2418
64692 116 4415
64693 117 3689
64694 118 4277
64695 119 4764
64696 120 0
64697 121 1530
64698 122 2891
64699 123 7083
64700 124 781
64701 125 4121
64702 126 5916
64703 127 2310
64704 128 2906
64705 129 5474
64706 130 4701
64707 131 5380
64708 132 7228
64709 133 6932
64710 134 4431
64711 135 1838
64712 136 5410
64713 137 0
64714 138 3505
64715 139 2055
64716 140 4027
64717 141 5611
64718 142 2357
64719 143 2650
64720 144 2891
64721 145 4653
64722 146 2645
64723 147 2876
64724 148 3788
64725 149 2644
64726 150 4291
64727 151 7856
64728 152 4620
64729 153 2646
64730 154 6226
64731 155 2348
64732 156 2640
64733 157 2926
64734 158 2232
64735 159 3125
64736 160 2494
64737 161 3080
64738 162 6280
64739 163 1753
64740 164 3017
64741 165 2850
64742 166 2897
64743 167 1349
64744 168 4085
64745 169 1307
64746 170 4900
64747 171 2133
64748 172 2990
64749 173 2100
64750 174 2516
64751 175 2120
64752 176 2653
64753 177 7920
64754 178 2003
