2500
64577 1 3490
64578 2 2835
64579 3 5644
64580 4 1538
64581 5 4194
64582 6 3590
64583 7 3050
64584 8 696
64585 9 3461
64586 10 2257
64587 11 8099
64588 12 2134
64589 13 3340
64590 14 3647
64591 15 4869
64592 16 2664
64593 17 3946
64594 18 2871
64595 19 4214
64596 20 2873
64597 21 5210
64598 22 3538
64599 23 2550
64600 24 2304
64601 25 2397
64602 26 5216
64603 27 2320
64604 28 3552
64605 29 3831
64606 30 4908
64607 31 4688
64608 32 2857
64609 33 4264
64610 34 5300
64611 35 4355
64612 36 4409
64613 37 0
64614 38 3950
64615 39 1217
64616 40 5350
64617 41 3096
64618 42 2100
64619 43 1849
64620 44 6959
64621 45 2246
64622 46 2727
64623 47 4277
64624 48 2548
64625 49 6768
64626 50 3290
64627 51 5396
64628 52 2924
64629 53 6960
64630 54 2003
64631 55 2360
64632 56 6427
64633 57 1853
64634 58 7011
64635 59 4660
64636 60 1761
64637 61 2630
64638 62 5081
64639 63 5096
64640 64 2003
64641 65 3330
64642 66 2158
64643 67 4137
64644 68 5686
64645 69 2275
64646 70 2669
64647 71 4557
64648 72 5483
64649 73 2299
64650 74 1498
64651 75 4537
64652 76 6900
64653 77 6580
64654 78 2480
64655 79 4539
64656 80 2445
64657 81 4175
64658 82 3680
64659 83 4450
64660 84 0
64661 85 3840
64662 86 4792
64663 87 3422
64664 88 4890
64665 89 7106
64666 90 2286
64667 91 2148
64668 92 5388
64669 93 1477
64670 94 5693
64671 95 1985
64672 96 3363
64673 97 2783
64674 98 4481
64675 99 2879
64676 100 4310
64677 101 4196
64678 102 6071
64679 103 1710
64680 104 3094
64681 105 4401
64682 106 1454
64683 107 6626
64684 108 0
64685 109 4148
64686 110 4966
64687 111 2367
64688 112 2830
64689 113 3474
64690 114 1439
64691 115 3293
64692 116 2316
64693 117 2524
64694 118 1282
64695 119 3992
64696 120 7855
64697 121 2351
64698 122 3310
64699 123 4122
64700 124 3711
64701 125 4465
64702 126 2624
64703 127 5015
64704 128 2901
64705 129 2305
64706 130 1587
64707 131 7242
64708 132 1891
64709 133 2640
64710 134 2974
64711 135 5376
64712 136 2740
64713 137 2529
64714 138 5074
64715 139 5114
64716 140 2003
