2500
64577 1 2690
64578 2 3714
64579 3 3654
64580 4 3523
64581 5 2529
64582 6 3709
64583 7 3485
64584 8 5968
64585 9 5066
64586 10 2134
64587 11 2605
64588 12 2688
64589 13 4160
64590 14 4323
64591 15 4432
64592 16 2319
64593 17 3199
64594 18 4462
64595 19 4232
64596 20 2079
64597 21 4373
64598 22 2632
64599 23 3784
64600 24 4333
64601 25 2378
64602 26 1374
64603 27 5142
64604 28 5010
64605 29 0
64606 30 1818
64607 31 2238
64608 32 5719
64609 33 2428
64610 34 4573
64611 35 1595
64612 36 2119
64613 37 2762
64614 38 3384
64615 39 0
64616 40 1903
64617 41 2919
64618 42 2051
64619 43 5456
64620 44 2416
64621 45 0
64622 46 2865
64623 47 2727
64624 48 5286
64625 49 3062
64626 50 5180
64627 51 0
64628 52 2730
64629 53 4746
64630 54 5335
64631 55 2424
64632 56 1880
64633 57 1543
64634 58 5103
64635 59 3470
64636 60 2193
64637 61 4159
64638 62 2710
64639 63 3999
64640 64 1423
64641 65 3944
64642 66 1985
64643 67 2240
64644 68 2667
64645 69 0
64646 70 2424
64647 71 2771
64648 72 2438
64649 73 1242
64650 74 3811
64651 75 2782
64652 76 2560
64653 77 1672
64654 78 2262
64655 79 3304
64656 80 3937
64657 81 2257
64658 82 2034
64659 83 4683
64660 84 1591
64661 85 3163
64662 86 2420
64663 87 3265
64664 88 2807
64665 89 4900
64666 90 2431
64667 91 5190
64668 92 4556
64669 93 2462
64670 94 2170
64671 95 5939
64672 96 2483
64673 97 4393
64674 98 4602
64675 99 7190
64676 100 0
64677 101 2223
64678 102 2685
64679 103 1479
64680 104 4937
64681 105 3914
64682 106 7140
64683 107 2289
64684 108 3930
64685 109 4330
64686 110 6211
64687 111 4218
64688 112 4602
64689 113 951
64690 114 3096
64691 115 3641
64692 116 1676
64693 117 4871
64694 118 3700
64695 119 0
64696 120 2740
64697 121 1484
64698 122 5255
64699 123 2636
64700 124 7502
64701 125 2848
64702 126 3341
64703 127 4387
64704 128 2396
64705 129 3580
64706 130 4192
64707 131 6759
64708 132 3879
64709 133 4273
64710 134 6210
64711 135 0
64712 136 4320
64713 137 6887
64714 138 5417
64715 139 4061
64716 140 3665
64717 141 4676
64718 142 4294
64719 143 4764
64720 144 5710
64721 145 9013
64722 146 1991
64723 147 2320
64724 148 5439
64725 149 3118
64726 150 2565
64727 151 2824
64728 152 2008
64729 153 7255
64730 154 2048
64731 155 4592
64732 156 5057
64733 157 2800
64734 158 3186
64735 159 7463
64736 160 2003
64737 161 5112
64738 162 4921
64739 163 4014
64740 164 5152
64741 165 3119
64742 166 3622
64743 167 2207
64744 168 3574
64745 169 5443
64746 170 2003
