2500
64577 1 5835
64578 2 5708
64579 3 4843
64580 4 5423
64581 5 0
64582 6 4863
64583 7 2427
64584 8 3466
64585 9 6567
64586 10 3780
64587 11 0
64588 12 4820
64589 13 5870
64590 14 4323
64591 15 3608
64592 16 0
64593 17 2748
64594 18 2313
64595 19 2661
64596 20 5506
64597 21 3690
64598 22 5084
64599 23 3878
64600 24 2691
64601 25 2984
64602 26 5260
64603 27 1943
64604 28 3829
64605 29 6005
64606 30 2830
64607 31 4234
64608 32 2404
64609 33 3190
64610 34 4405
64611 35 2830
64612 36 3864
64613 37 4826
64614 38 4620
64615 39 5270
64616 40 1594
64617 41 1852
64618 42 3926
64619 43 0
64620 44 2656
64621 45 2708
64622 46 4289
64623 47 3060
64624 48 2352
64625 49 7546
64626 50 2233
64627 51 5139
64628 52 4297
64629 53 4847
64630 54 4431
64631 55 5069
64632 56 1573
64633 57 4809
64634 58 6260
64635 59 2881
64636 60 6556
64637 61 1690
64638 62 5617
64639 63 4035
64640 64 0
64641 65 3296
64642 66 6227
64643 67 4090
64644 68 5473
64645 69 6452
64646 70 2309
64647 71 4700
64648 72 2267
64649 73 5329
64650 74 2474
64651 75 3902
64652 76 6121
64653 77 2051
64654 78 4301
64655 79 2850
64656 80 4034
64657 81 5655
64658 82 2080
64659 83 2756
64660 84 3550
64661 85 7577
64662 86 2706
64663 87 4111
64664 88 3382
64665 89 2404
64666 90 3053
64667 91 2695
64668 92 2861
64669 93 3649
64670 94 1513
64671 95 2689
64672 96 2892
64673 97 4934
64674 98 5805
64675 99 2336
64676 100 4725
64677 101 3764
64678 102 2773
64679 103 3864
64680 104 3564
64681 105 1677
64682 106 2924
64683 107 1701
64684 108 3804
64685 109 2389
64686 110 3775
64687 111 2314
64688 112 3290
64689 113 5400
64690 114 0
64691 115 2559
64692 116 3496
64693 117 5413
64694 118 2164
64695 119 3940
64696 120 5234
64697 121 3060
64698 122 3878
64699 123 0
64700 124 6250
64701 125 5091
64702 126 2550
64703 127 1352
64704 128 5264
64705 129 2046
64706 130 3510
64707 131 4485
64708 132 3082
64709 133 4314
64710 134 2310
64711 135 3210
64712 136 4758
64713 137 5146
64714 138 1537
64715 139 4855
64716 140 4121
64717 141 8210
64718 142 2592
64719 143 4042
64720 144 4855
64721 145 4499
64722 146 4586
64723 147 2099
64724 148 4158
64725 149 8007
64726 150 1897
64727 151 5377
64728 152 3726
64729 153 4272
64730 154 2970
64731 155 4364
64732 156 6305
64733 157 2003
