2500
64577 1 1335
64578 2 4215
64579 3 2343
64580 4 3206
64581 5 1890
64582 6 3254
64583 7 4193
64584 8 8240
64585 9 2800
64586 10 3492
64587 11 4122
64588 12 2213
64589 13 2561
64590 14 3762
64591 15 3170
64592 16 4698
64593 17 2292
64594 18 4840
64595 19 2759
64596 20 2363
64597 21 2564
64598 22 3811
64599 23 3915
64600 24 4258
64601 25 2498
64602 26 4592
64603 27 2203
64604 28 3410
64605 29 4753
64606 30 5479
64607 31 2514
64608 32 6001
64609 33 3436
64610 34 2525
64611 35 3748
64612 36 1775
64613 37 3951
64614 38 2220
64615 39 7148
64616 40 2256
64617 41 2357
64618 42 3334
64619 43 3216
64620 44 4009
64621 45 2681
64622 46 5710
64623 47 1753
64624 48 5335
64625 49 2389
64626 50 4575
64627 51 3752
64628 52 2717
64629 53 7564
64630 54 2264
64631 55 2976
64632 56 3107
64633 57 4885
64634 58 6885
64635 59 6504
64636 60 3241
64637 61 3333
64638 62 4996
64639 63 5722
64640 64 0
64641 65 1927
64642 66 2033
64643 67 1528
64644 68 8231
64645 69 2263
64646 70 0
64647 71 2228
64648 72 3336
64649 73 4798
64650 74 3357
64651 75 2398
64652 76 3097
64653 77 3950
64654 78 3576
64655 79 2965
64656 80 3351
64657 81 6604
64658 82 1383
64659 83 3087
64660 84 2595
64661 85 6283
64662 86 0
64663 87 4601
64664 88 4116
64665 89 4132
64666 90 8058
64667 91 2342
64668 92 4000
64669 93 5426
64670 94 3544
64671 95 2452
64672 96 5684
64673 97 3417
64674 98 5288
64675 99 3016
64676 100 4403
64677 101 5150
64678 102 5275
64679 103 2038
64680 104 3127
64681 105 4689
64682 106 5829
64683 107 2625
64684 108 5848
64685 109 2688
64686 110 5645
64687 111 2419
64688 112 3354
64689 113 1272
64690 114 3542
64691 115 6829
64692 116 4577
64693 117 3022
64694 118 3900
64695 119 3695
64696 120 1002
64697 121 3680
64698 122 2422
64699 123 8828
64700 124 2285
64701 125 3850
64702 126 6228
64703 127 1392
64704 128 4879
64705 129 2494
64706 130 5228
64707 131 5513
64708 132 5452
64709 133 4593
64710 134 6889
64711 135 2003
64712 136 3912
64713 137 6148
64714 138 5381
64715 139 5471
64716 140 2702
64717 141 3603
64718 142 2710
64719 143 4341
64720 144 4587
64721 145 0
64722 146 2171
64723 147 3912
64724 148 4672
64725 149 0
64726 150 4088
64727 151 5804
64728 152 2663
64729 153 5976
64730 154 7904
64731 155 2003
