2500
64577 1 2600
64578 2 4665
64579 3 4303
64580 4 3206
64581 5 2636
64582 6 4447
64583 7 7884
64584 8 6010
64585 9 2935
64586 10 6268
64587 11 3261
64588 12 5107
64589 13 0
64590 14 3144
64591 15 3398
64592 16 2690
64593 17 2603
64594 18 5324
64595 19 7041
64596 20 2318
64597 21 3080
64598 22 5489
64599 23 2444
64600 24 5638
64601 25 6135
64602 26 3210
64603 27 2544
64604 28 4087
64605 29 4044
64606 30 5472
64607 31 2670
64608 32 2772
64609 33 3671
64610 34 4581
64611 35 2738
64612 36 3719
64613 37 3100
64614 38 4233
64615 39 5924
64616 40 2278
64617 41 5642
64618 42 5023
64619 43 3996
64620 44 3091
64621 45 5538
64622 46 2631
64623 47 3760
64624 48 4454
64625 49 2161
64626 50 5074
64627 51 5000
64628 52 2312
64629 53 4834
64630 54 3518
64631 55 2266
64632 56 3513
64633 57 1532
64634 58 4335
64635 59 3838
64636 60 2425
64637 61 4092
64638 62 5633
64639 63 1622
64640 64 5330
64641 65 4338
64642 66 2172
64643 67 2600
64644 68 4311
64645 69 4186
64646 70 0
64647 71 4562
64648 72 1750
64649 73 4572
64650 74 4270
64651 75 2334
64652 76 2689
64653 77 3813
64654 78 2010
64655 79 2764
64656 80 3994
64657 81 3455
64658 82 6914
64659 83 6375
64660 84 2138
64661 85 2487
64662 86 6350
64663 87 4758
64664 88 2576
64665 89 1919
64666 90 3736
64667 91 6145
64668 92 0
64669 93 2170
64670 94 0
64671 95 2735
64672 96 1806
64673 97 2639
64674 98 3668
64675 99 3829
64676 100 2224
64677 101 3213
64678 102 4617
64679 103 3393
64680 104 5185
64681 105 2412
64682 106 3764
64683 107 3815
64684 108 3099
64685 109 4537
64686 110 0
64687 111 3086
64688 112 2848
64689 113 4250
64690 114 0
64691 115 2864
64692 116 5183
64693 117 6319
64694 118 2646
64695 119 3929
64696 120 6289
64697 121 2316
64698 122 3896
64699 123 3289
64700 124 3638
64701 125 3214
64702 126 4821
64703 127 3085
64704 128 4748
64705 129 2425
64706 130 6613
64707 131 2634
64708 132 0
64709 133 4695
64710 134 2676
64711 135 4380
64712 136 1193
64713 137 6097
64714 138 1436
64715 139 4272
64716 140 2409
64717 141 4119
64718 142 2526
64719 143 2825
64720 144 1076
64721 145 2309
64722 146 671
64723 147 3713
64724 148 4756
64725 149 3140
64726 150 4047
64727 151 7824
64728 152 2003
