2500
64577 1 3018
64578 2 4912
64579 3 5125
64580 4 2357
64581 5 4240
64582 6 2640
64583 7 3806
64584 8 6031
64585 9 2325
64586 10 4425
64587 11 4428
64588 12 4525
64589 13 7217
64590 14 4563
64591 15 2428
64592 16 2406
64593 17 2350
64594 18 3456
64595 19 2613
64596 20 2950
64597 21 1887
64598 22 2841
64599 23 2759
64600 24 3954
64601 25 6002
64602 26 5163
64603 27 4235
64604 28 2190
64605 29 2723
64606 30 2440
64607 31 2713
64608 32 4302
64609 33 3930
64610 34 4148
64611 35 2513
64612 36 3469
64613 37 3838
64614 38 3904
64615 39 2905
64616 40 2130
64617 41 2962
64618 42 0
64619 43 4565
64620 44 4578
64621 45 2451
64622 46 4879
64623 47 5673
64624 48 2238
64625 49 2515
64626 50 3295
64627 51 3019
64628 52 4047
64629 53 4557
64630 54 3735
64631 55 2652
64632 56 2102
64633 57 6807
64634 58 4284
64635 59 4045
64636 60 2530
64637 61 2118
64638 62 2714
64639 63 2550
64640 64 2861
64641 65 2602
64642 66 2675
64643 67 3762
64644 68 5214
64645 69 0
64646 70 3228
64647 71 0
64648 72 2150
64649 73 3615
64650 74 2556
64651 75 5028
64652 76 4644
64653 77 3900
64654 78 3996
64655 79 4661
64656 80 4727
64657 81 0
64658 82 4600
64659 83 3104
64660 84 1722
64661 85 4143
64662 86 2414
64663 87 2111
64664 88 3447
64665 89 4400
64666 90 2178
64667 91 6618
64668 92 4913
64669 93 4000
64670 94 2247
64671 95 6238
64672 96 3586
64673 97 4144
64674 98 3242
64675 99 2212
64676 100 3992
64677 101 4126
64678 102 3912
64679 103 2177
64680 104 5112
64681 105 2389
64682 106 4927
64683 107 4950
64684 108 5743
64685 109 2120
64686 110 3938
64687 111 4131
64688 112 4125
64689 113 2456
64690 114 4275
64691 115 5200
64692 116 2311
64693 117 3161
64694 118 4437
64695 119 6808
64696 120 1611
64697 121 2580
64698 122 2362
64699 123 4882
64700 124 5370
64701 125 2135
64702 126 1191
64703 127 2429
64704 128 4766
64705 129 1734
64706 130 5297
64707 131 4783
64708 132 3192
64709 133 3045
64710 134 4103
64711 135 3662
64712 136 2326
64713 137 4376
64714 138 0
64715 139 2230
64716 140 2553
64717 141 4369
64718 142 0
64719 143 6763
64720 144 4106
64721 145 2106
64722 146 2727
64723 147 2736
64724 148 2634
64725 149 3374
64726 150 3874
64727 151 4370
64728 152 2913
64729 153 8491
64730 154 1495
64731 155 3613
64732 156 3472
64733 157 2003
