2500
64577 1 2195
64578 2 2564
64579 3 4204
64580 4 3852
64581 5 4371
64582 6 4642
64583 7 7677
64584 8 4214
64585 9 3556
64586 10 1941
64587 11 3555
64588 12 4652
64589 13 0
64590 14 3708
64591 15 4138
64592 16 6141
64593 17 4675
64594 18 3277
64595 19 3529
64596 20 5488
64597 21 4108
64598 22 4430
64599 23 3244
64600 24 2379
64601 25 3725
64602 26 2223
64603 27 3154
64604 28 2494
64605 29 3563
64606 30 2447
64607 31 2501
64608 32 4721
64609 33 2882
64610 34 6462
64611 35 6160
64612 36 2179
64613 37 3435
64614 38 2929
64615 39 2289
64616 40 2302
64617 41 2776
64618 42 2327
64619 43 3596
64620 44 1838
64621 45 2332
64622 46 3422
64623 47 2637
64624 48 2251
64625 49 2965
64626 50 4283
64627 51 5092
64628 52 5386
64629 53 2315
64630 54 3000
64631 55 3122
64632 56 2304
64633 57 2735
64634 58 5742
64635 59 0
64636 60 3068
64637 61 2797
64638 62 2286
64639 63 2140
64640 64 2501
64641 65 4029
64642 66 3742
64643 67 2368
64644 68 2503
64645 69 1039
64646 70 4068
64647 71 5039
64648 72 3708
64649 73 1983
64650 74 2601
64651 75 2457
64652 76 6303
64653 77 3592
64654 78 2021
64655 79 3964
64656 80 3977
64657 81 0
64658 82 3375
64659 83 2807
64660 84 1572
64661 85 2484
64662 86 5300
64663 87 5508
64664 88 2348
64665 89 3326
64666 90 0
64667 91 2868
64668 92 1747
64669 93 3301
64670 94 1505
64671 95 2832
64672 96 3875
64673 97 2193
64674 98 4248
64675 99 3720
64676 100 5697
64677 101 2313
64678 102 4808
64679 103 2320
64680 104 4925
64681 105 3730
64682 106 3042
64683 107 2018
64684 108 4485
64685 109 2327
64686 110 4674
64687 111 2696
64688 112 4236
64689 113 3094
64690 114 3571
64691 115 2945
64692 116 2544
64693 117 3651
64694 118 0
64695 119 4639
64696 120 3896
64697 121 2875
64698 122 2452
64699 123 2536
64700 124 4774
64701 125 5308
64702 126 5771
64703 127 2193
64704 128 4642
64705 129 4945
64706 130 3912
64707 131 4523
64708 132 6142
64709 133 5372
64710 134 2366
64711 135 3403
64712 136 6066
64713 137 2493
64714 138 4691
64715 139 1873
64716 140 4777
64717 141 3662
64718 142 0
64719 143 3124
64720 144 2850
64721 145 6820
64722 146 0
64723 147 4248
64724 148 3172
64725 149 2166
64726 150 6310
64727 151 5795
64728 152 2485
64729 153 4370
64730 154 2962
64731 155 1492
64732 156 2873
64733 157 2831
64734 158 2967
64735 159 7475
64736 160 5799
64737 161 8425
64738 162 8408
64739 163 0
64740 164 3325
64741 165 3963
64742 166 6717
64743 167 6092
64744 168 2003
