2500
64577 1 4908
64578 2 6045
64579 3 4221
64580 4 2650
64581 5 3674
64582 6 4440
64583 7 0
64584 8 3128
64585 9 5356
64586 10 4427
64587 11 6261
64588 12 5508
64589 13 3021
64590 14 5572
64591 15 3612
64592 16 3973
64593 17 1907
64594 18 5060
64595 19 3747
64596 20 5443
64597 21 5581
64598 22 2729
64599 23 5499
64600 24 3836
64601 25 3775
64602 26 5129
64603 27 0
64604 28 3918
64605 29 3062
64606 30 2282
64607 31 4471
64608 32 3858
64609 33 6501
64610 34 0
64611 35 2779
64612 36 3723
64613 37 4800
64614 38 2483
64615 39 6011
64616 40 2266
64617 41 6075
64618 42 3794
64619 43 3680
64620 44 2379
64621 45 3213
64622 46 5909
64623 47 2163
64624 48 4602
64625 49 1962
64626 50 5250
64627 51 1573
64628 52 5535
64629 53 6458
64630 54 9255
64631 55 2463
64632 56 4614
64633 57 4491
64634 58 4669
64635 59 3024
64636 60 6587
64637 61 5525
64638 62 7295
64639 63 2342
64640 64 2647
64641 65 6387
64642 66 5151
64643 67 1429
64644 68 2664
64645 69 4205
64646 70 5869
64647 71 2279
64648 72 2230
64649 73 5879
64650 74 5008
64651 75 2620
64652 76 6891
64653 77 2601
64654 78 3429
64655 79 1673
64656 80 5410
64657 81 2840
64658 82 7238
64659 83 6596
64660 84 3301
64661 85 2701
64662 86 3092
64663 87 3598
64664 88 2464
64665 89 4251
64666 90 4843
64667 91 2949
64668 92 6082
64669 93 7804
64670 94 1624
64671 95 2818
64672 96 2534
64673 97 10803
64674 98 1811
64675 99 4379
64676 100 4831
64677 101 0
64678 102 3625
64679 103 3960
64680 104 7114
64681 105 2003
64682 106 7747
64683 107 2339
64684 108 5330
64685 109 9330
64686 110 7623
64687 111 6668
64688 112 8458
64689 113 2525
64690 114 4705
64691 115 5880
64692 116 6003
64693 117 2032
64694 118 6627
64695 119 2584
64696 120 8042
64697 121 7491
64698 122 7019
64699 123 6893
64700 124 2549
64701 125 1546
64702 126 5189
64703 127 5912
64704 128 1847
64705 129 6090
64706 130 4681
64707 131 2123
64708 132 1774
64709 133 4916
64710 134 2763
64711 135 6763
64712 136 2003
