2500
64577 1 2170
64578 2 4423
64579 3 5770
64580 4 1951
64581 5 4362
64582 6 5108
64583 7 5929
64584 8 2958
64585 9 6319
64586 10 2325
64587 11 2816
64588 12 4058
64589 13 0
64590 14 6792
64591 15 2084
64592 16 3513
64593 17 4977
64594 18 2304
64595 19 7291
64596 20 2922
64597 21 6965
64598 22 4792
64599 23 2660
64600 24 5090
64601 25 0
64602 26 6248
64603 27 5802
64604 28 5259
64605 29 2359
64606 30 7130
64607 31 0
64608 32 3392
64609 33 5911
64610 34 6537
64611 35 2195
64612 36 1940
64613 37 4871
64614 38 7314
64615 39 9921
64616 40 8458
64617 41 2299
64618 42 5527
64619 43 0
64620 44 4408
64621 45 6255
64622 46 2003
64623 47 1079
64624 48 5013
64625 49 5508
64626 50 4123
64627 51 1797
64628 52 5336
64629 53 4874
64630 54 0
64631 55 3766
64632 56 4581
64633 57 2842
64634 58 4871
64635 59 2637
64636 60 5675
64637 61 6886
64638 62 7684
64639 63 7097
64640 64 4007
64641 65 4856
64642 66 0
64643 67 3408
64644 68 4498
64645 69 6940
64646 70 2479
64647 71 4480
64648 72 0
64649 73 4328
64650 74 2325
64651 75 5557
64652 76 4801
64653 77 5683
64654 78 7149
64655 79 2408
64656 80 3003
64657 81 4839
64658 82 3860
64659 83 6934
64660 84 2489
64661 85 5781
64662 86 6942
64663 87 7425
64664 88 8270
64665 89 2530
64666 90 5409
64667 91 7175
64668 92 6925
64669 93 7470
64670 94 6858
64671 95 6758
64672 96 0
64673 97 3507
64674 98 3952
64675 99 5412
64676 100 4584
64677 101 0
64678 102 3675
64679 103 4986
64680 104 4800
64681 105 5976
64682 106 2317
64683 107 1184
64684 108 2208
64685 109 8954
64686 110 4878
64687 111 2807
64688 112 6462
64689 113 0
64690 114 4171
64691 115 3921
64692 116 3528
64693 117 4239
64694 118 4758
64695 119 4482
64696 120 2408
64697 121 4714
64698 122 6212
64699 123 7942
64700 124 3893
64701 125 4742
64702 126 6646
64703 127 6808
64704 128 3996
64705 129 2955
64706 130 0
64707 131 3775
64708 132 5518
64709 133 7110
64710 134 2003
