2500
64577 1 2467
64578 2 3988
64579 3 10353
64580 4 6848
64581 5 6486
64582 6 0
64583 7 7225
64584 8 1566
64585 9 3501
64586 10 4630
64587 11 0
64588 12 3492
64589 13 3806
64590 14 6095
64591 15 2242
64592 16 7525
64593 17 3547
64594 18 4021
64595 19 8516
64596 20 4045
64597 21 7758
64598 22 4992
64599 23 5968
64600 24 1932
64601 25 2110
64602 26 3576
64603 27 5140
64604 28 5958
64605 29 2614
64606 30 4765
64607 31 2904
64608 32 5825
64609 33 6009
64610 34 2614
64611 35 3040
64612 36 1638
64613 37 3447
64614 38 3084
64615 39 5702
64616 40 1770
64617 41 4639
64618 42 2845
64619 43 3797
64620 44 7142
64621 45 4739
64622 46 2182
64623 47 1015
64624 48 4343
64625 49 4054
64626 50 4910
64627 51 6157
64628 52 3066
64629 53 7042
64630 54 5989
64631 55 2708
64632 56 5086
64633 57 6491
64634 58 1972
64635 59 2230
64636 60 3602
64637 61 5030
64638 62 5308
64639 63 2479
64640 64 4158
64641 65 3013
64642 66 2341
64643 67 3695
64644 68 3458
64645 69 6436
64646 70 2607
64647 71 3889
64648 72 2874
64649 73 2631
64650 74 2193
64651 75 2158
64652 76 3706
64653 77 5258
64654 78 2685
64655 79 4882
64656 80 4275
64657 81 6081
64658 82 3692
64659 83 4188
64660 84 2942
64661 85 4742
64662 86 6438
64663 87 1818
64664 88 3419
64665 89 4302
64666 90 4063
64667 91 3382
64668 92 3942
64669 93 0
64670 94 3142
64671 95 4332
64672 96 4425
64673 97 4593
64674 98 8378
64675 99 2375
64676 100 5621
64677 101 5219
64678 102 1954
64679 103 2317
64680 104 8271
64681 105 6951
64682 106 5349
64683 107 5942
64684 108 9445
64685 109 2283
64686 110 4988
64687 111 3950
64688 112 4798
64689 113 5660
64690 114 1812
64691 115 4868
64692 116 2903
64693 117 4733
64694 118 2342
64695 119 4921
64696 120 0
64697 121 2942
64698 122 3910
64699 123 3829
64700 124 4373
64701 125 2609
64702 126 5293
64703 127 0
64704 128 3708
64705 129 6256
64706 130 4442
64707 131 5910
64708 132 0
64709 133 2475
64710 134 4568
64711 135 6768
64712 136 3161
64713 137 7457
64714 138 2378
64715 139 1721
64716 140 5310
64717 141 5552
64718 142 2003
