2500
64577 1 2252
64578 2 4664
64579 3 2661
64580 4 3748
64581 5 4121
64582 6 1934
64583 7 3765
64584 8 2215
64585 9 2630
64586 10 1460
64587 11 3133
64588 12 2523
64589 13 3980
64590 14 2492
64591 15 4095
64592 16 3625
64593 17 5271
64594 18 4400
64595 19 6225
64596 20 4490
64597 21 6536
64598 22 2003
64599 23 5808
64600 24 2710
64601 25 3360
64602 26 4189
64603 27 2345
64604 28 1661
64605 29 3939
64606 30 2934
64607 31 6737
64608 32 1845
64609 33 3483
64610 34 6918
64611 35 5337
64612 36 4178
64613 37 1991
64614 38 6139
64615 39 0
64616 40 3275
64617 41 4322
64618 42 6623
64619 43 5742
64620 44 0
64621 45 3442
64622 46 2984
64623 47 3978
64624 48 4900
64625 49 1764
64626 50 4423
64627 51 5629
64628 52 6342
64629 53 4310
64630 54 4196
64631 55 2212
64632 56 3994
64633 57 5354
64634 58 6872
64635 59 3448
64636 60 4475
64637 61 4071
64638 62 6690
64639 63 0
64640 64 3975
64641 65 4556
64642 66 3346
64643 67 2954
64644 68 2715
64645 69 6244
64646 70 2264
64647 71 6108
64648 72 7746
64649 73 8375
64650 74 8358
64651 75 8492
64652 76 5729
64653 77 3558
64654 78 4235
64655 79 4398
64656 80 0
64657 81 4962
64658 82 4582
64659 83 4564
64660 84 0
64661 85 5792
64662 86 2567
64663 87 4398
64664 88 5525
64665 89 4192
64666 90 3229
64667 91 4650
64668 92 0
64669 93 5792
64670 94 4978
64671 95 2224
64672 96 3375
64673 97 4578
64674 98 7744
64675 99 6708
64676 100 0
64677 101 6408
64678 102 2624
64679 103 4373
64680 104 6380
64681 105 1910
64682 106 2911
64683 107 7586
64684 108 4632
64685 109 5858
64686 110 4558
64687 111 2018
64688 112 4982
64689 113 3166
64690 114 6192
64691 115 7708
64692 116 7658
64693 117 0
64694 118 8625
64695 119 6834
64696 120 6125
64697 121 2003
