2500
64577 1 2248
64578 2 5815
64579 3 6728
64580 4 3333
64581 5 8333
64582 6 3022
64583 7 3071
64584 8 2927
64585 9 3403
64586 10 6412
64587 11 0
64588 12 3697
64589 13 4144
64590 14 3920
64591 15 5011
64592 16 2891
64593 17 5870
64594 18 0
64595 19 3608
64596 20 3039
64597 21 2894
64598 22 4502
64599 23 3845
64600 24 3119
64601 25 6699
64602 26 3072
64603 27 5891
64604 28 2281
64605 29 6592
64606 30 2623
64607 31 8340
64608 32 2520
64609 33 7612
64610 34 6700
64611 35 4840
64612 36 6292
64613 37 6755
64614 38 1843
64615 39 0
64616 40 5545
64617 41 7936
64618 42 1612
64619 43 3731
64620 44 1929
64621 45 7268
64622 46 0
64623 47 2134
64624 48 2687
64625 49 4566
64626 50 2680
64627 51 2438
64628 52 2924
64629 53 3522
64630 54 2369
64631 55 2590
64632 56 2896
64633 57 3681
64634 58 1717
64635 59 3067
64636 60 3594
64637 61 3348
64638 62 0
64639 63 1432
64640 64 3271
64641 65 2659
64642 66 2785
64643 67 5685
64644 68 4746
64645 69 2462
64646 70 2141
64647 71 5168
64648 72 3210
64649 73 1727
64650 74 4890
64651 75 6054
64652 76 7592
64653 77 2854
64654 78 5412
64655 79 2780
64656 80 3892
64657 81 3763
64658 82 1615
64659 83 4897
64660 84 5758
64661 85 2727
64662 86 4576
64663 87 4208
64664 88 2920
64665 89 2945
64666 90 2250
64667 91 3525
64668 92 1345
64669 93 3558
64670 94 3665
64671 95 6908
64672 96 2932
64673 97 4934
64674 98 7155
64675 99 5183
64676 100 2221
64677 101 3158
64678 102 2932
64679 103 7443
64680 104 6708
64681 105 0
64682 106 3626
64683 107 3544
64684 108 4294
64685 109 6725
64686 110 2564
64687 111 3915
64688 112 0
64689 113 3658
64690 114 2745
64691 115 5085
64692 116 5459
64693 117 2487
64694 118 6154
64695 119 10658
64696 120 2303
64697 121 6714
64698 122 2707
64699 123 4853
64700 124 7714
64701 125 4565
64702 126 6198
64703 127 0
64704 128 6071
64705 129 1925
64706 130 5136
64707 131 3178
64708 132 2725
64709 133 0
64710 134 2077
64711 135 1985
64712 136 5401
64713 137 5553
64714 138 2669
64715 139 2784
64716 140 2632
64717 141 2935
64718 142 0
64719 143 7814
64720 144 2151
64721 145 8264
64722 146 0
64723 147 1408
64724 148 3851
64725 149 1275
64726 150 6067
64727 151 2577
64728 152 3849
64729 153 2003
