2500
64577 1 1945
64578 2 7317
64579 3 2060
64580 4 6373
64581 5 5880
64582 6 2395
64583 7 2508
64584 8 2883
64585 9 3280
64586 10 4443
64587 11 7011
64588 12 1457
64589 13 6164
64590 14 0
64591 15 2596
64592 16 4932
64593 17 4338
64594 18 2848
64595 19 3556
64596 20 5833
64597 21 0
64598 22 2992
64599 23 3945
64600 24 2886
64601 25 4612
64602 26 2399
64603 27 2790
64604 28 5196
64605 29 3943
64606 30 4068
64607 31 2215
64608 32 3647
64609 33 2286
64610 34 5331
64611 35 3830
64612 36 2358
64613 37 2305
64614 38 5488
64615 39 4011
64616 40 2292
64617 41 2248
64618 42 5161
64619 43 3301
64620 44 0
64621 45 3125
64622 46 2992
64623 47 2798
64624 48 6542
64625 49 5225
64626 50 4869
64627 51 4889
64628 52 2559
64629 53 5428
64630 54 5297
64631 55 0
64632 56 3308
64633 57 3538
64634 58 4938
64635 59 4364
64636 60 3826
64637 61 2141
64638 62 1094
64639 63 3445
64640 64 4716
64641 65 2514
64642 66 2341
64643 67 7046
64644 68 2109
64645 69 7124
64646 70 3892
64647 71 7148
64648 72 4588
64649 73 1650
64650 74 2921
64651 75 4808
64652 76 3583
64653 77 6684
64654 78 4211
64655 79 5192
64656 80 3088
64657 81 3169
64658 82 2115
64659 83 6008
64660 84 4728
64661 85 7440
64662 86 0
64663 87 3525
64664 88 2710
64665 89 4371
64666 90 5839
64667 91 2178
64668 92 5771
64669 93 2515
64670 94 4258
64671 95 5237
64672 96 7217
64673 97 5233
64674 98 5503
64675 99 4476
64676 100 3492
64677 101 3351
64678 102 4722
64679 103 4078
64680 104 5992
64681 105 3606
64682 106 7797
64683 107 7508
64684 108 5145
64685 109 7901
64686 110 2272
64687 111 5692
64688 112 1366
64689 113 5780
64690 114 4323
64691 115 2076
64692 116 4306
64693 117 2339
64694 118 2519
64695 119 0
64696 120 3692
64697 121 2952
64698 122 2420
64699 123 5363
64700 124 4062
64701 125 4578
64702 126 2232
64703 127 2508
64704 128 7608
64705 129 3376
64706 130 4934
64707 131 3246
64708 132 4920
64709 133 2231
64710 134 1406
64711 135 7377
64712 136 3135
64713 137 2458
64714 138 4377
64715 139 2149
64716 140 3092
64717 141 2693
64718 142 3056
64719 143 1772
64720 144 4085
64721 145 2617
64722 146 2974
64723 147 0
64724 148 3008
64725 149 3402
64726 150 5131
64727 151 2859
64728 152 5447
64729 153 2003
