2500
64577 1 2858
64578 2 3132
64579 3 3747
64580 4 5065
64581 5 3757
64582 6 5875
64583 7 4307
64584 8 4594
64585 9 3420
64586 10 2060
64587 11 3098
64588 12 1851
64589 13 5584
64590 14 4991
64591 15 0
64592 16 5592
64593 17 2663
64594 18 2820
64595 19 5904
64596 20 4548
64597 21 2003
64598 22 2825
64599 23 4080
64600 24 7580
64601 25 7075
64602 26 2515
64603 27 7579
64604 28 7019
64605 29 6408
64606 30 5700
64607 31 1782
64608 32 3498
64609 33 4944
64610 34 0
64611 35 3858
64612 36 3458
64613 37 5327
64614 38 4108
64615 39 6017
64616 40 1332
64617 41 6209
64618 42 1970
64619 43 5656
64620 44 7215
64621 45 5370
64622 46 5107
64623 47 3588
64624 48 2432
64625 49 0
64626 50 5451
64627 51 2622
64628 52 1824
64629 53 5923
64630 54 2374
64631 55 4032
64632 56 0
64633 57 1308
64634 58 4739
64635 59 4751
64636 60 3439
64637 61 4885
64638 62 4502
64639 63 4485
64640 64 4250
64641 65 1835
64642 66 1831
64643 67 4554
64644 68 5131
64645 69 4320
64646 70 1829
64647 71 5146
64648 72 5503
64649 73 4728
64650 74 6346
64651 75 4181
64652 76 2868
64653 77 8504
64654 78 2641
64655 79 5671
64656 80 3325
64657 81 7685
64658 82 6258
64659 83 7139
64660 84 5833
64661 85 4358
64662 86 3252
64663 87 2736
64664 88 5558
64665 89 0
64666 90 6708
64667 91 2395
64668 92 3697
64669 93 3627
64670 94 4493
64671 95 2003
64672 96 3354
64673 97 5447
64674 98 3024
64675 99 5205
64676 100 4698
64677 101 4392
64678 102 0
64679 103 5846
64680 104 6630
64681 105 4551
64682 106 2324
64683 107 3457
64684 108 2773
64685 109 5364
64686 110 6539
64687 111 6439
64688 112 7375
64689 113 1361
64690 114 7892
64691 115 0
64692 116 3886
64693 117 1741
64694 118 1552
64695 119 5397
64696 120 5268
64697 121 2601
64698 122 4061
64699 123 4983
64700 124 3897
64701 125 4372
64702 126 2250
64703 127 2269
64704 128 5921
64705 129 4552
64706 130 5333
64707 131 6525
64708 132 3575
64709 133 3389
64710 134 6607
64711 135 2625
64712 136 3990
64713 137 6293
64714 138 0
64715 139 3992
64716 140 3739
64717 141 6423
64718 142 2003
