2500
64577 1 4814
64578 2 4364
64579 3 2628
64580 4 0
64581 5 4758
64582 6 3763
64583 7 4442
64584 8 2168
64585 9 4750
64586 10 3777
64587 11 3578
64588 12 0
64589 13 4480
64590 14 2933
64591 15 4248
64592 16 5489
64593 17 4524
64594 18 3654
64595 19 2529
64596 20 5492
64597 21 0
64598 22 5751
64599 23 1729
64600 24 5973
64601 25 2253
64602 26 1639
64603 27 5350
64604 28 0
64605 29 3091
64606 30 4712
64607 31 1578
64608 32 5674
64609 33 0
64610 34 5408
64611 35 1483
64612 36 5485
64613 37 4516
64614 38 4228
64615 39 5614
64616 40 5319
64617 41 7223
64618 42 6346
64619 43 2410
64620 44 4669
64621 45 4810
64622 46 4378
64623 47 4336
64624 48 3342
64625 49 5310
64626 50 0
64627 51 3005
64628 52 2474
64629 53 3863
64630 54 4610
64631 55 5408
64632 56 7386
64633 57 4463
64634 58 5319
64635 59 4358
64636 60 5274
64637 61 2003
64638 62 4182
64639 63 4106
64640 64 4806
64641 65 1468
64642 66 4955
64643 67 2537
64644 68 3542
64645 69 2780
64646 70 6292
64647 71 0
64648 72 4325
64649 73 2366
64650 74 0
64651 75 2203
64652 76 2888
64653 77 4544
64654 78 4126
64655 79 2274
64656 80 3940
64657 81 6600
64658 82 4643
64659 83 1489
64660 84 4101
64661 85 5664
64662 86 2697
64663 87 4321
64664 88 3342
64665 89 2358
64666 90 4922
64667 91 2009
64668 92 4480
64669 93 3847
64670 94 5317
64671 95 4856
64672 96 1743
64673 97 4420
64674 98 6042
64675 99 3992
64676 100 1789
64677 101 6616
64678 102 1856
64679 103 2233
64680 104 5506
64681 105 5903
64682 106 6688
64683 107 3561
64684 108 4885
64685 109 2903
64686 110 5012
64687 111 5079
64688 112 5069
64689 113 2893
64690 114 4942
64691 115 5957
64692 116 0
64693 117 3195
64694 118 5746
64695 119 3725
64696 120 4459
64697 121 1872
64698 122 2205
64699 123 3904
64700 124 6802
64701 125 2714
64702 126 3708
64703 127 7452
64704 128 7132
64705 129 1521
64706 130 7853
64707 131 2003
