2500
64577 1 2375
64578 2 3423
64579 3 4572
64580 4 2859
64581 5 3668
64582 6 3754
64583 7 3574
64584 8 3260
64585 9 3105
64586 10 0
64587 11 3308
64588 12 5124
64589 13 4381
64590 14 2314
64591 15 3906
64592 16 3934
64593 17 4151
64594 18 2221
64595 19 4053
64596 20 3948
64597 21 2809
64598 22 5221
64599 23 1658
64600 24 5462
64601 25 2681
64602 26 5476
64603 27 7005
64604 28 2640
64605 29 1599
64606 30 4697
64607 31 7445
64608 32 2003
64609 33 5042
64610 34 1764
64611 35 3435
64612 36 4371
64613 37 2501
64614 38 0
64615 39 1095
64616 40 5328
64617 41 912
64618 42 3503
64619 43 2133
64620 44 4007
64621 45 4752
64622 46 3975
64623 47 2764
64624 48 3949
64625 49 3978
64626 50 5851
64627 51 5275
64628 52 1867
64629 53 5246
64630 54 5942
64631 55 3852
64632 56 4570
64633 57 7058
64634 58 7358
64635 59 0
64636 60 4989
64637 61 1949
64638 62 7643
64639 63 2003
64640 64 4033
64641 65 2397
64642 66 2653
64643 67 5225
64644 68 0
64645 69 3492
64646 70 3824
64647 71 4953
64648 72 2422
64649 73 3058
64650 74 6644
64651 75 2074
64652 76 6991
64653 77 5047
64654 78 6569
64655 79 5200
64656 80 0
64657 81 2671
64658 82 3519
64659 83 6643
64660 84 2374
64661 85 5910
64662 86 4248
64663 87 2593
64664 88 2687
64665 89 3162
64666 90 2454
64667 91 2463
64668 92 1883
64669 93 3080
64670 94 0
64671 95 4171
64672 96 3892
64673 97 6578
64674 98 4434
64675 99 5407
64676 100 5908
64677 101 0
64678 102 2189
64679 103 2611
64680 104 3423
64681 105 8088
64682 106 1842
64683 107 3051
64684 108 6507
64685 109 4164
64686 110 5882
64687 111 2494
64688 112 8065
64689 113 0
64690 114 4142
64691 115 2651
64692 116 4137
64693 117 5384
64694 118 2043
64695 119 4131
64696 120 4051
64697 121 4443
64698 122 1579
64699 123 4587
64700 124 2630
64701 125 2777
64702 126 2906
64703 127 3624
64704 128 1717
64705 129 4013
64706 130 3034
64707 131 3571
64708 132 2225
64709 133 3437
64710 134 2233
64711 135 3518
64712 136 3767
64713 137 1676
64714 138 2770
64715 139 3423
64716 140 4115
64717 141 0
64718 142 2525
64719 143 4513
64720 144 5294
64721 145 2425
64722 146 4383
64723 147 6715
64724 148 0
64725 149 3824
64726 150 5297
64727 151 6230
64728 152 2639
64729 153 5541
64730 154 0
64731 155 3258
64732 156 1584
64733 157 3314
64734 158 5514
64735 159 2459
64736 160 6722
64737 161 2003
