2500
64577 1 4024
64578 2 4104
64579 3 4437
64580 4 5576
64581 5 5688
64582 6 2246
64583 7 4073
64584 8 2042
64585 9 3191
64586 10 3680
64587 11 3080
64588 12 0
64589 13 2408
64590 14 6420
64591 15 2458
64592 16 4301
64593 17 5745
64594 18 4346
64595 19 0
64596 20 4295
64597 21 4219
64598 22 1728
64599 23 6023
64600 24 3770
64601 25 3702
64602 26 3370
64603 27 7678
64604 28 0
64605 29 5125
64606 30 2465
64607 31 0
64608 32 4014
64609 33 2630
64610 34 4021
64611 35 4237
64612 36 2297
64613 37 3679
64614 38 4411
64615 39 1896
64616 40 4815
64617 41 2342
64618 42 2176
64619 43 3308
64620 44 5992
64621 45 4254
64622 46 4792
64623 47 5370
64624 48 0
64625 49 2295
64626 50 7222
64627 51 3168
64628 52 2805
64629 53 4409
64630 54 0
64631 55 2036
64632 56 2407
64633 57 3344
64634 58 4370
64635 59 2244
64636 60 1177
64637 61 3293
64638 62 6579
64639 63 3934
64640 64 0
64641 65 2163
64642 66 1584
64643 67 4611
64644 68 5875
64645 69 3239
64646 70 5191
64647 71 3008
64648 72 4311
64649 73 5591
64650 74 1641
64651 75 4688
64652 76 0
64653 77 2992
64654 78 5725
64655 79 2450
64656 80 6258
64657 81 1402
64658 82 3931
64659 83 2351
64660 84 5542
64661 85 3344
64662 86 0
64663 87 2172
64664 88 2669
64665 89 4231
64666 90 4845
64667 91 2003
64668 92 3436
64669 93 7054
64670 94 5712
64671 95 4456
64672 96 3343
64673 97 6525
64674 98 2135
64675 99 1223
64676 100 5166
64677 101 6475
64678 102 6946
64679 103 7025
64680 104 1758
64681 105 5083
64682 106 2814
64683 107 0
64684 108 6127
64685 109 2504
64686 110 7658
64687 111 2218
64688 112 2053
64689 113 5971
64690 114 2383
64691 115 8964
64692 116 3442
64693 117 3078
64694 118 1363
64695 119 1707
64696 120 7359
64697 121 2442
64698 122 1736
64699 123 5740
64700 124 0
64701 125 3275
64702 126 3361
64703 127 3378
64704 128 4122
64705 129 2373
64706 130 5037
64707 131 4289
64708 132 1969
64709 133 5680
64710 134 0
64711 135 1949
64712 136 1815
64713 137 4062
64714 138 2322
64715 139 6967
64716 140 0
64717 141 2665
64718 142 3043
64719 143 3893
64720 144 4943
64721 145 1972
64722 146 5286
64723 147 5905
64724 148 1679
64725 149 3792
64726 150 5928
64727 151 1704
64728 152 2061
64729 153 2616
64730 154 3408
64731 155 3573
64732 156 7556
64733 157 6658
64734 158 0
64735 159 3858
64736 160 5014
64737 161 2716
64738 162 7551
64739 163 2003
