2500
64577 1 3077
64578 2 0
64579 3 6475
64580 4 6310
64581 5 2194
64582 6 1837
64583 7 3847
64584 8 2019
64585 9 4803
64586 10 4094
64587 11 4208
64588 12 3323
64589 13 6636
64590 14 2961
64591 15 3202
64592 16 4366
64593 17 2277
64594 18 2419
64595 19 3139
64596 20 3192
64597 21 3424
64598 22 0
64599 23 3870
64600 24 3218
64601 25 3938
64602 26 2234
64603 27 1752
64604 28 4130
64605 29 1537
64606 30 4362
64607 31 5134
64608 32 3851
64609 33 0
64610 34 4292
64611 35 4322
64612 36 5355
64613 37 2095
64614 38 1604
64615 39 4488
64616 40 4296
64617 41 2270
64618 42 4800
64619 43 3190
64620 44 1755
64621 45 2834
64622 46 4325
64623 47 2003
64624 48 2713
64625 49 5593
64626 50 2502
64627 51 5806
64628 52 4615
64629 53 6658
64630 54 4724
64631 55 5958
64632 56 2908
64633 57 2325
64634 58 2608
64635 59 4528
64636 60 2236
64637 61 6442
64638 62 5843
64639 63 4842
64640 64 3185
64641 65 4190
64642 66 4358
64643 67 3214
64644 68 1687
64645 69 2965
64646 70 3793
64647 71 4167
64648 72 2177
64649 73 5057
64650 74 5608
64651 75 2779
64652 76 3206
64653 77 4499
64654 78 2155
64655 79 4325
64656 80 2328
64657 81 5781
64658 82 2736
64659 83 4134
64660 84 5018
64661 85 2635
64662 86 4870
64663 87 4175
64664 88 6598
64665 89 2118
64666 90 5125
64667 91 5905
64668 92 2239
64669 93 3053
64670 94 4531
64671 95 2174
64672 96 3005
64673 97 4754
64674 98 0
64675 99 5375
64676 100 2898
64677 101 3663
64678 102 2912
64679 103 0
64680 104 4705
64681 105 5218
64682 106 1362
64683 107 4795
64684 108 3855
64685 109 2642
64686 110 2947
64687 111 7158
64688 112 4401
64689 113 4608
64690 114 2192
64691 115 3508
64692 116 6892
64693 117 4675
64694 118 3596
64695 119 2042
64696 120 5358
64697 121 5285
64698 122 3608
64699 123 2223
64700 124 0
64701 125 1961
64702 126 3792
64703 127 4091
64704 128 3054
64705 129 3827
64706 130 2256
64707 131 5411
64708 132 5385
64709 133 4694
64710 134 0
64711 135 2260
64712 136 2704
64713 137 1728
64714 138 3337
64715 139 2037
64716 140 3242
64717 141 4281
64718 142 2003
