2500
64577 1 3192
64578 2 3786
64579 3 5342
64580 4 3625
64581 5 1442
64582 6 4983
64583 7 2451
64584 8 4721
64585 9 0
64586 10 3425
64587 11 2953
64588 12 3218
64589 13 1925
64590 14 3122
64591 15 4606
64592 16 1711
64593 17 1623
64594 18 3711
64595 19 6528
64596 20 2127
64597 21 4797
64598 22 3558
64599 23 5579
64600 24 3440
64601 25 2174
64602 26 1260
64603 27 3483
64604 28 2162
64605 29 2355
64606 30 2555
64607 31 3240
64608 32 3920
64609 33 3851
64610 34 2146
64611 35 5092
64612 36 3651
64613 37 4545
64614 38 4234
64615 39 0
64616 40 3347
64617 41 801
64618 42 3938
64619 43 3142
64620 44 3876
64621 45 2148
64622 46 3875
64623 47 1647
64624 48 4569
64625 49 0
64626 50 2993
64627 51 2366
64628 52 5016
64629 53 2189
64630 54 4308
64631 55 2632
64632 56 3395
64633 57 3616
64634 58 4438
64635 59 6008
64636 60 2168
64637 61 3057
64638 62 3430
64639 63 1637
64640 64 3679
64641 65 2260
64642 66 2861
64643 67 5249
64644 68 3443
64645 69 5233
64646 70 4661
64647 71 3164
64648 72 3834
64649 73 2158
64650 74 3425
64651 75 4735
64652 76 3058
64653 77 1608
64654 78 3060
64655 79 3865
64656 80 2157
64657 81 3145
64658 82 1476
64659 83 4480
64660 84 1939
64661 85 4002
64662 86 3877
64663 87 2231
64664 88 3302
64665 89 4465
64666 90 4564
64667 91 4166
64668 92 2129
64669 93 3460
64670 94 3891
64671 95 1974
64672 96 2208
64673 97 2776
64674 98 3400
64675 99 4600
64676 100 1478
64677 101 5191
64678 102 5583
64679 103 2202
64680 104 980
64681 105 2323
64682 106 4156
64683 107 2765
64684 108 1560
64685 109 5290
64686 110 3175
64687 111 2987
64688 112 1774
64689 113 4041
64690 114 3676
64691 115 2178
64692 116 2451
64693 117 1379
64694 118 6832
64695 119 3663
64696 120 2925
64697 121 4003
64698 122 3876
64699 123 6060
64700 124 2054
64701 125 1379
64702 126 3654
64703 127 4001
64704 128 3271
64705 129 2558
64706 130 1396
64707 131 4263
64708 132 4869
64709 133 2003
64710 134 2392
64711 135 3618
64712 136 4855
64713 137 2642
64714 138 5892
64715 139 4608
64716 140 2648
64717 141 2252
64718 142 3418
64719 143 2049
64720 144 5008
64721 145 3564
64722 146 5915
64723 147 2545
64724 148 3519
64725 149 2232
64726 150 3013
64727 151 1590
64728 152 5494
64729 153 2964
64730 154 3654
64731 155 4785
64732 156 2206
64733 157 1770
64734 158 4075
64735 159 5129
64736 160 5368
64737 161 3158
64738 162 4631
64739 163 4514
64740 164 1935
64741 165 6106
64742 166 4403
64743 167 0
64744 168 3054
64745 169 2524
64746 170 4689
64747 171 2009
64748 172 2702
64749 173 1295
64750 174 5538
64751 175 3434
64752 176 4458
64753 177 3385
64754 178 2003
