2500
64577 1 5336
64578 2 6810
64579 3 3039
64580 4 4068
64581 5 5304
64582 6 5427
64583 7 3208
64584 8 5593
64585 9 4125
64586 10 4884
64587 11 5321
64588 12 2276
64589 13 7395
64590 14 8308
64591 15 6342
64592 16 8642
64593 17 12675
64594 18 8433
64595 19 2268
64596 20 4054
64597 21 2698
64598 22 3684
64599 23 1604
64600 24 2994
64601 25 2658
64602 26 2557
64603 27 11875
64604 28 4642
64605 29 4699
64606 30 3916
64607 31 7283
64608 32 0
64609 33 1608
64610 34 2985
64611 35 2770
64612 36 2085
64613 37 5413
64614 38 8237
64615 39 1999
64616 40 2447
64617 41 4120
64618 42 3612
64619 43 2734
64620 44 6825
64621 45 0
64622 46 2892
64623 47 6296
64624 48 4844
64625 49 3587
64626 50 8014
64627 51 2531
64628 52 2627
64629 53 3720
64630 54 1497
64631 55 6277
64632 56 4571
64633 57 3627
64634 58 5100
64635 59 0
64636 60 3175
64637 61 6172
64638 62 5740
64639 63 2825
64640 64 4583
64641 65 2943
64642 66 5236
64643 67 6709
64644 68 2235
64645 69 2719
64646 70 6137
64647 71 3628
64648 72 6457
64649 73 5124
64650 74 2725
64651 75 3375
64652 76 5141
64653 77 0
64654 78 3025
64655 79 5793
64656 80 3183
64657 81 8131
64658 82 7742
64659 83 7306
64660 84 0
64661 85 2868
64662 86 5182
64663 87 3039
64664 88 4918
64665 89 0
64666 90 3058
64667 91 3394
64668 92 4398
64669 93 6536
64670 94 4917
64671 95 0
64672 96 3775
64673 97 5123
64674 98 5944
64675 99 2003
64676 100 2470
64677 101 5538
64678 102 7168
64679 103 5601
64680 104 2980
64681 105 9092
64682 106 6241
64683 107 3569
64684 108 3388
64685 109 8725
64686 110 6009
64687 111 7957
64688 112 7271
64689 113 2118
64690 114 4891
64691 115 6231
64692 116 5525
64693 117 3420
64694 118 2447
64695 119 6160
64696 120 4271
64697 121 6038
64698 122 6817
64699 123 1702
64700 124 5075
64701 125 7258
64702 126 2808
64703 127 3823
64704 128 2642
64705 129 7089
64706 130 2003
