2500
64577 1 2208
64578 2 7974
64579 3 4664
64580 4 2481
64581 5 2900
64582 6 1936
64583 7 3371
64584 8 4119
64585 9 4543
64586 10 4841
64587 11 1587
64588 12 4243
64589 13 2789
64590 14 2466
64591 15 5971
64592 16 1982
64593 17 2362
64594 18 2043
64595 19 4799
64596 20 7243
64597 21 3200
64598 22 4355
64599 23 2384
64600 24 3469
64601 25 1493
64602 26 3314
64603 27 5434
64604 28 3175
64605 29 5064
64606 30 2105
64607 31 3692
64608 32 4461
64609 33 6887
64610 34 6875
64611 35 2708
64612 36 5016
64613 37 1921
64614 38 4424
64615 39 3552
64616 40 2942
64617 41 4475
64618 42 2645
64619 43 4491
64620 44 2367
64621 45 4631
64622 46 2638
64623 47 1594
64624 48 7214
64625 49 5408
64626 50 4896
64627 51 2901
64628 52 2967
64629 53 4618
64630 54 6850
64631 55 4058
64632 56 6738
64633 57 2061
64634 58 2925
64635 59 3457
64636 60 5385
64637 61 3942
64638 62 6240
64639 63 2117
64640 64 5858
64641 65 2616
64642 66 2651
64643 67 4723
64644 68 2428
64645 69 4456
64646 70 4024
64647 71 1967
64648 72 2639
64649 73 6026
64650 74 6522
64651 75 4602
64652 76 0
64653 77 4564
64654 78 2827
64655 79 6070
64656 80 1789
64657 81 1842
64658 82 3284
64659 83 3538
64660 84 5992
64661 85 4925
64662 86 6665
64663 87 2148
64664 88 2623
64665 89 4359
64666 90 5313
64667 91 4359
64668 92 4516
64669 93 0
64670 94 3352
64671 95 3875
64672 96 4119
64673 97 4375
64674 98 2146
64675 99 2590
64676 100 2624
64677 101 2265
64678 102 4943
64679 103 0
64680 104 2925
64681 105 2633
64682 106 5051
64683 107 3394
64684 108 1615
64685 109 3794
64686 110 6744
64687 111 2470
64688 112 3969
64689 113 4448
64690 114 2003
64691 115 7108
64692 116 3685
64693 117 2270
64694 118 6799
64695 119 3254
64696 120 2211
64697 121 7304
64698 122 4394
64699 123 2003
64700 124 8488
64701 125 2793
64702 126 1788
64703 127 2762
64704 128 5654
64705 129 5339
64706 130 2067
64707 131 2525
64708 132 2957
64709 133 3061
64710 134 2003
