2500
64577 1 5592
64578 2 2834
64579 3 4138
64580 4 1761
64581 5 3217
64582 6 1949
64583 7 2815
64584 8 4898
64585 9 1964
64586 10 4215
64587 11 3638
64588 12 2057
64589 13 2830
64590 14 2152
64591 15 2400
64592 16 6868
64593 17 1972
64594 18 3272
64595 19 1863
64596 20 1215
64597 21 3583
64598 22 5230
64599 23 2100
64600 24 5503
64601 25 3059
64602 26 2326
64603 27 4113
64604 28 2124
64605 29 2449
64606 30 1744
64607 31 2402
64608 32 3355
64609 33 5631
64610 34 2218
64611 35 3862
64612 36 5602
64613 37 2984
64614 38 3022
64615 39 3604
64616 40 2699
64617 41 8289
64618 42 1737
64619 43 2029
64620 44 5772
64621 45 1448
64622 46 3807
64623 47 3892
64624 48 2093
64625 49 5145
64626 50 1375
64627 51 4503
64628 52 3217
64629 53 0
64630 54 2764
64631 55 3601
64632 56 2729
64633 57 3189
64634 58 8686
64635 59 2003
64636 60 3305
64637 61 3567
64638 62 2195
64639 63 3274
64640 64 1245
64641 65 5897
64642 66 2094
64643 67 7375
64644 68 1830
64645 69 6804
64646 70 2003
64647 71 2692
64648 72 4861
64649 73 2728
64650 74 6125
64651 75 8558
64652 76 2201
64653 77 2808
64654 78 5014
64655 79 3759
64656 80 6372
64657 81 2176
64658 82 2642
64659 83 5009
64660 84 0
64661 85 2759
64662 86 5408
64663 87 2203
64664 88 2408
64665 89 5119
64666 90 4768
64667 91 2375
64668 92 5418
64669 93 2268
64670 94 3667
64671 95 4937
64672 96 5492
64673 97 3166
64674 98 2977
64675 99 3383
64676 100 1742
64677 101 3332
64678 102 5644
64679 103 2235
64680 104 2654
64681 105 3734
64682 106 5055
64683 107 4205
64684 108 5269
64685 109 7199
64686 110 1763
64687 111 1437
64688 112 3942
64689 113 3687
64690 114 4309
64691 115 3832
64692 116 0
64693 117 2732
64694 118 3573
64695 119 2401
64696 120 7612
64697 121 2166
64698 122 2689
64699 123 2288
64700 124 3846
64701 125 2681
64702 126 4882
64703 127 4789
64704 128 2242
64705 129 4304
64706 130 4304
64707 131 3436
64708 132 2218
64709 133 6250
64710 134 2132
64711 135 5597
64712 136 3596
64713 137 4465
64714 138 0
64715 139 2959
64716 140 1434
64717 141 3841
64718 142 0
64719 143 5208
64720 144 3679
64721 145 4221
64722 146 2003
64723 147 4767
64724 148 5263
64725 149 1633
64726 150 3722
64727 151 5878
64728 152 5521
64729 153 4408
64730 154 3298
64731 155 4343
64732 156 2305
64733 157 3010
64734 158 6701
64735 159 2618
64736 160 3330
64737 161 0
64738 162 3266
64739 163 2237
64740 164 7920
64741 165 5592
64742 166 2003
