2500
64577 1 1330
64578 2 2597
64579 3 1822
64580 4 5273
64581 5 2386
64582 6 6949
64583 7 2104
64584 8 2859
64585 9 2413
64586 10 5180
64587 11 2607
64588 12 2867
64589 13 5373
64590 14 1939
64591 15 4663
64592 16 3927
64593 17 4912
64594 18 2144
64595 19 3302
64596 20 2168
64597 21 5155
64598 22 2723
64599 23 2605
64600 24 6973
64601 25 2068
64602 26 5508
64603 27 1383
64604 28 3011
64605 29 2899
64606 30 2179
64607 31 6907
64608 32 2148
64609 33 1879
64610 34 4141
64611 35 3026
64612 36 2557
64613 37 2700
64614 38 2210
64615 39 7321
64616 40 2132
64617 41 3908
64618 42 3004
64619 43 3375
64620 44 3934
64621 45 4649
64622 46 5301
64623 47 4766
64624 48 2108
64625 49 2325
64626 50 3809
64627 51 1782
64628 52 4902
64629 53 2366
64630 54 6015
64631 55 5442
64632 56 3572
64633 57 2177
64634 58 3204
64635 59 4427
64636 60 3425
64637 61 3721
64638 62 1277
64639 63 4494
64640 64 2225
64641 65 5281
64642 66 5342
64643 67 6066
64644 68 1573
64645 69 3077
64646 70 2958
64647 71 3609
64648 72 2241
64649 73 2558
64650 74 2265
64651 75 1792
64652 76 4846
64653 77 4231
64654 78 3394
64655 79 5339
64656 80 2351
64657 81 1566
64658 82 2845
64659 83 2553
64660 84 3772
64661 85 2830
64662 86 3184
64663 87 1972
64664 88 4338
64665 89 6353
64666 90 2003
64667 91 2575
64668 92 3262
64669 93 1593
64670 94 3068
64671 95 3023
64672 96 4600
64673 97 3012
64674 98 3314
64675 99 2288
64676 100 3458
64677 101 2444
64678 102 2133
64679 103 4001
64680 104 6192
64681 105 6165
64682 106 2875
64683 107 5672
64684 108 2249
64685 109 2528
64686 110 7277
64687 111 2437
64688 112 3359
64689 113 2042
64690 114 3756
64691 115 7273
64692 116 2152
64693 117 3658
64694 118 2713
64695 119 2527
64696 120 2570
64697 121 0
64698 122 3718
64699 123 5803
64700 124 2623
64701 125 5289
64702 126 2137
64703 127 5725
64704 128 3897
64705 129 3829
64706 130 2725
64707 131 7351
64708 132 2173
64709 133 5842
64710 134 5512
64711 135 3447
64712 136 7071
64713 137 2164
64714 138 3342
64715 139 4770
64716 140 3510
64717 141 4514
64718 142 4516
64719 143 3960
64720 144 5746
64721 145 2254
64722 146 3871
64723 147 2367
64724 148 2515
64725 149 0
64726 150 2474
64727 151 2242
64728 152 3322
64729 153 3777
64730 154 4370
64731 155 2003
64732 156 2375
64733 157 5082
64734 158 2093
64735 159 2442
64736 160 3566
64737 161 3871
64738 162 0
64739 163 2642
64740 164 2837
64741 165 3349
64742 166 3657
64743 167 4720
64744 168 2003
