2500
64577 1 4431
64578 2 1565
64579 3 1898
64580 4 3624
64581 5 2123
64582 6 3909
64583 7 2019
64584 8 4074
64585 9 2222
64586 10 2937
64587 11 4130
64588 12 1416
64589 13 4938
64590 14 2189
64591 15 5285
64592 16 2708
64593 17 0
64594 18 2047
64595 19 2582
64596 20 2540
64597 21 5766
64598 22 2251
64599 23 3452
64600 24 4718
64601 25 2610
64602 26 2619
64603 27 4681
64604 28 2124
64605 29 3492
64606 30 2515
64607 31 5070
64608 32 3809
64609 33 7750
64610 34 2218
64611 35 2692
64612 36 4527
64613 37 3570
64614 38 5992
64615 39 2126
64616 40 6585
64617 41 2281
64618 42 1655
64619 43 2800
64620 44 3160
64621 45 2207
64622 46 3225
64623 47 2342
64624 48 2696
64625 49 1813
64626 50 6723
64627 51 1934
64628 52 2071
64629 53 2828
64630 54 2092
64631 55 5031
64632 56 2006
64633 57 4248
64634 58 8044
64635 59 2003
64636 60 2312
64637 61 4434
64638 62 4934
64639 63 3590
64640 64 3402
64641 65 3949
64642 66 6731
64643 67 2444
64644 68 7103
64645 69 2326
64646 70 3823
64647 71 4483
64648 72 7435
64649 73 2454
64650 74 5364
64651 75 4015
64652 76 6735
64653 77 2003
64654 78 5658
64655 79 2200
64656 80 4758
64657 81 6283
64658 82 2250
64659 83 1734
64660 84 2661
64661 85 5853
64662 86 2178
64663 87 5058
64664 88 6629
64665 89 2292
64666 90 6658
64667 91 5612
64668 92 2204
64669 93 4858
64670 94 7238
64671 95 1806
64672 96 1894
64673 97 4325
64674 98 3324
64675 99 3545
64676 100 2386
64677 101 1443
64678 102 2214
64679 103 2491
64680 104 3535
64681 105 2186
64682 106 2800
64683 107 4760
64684 108 5856
64685 109 3612
64686 110 2171
64687 111 5092
64688 112 5757
64689 113 3695
64690 114 2204
64691 115 3465
64692 116 4807
64693 117 7358
64694 118 2180
64695 119 4131
64696 120 2522
64697 121 1482
64698 122 4659
64699 123 6931
64700 124 2118
64701 125 2845
64702 126 6388
64703 127 2682
64704 128 2877
64705 129 5108
64706 130 3240
64707 131 2254
64708 132 3627
64709 133 3424
64710 134 2987
64711 135 6187
64712 136 2576
64713 137 7578
64714 138 2003
