2500
64577 1 5177
64578 2 3350
64579 3 1455
64580 4 2995
64581 5 1577
64582 6 8176
64583 7 2123
64584 8 6944
64585 9 6967
64586 10 1240
64587 11 1734
64588 12 5535
64589 13 3555
64590 14 4267
64591 15 0
64592 16 3287
64593 17 4980
64594 18 836
64595 19 4567
64596 20 6780
64597 21 2003
64598 22 2085
64599 23 6342
64600 24 1650
64601 25 4702
64602 26 4525
64603 27 2307
64604 28 5561
64605 29 2437
64606 30 5273
64607 31 4066
64608 32 6142
64609 33 4453
64610 34 4708
64611 35 6018
64612 36 1794
64613 37 3069
64614 38 5575
64615 39 4185
64616 40 2686
64617 41 4199
64618 42 6127
64619 43 2224
64620 44 6036
64621 45 2679
64622 46 3572
64623 47 7102
64624 48 0
64625 49 7242
64626 50 3515
64627 51 3306
64628 52 2183
64629 53 4875
64630 54 4569
64631 55 6858
64632 56 5076
64633 57 4873
64634 58 3966
64635 59 3458
64636 60 5938
64637 61 2875
64638 62 4843
64639 63 2226
64640 64 5094
64641 65 2393
64642 66 3234
64643 67 0
64644 68 2554
64645 69 3977
64646 70 2301
64647 71 4579
64648 72 4431
64649 73 2190
64650 74 7108
64651 75 5662
64652 76 3492
64653 77 2858
64654 78 7003
64655 79 2003
64656 80 6195
64657 81 2454
64658 82 4187
64659 83 1797
64660 84 2306
64661 85 3275
64662 86 2325
64663 87 3912
64664 88 2119
64665 89 1158
64666 90 5075
64667 91 4312
64668 92 4920
64669 93 3122
64670 94 7386
64671 95 2888
64672 96 7416
64673 97 2203
64674 98 4258
64675 99 4912
64676 100 2069
64677 101 4172
64678 102 7791
64679 103 2128
64680 104 2883
64681 105 2301
64682 106 4648
64683 107 2755
64684 108 1885
64685 109 3855
64686 110 6280
64687 111 2302
64688 112 3070
64689 113 2871
64690 114 4143
64691 115 5825
64692 116 4779
64693 117 7073
64694 118 1960
64695 119 1991
64696 120 4440
64697 121 2397
64698 122 2962
64699 123 4333
64700 124 0
64701 125 3794
64702 126 2088
64703 127 2642
64704 128 4987
64705 129 2374
64706 130 3422
64707 131 2631
64708 132 2386
64709 133 4835
64710 134 3173
64711 135 5205
64712 136 2658
64713 137 5516
64714 138 2176
64715 139 1220
64716 140 5229
64717 141 3878
64718 142 4834
64719 143 2343
64720 144 2767
64721 145 5674
64722 146 2294
64723 147 1901
64724 148 5930
64725 149 3016
64726 150 6773
64727 151 2322
64728 152 9176
64729 153 2003
