2500
64577 1 1201
64578 2 4614
64579 3 5141
64580 4 4066
64581 5 0
64582 6 1357
64583 7 1946
64584 8 2357
64585 9 5530
64586 10 2198
64587 11 1315
64588 12 4740
64589 13 4543
64590 14 0
64591 15 1988
64592 16 1549
64593 17 5579
64594 18 2212
64595 19 4504
64596 20 5516
64597 21 4142
64598 22 1981
64599 23 4098
64600 24 7350
64601 25 2264
64602 26 1422
64603 27 4425
64604 28 2508
64605 29 2697
64606 30 3922
64607 31 1646
64608 32 2999
64609 33 7815
64610 34 2245
64611 35 1480
64612 36 5091
64613 37 7559
64614 38 6508
64615 39 0
64616 40 2180
64617 41 1618
64618 42 5423
64619 43 2105
64620 44 1412
64621 45 4485
64622 46 4644
64623 47 3000
64624 48 1562
64625 49 2018
64626 50 9939
64627 51 2144
64628 52 1347
64629 53 2920
64630 54 3094
64631 55 7393
64632 56 3174
64633 57 0
64634 58 5110
64635 59 7611
64636 60 5701
64637 61 3924
64638 62 2292
64639 63 1439
64640 64 1396
64641 65 4954
64642 66 3975
64643 67 5432
64644 68 2003
64645 69 1824
64646 70 5502
64647 71 3243
64648 72 2909
64649 73 2360
64650 74 4115
64651 75 5845
64652 76 2251
64653 77 1358
64654 78 4951
64655 79 4507
64656 80 2893
64657 81 4985
64658 82 2200
64659 83 1238
64660 84 4479
64661 85 3716
64662 86 0
64663 87 3737
64664 88 4556
64665 89 1594
64666 90 7315
64667 91 2003
64668 92 1321
64669 93 2928
64670 94 2585
64671 95 2245
64672 96 2785
64673 97 0
64674 98 4853
64675 99 2607
64676 100 2779
64677 101 5762
64678 102 2212
64679 103 2675
64680 104 2375
64681 105 3757
64682 106 2248
64683 107 5003
64684 108 4472
64685 109 4080
64686 110 4923
64687 111 4058
64688 112 2175
64689 113 5120
64690 114 3301
64691 115 3769
64692 116 4580
64693 117 3639
64694 118 2986
64695 119 6454
64696 120 2040
64697 121 2287
64698 122 1511
64699 123 3217
64700 124 3445
64701 125 5385
64702 126 3508
64703 127 2208
64704 128 2362
64705 129 5809
64706 130 2161
64707 131 2525
64708 132 4026
64709 133 4146
64710 134 3941
64711 135 3249
64712 136 4512
64713 137 4058
64714 138 5919
64715 139 1500
64716 140 5273
64717 141 2205
64718 142 4375
64719 143 4065
64720 144 3062
64721 145 3056
64722 146 5129
64723 147 0
64724 148 4175
64725 149 4082
64726 150 3295
64727 151 3048
64728 152 4020
64729 153 2359
64730 154 2925
64731 155 3632
64732 156 5252
64733 157 3425
64734 158 4969
64735 159 2003
