2500
64577 1 4742
64578 2 2224
64579 3 3766
64580 4 2260
64581 5 1603
64582 6 3136
64583 7 6289
64584 8 2242
64585 9 3442
64586 10 2145
64587 11 2192
64588 12 2819
64589 13 1992
64590 14 4881
64591 15 1726
64592 16 2311
64593 17 1802
64594 18 2558
64595 19 3252
64596 20 4203
64597 21 2285
64598 22 4381
64599 23 4567
64600 24 4779
64601 25 2003
64602 26 1843
64603 27 2868
64604 28 5950
64605 29 2166
64606 30 3308
64607 31 4906
64608 32 4844
64609 33 2262
64610 34 1980
64611 35 2283
64612 36 4421
64613 37 2003
64614 38 3874
64615 39 3149
64616 40 5063
64617 41 1489
64618 42 3149
64619 43 2282
64620 44 4297
64621 45 2565
64622 46 5544
64623 47 1655
64624 48 3689
64625 49 2003
64626 50 797
64627 51 4407
64628 52 4605
64629 53 1528
64630 54 3199
64631 55 2202
64632 56 7074
64633 57 2460
64634 58 1230
64635 59 3043
64636 60 2183
64637 61 3325
64638 62 2892
64639 63 3098
64640 64 4107
64641 65 2139
64642 66 3267
64643 67 4363
64644 68 5799
64645 69 2218
64646 70 4536
64647 71 2990
64648 72 4759
64649 73 2003
64650 74 1476
64651 75 3429
64652 76 5328
64653 77 1306
64654 78 3842
64655 79 2132
64656 80 1386
64657 81 2257
64658 82 4103
64659 83 2275
64660 84 3397
64661 85 2039
64662 86 2534
64663 87 3656
64664 88 2208
64665 89 4122
64666 90 2511
64667 91 5443
64668 92 2399
64669 93 5133
64670 94 4365
64671 95 5975
64672 96 2313
64673 97 4275
64674 98 4505
64675 99 5458
64676 100 2124
64677 101 2777
64678 102 3865
64679 103 2275
64680 104 5086
64681 105 2130
64682 106 2764
64683 107 2277
64684 108 5794
64685 109 5007
64686 110 1752
64687 111 1944
64688 112 2166
64689 113 2527
64690 114 4555
64691 115 7496
64692 116 2797
64693 117 5975
64694 118 1742
64695 119 2681
64696 120 2385
64697 121 2500
64698 122 2550
64699 123 4741
64700 124 0
64701 125 2288
64702 126 5220
64703 127 2586
64704 128 4416
64705 129 2692
64706 130 4286
64707 131 5260
64708 132 0
64709 133 3475
64710 134 4324
64711 135 2365
64712 136 3627
64713 137 5186
64714 138 2183
64715 139 1233
64716 140 5625
64717 141 1612
64718 142 3716
64719 143 2379
64720 144 3208
64721 145 5178
64722 146 5625
64723 147 2068
64724 148 1152
64725 149 5158
64726 150 2275
64727 151 3344
64728 152 1761
64729 153 7456
64730 154 1650
64731 155 3335
64732 156 6409
64733 157 3278
64734 158 2364
64735 159 2625
64736 160 2826
64737 161 1876
64738 162 3682
64739 163 2527
64740 164 3105
64741 165 3509
64742 166 4792
64743 167 2003
