2500
64577 1 1996
64578 2 3758
64579 3 1359
64580 4 5166
64581 5 5717
64582 6 5641
64583 7 5953
64584 8 4123
64585 9 3931
64586 10 2003
64587 11 2225
64588 12 2505
64589 13 2311
64590 14 2082
64591 15 1970
64592 16 0
64593 17 2002
64594 18 4656
64595 19 2315
64596 20 3777
64597 21 0
64598 22 2608
64599 23 3980
64600 24 1461
64601 25 4232
64602 26 2271
64603 27 3355
64604 28 3226
64605 29 2039
64606 30 4978
64607 31 2211
64608 32 2343
64609 33 2689
64610 34 2516
64611 35 3821
64612 36 2175
64613 37 2640
64614 38 2533
64615 39 4643
64616 40 4223
64617 41 2224
64618 42 3427
64619 43 5471
64620 44 2211
64621 45 3588
64622 46 0
64623 47 2348
64624 48 3341
64625 49 1824
64626 50 2779
64627 51 2815
64628 52 2598
64629 53 2090
64630 54 5108
64631 55 2742
64632 56 2800
64633 57 2873
64634 58 5220
64635 59 2225
64636 60 3192
64637 61 1310
64638 62 1602
64639 63 7238
64640 64 2842
64641 65 1500
64642 66 5102
64643 67 5160
64644 68 4025
64645 69 3842
64646 70 2333
64647 71 4767
64648 72 4775
64649 73 3648
64650 74 5301
64651 75 5715
64652 76 1911
64653 77 4034
64654 78 5009
64655 79 3700
64656 80 4816
64657 81 7692
64658 82 2214
64659 83 3798
64660 84 0
64661 85 1991
64662 86 3189
64663 87 4061
64664 88 7480
64665 89 0
64666 90 2114
64667 91 3266
64668 92 2657
64669 93 1780
64670 94 4610
64671 95 2457
64672 96 5226
64673 97 2325
64674 98 2885
64675 99 3719
64676 100 1819
64677 101 4214
64678 102 5691
64679 103 0
64680 104 2481
64681 105 3780
64682 106 5683
64683 107 0
64684 108 2285
64685 109 3761
64686 110 2941
64687 111 3558
64688 112 2091
64689 113 4972
64690 114 3920
64691 115 2974
64692 116 2088
64693 117 5308
64694 118 4064
64695 119 7208
64696 120 2110
64697 121 4583
64698 122 2278
64699 123 4587
64700 124 2304
64701 125 3270
64702 126 2024
64703 127 1593
64704 128 1844
64705 129 3046
64706 130 2871
64707 131 2013
64708 132 6055
64709 133 3998
64710 134 2121
64711 135 5842
64712 136 3854
64713 137 2729
64714 138 2079
64715 139 2165
64716 140 3458
64717 141 4396
64718 142 3702
64719 143 4500
64720 144 2117
64721 145 2942
64722 146 3312
64723 147 5652
64724 148 2476
64725 149 1730
64726 150 3504
64727 151 2177
64728 152 2875
64729 153 4968
64730 154 3702
64731 155 3353
64732 156 2365
64733 157 1986
64734 158 4585
64735 159 4657
64736 160 5211
64737 161 2233
64738 162 2442
64739 163 2797
64740 164 4247
64741 165 6244
64742 166 2003
64743 167 4592
64744 168 2153
64745 169 7319
64746 170 4692
64747 171 2128
64748 172 4342
64749 173 2227
64750 174 4168
64751 175 5225
64752 176 2003
