2500
64577 1 4025
64578 2 3260
64579 3 6135
64580 4 6240
64581 5 5375
64582 6 2088
64583 7 2413
64584 8 3862
64585 9 1944
64586 10 3468
64587 11 2108
64588 12 2725
64589 13 3144
64590 14 4795
64591 15 5734
64592 16 2244
64593 17 3625
64594 18 1967
64595 19 3109
64596 20 3942
64597 21 2151
64598 22 3375
64599 23 2159
64600 24 2557
64601 25 6100
64602 26 2143
64603 27 3792
64604 28 4072
64605 29 3639
64606 30 4988
64607 31 2249
64608 32 5092
64609 33 2307
64610 34 3625
64611 35 2194
64612 36 3608
64613 37 2653
64614 38 2508
64615 39 2609
64616 40 0
64617 41 4099
64618 42 5794
64619 43 2777
64620 44 4056
64621 45 4658
64622 46 2259
64623 47 8075
64624 48 4140
64625 49 2187
64626 50 6418
64627 51 1645
64628 52 4040
64629 53 2135
64630 54 3954
64631 55 3514
64632 56 3394
64633 57 6067
64634 58 2303
64635 59 3276
64636 60 3199
64637 61 2421
64638 62 3941
64639 63 4507
64640 64 2243
64641 65 3362
64642 66 4342
64643 67 2281
64644 68 3301
64645 69 2418
64646 70 2642
64647 71 3266
64648 72 2747
64649 73 7950
64650 74 2337
64651 75 3424
64652 76 3017
64653 77 5253
64654 78 8267
64655 79 2186
64656 80 8942
64657 81 2592
64658 82 4471
64659 83 2161
64660 84 3858
64661 85 6160
64662 86 2287
64663 87 8145
64664 88 0
64665 89 2541
64666 90 0
64667 91 6342
64668 92 1252
64669 93 2003
64670 94 4736
64671 95 5193
64672 96 4392
64673 97 3869
64674 98 2110
64675 99 2342
64676 100 3086
64677 101 2865
64678 102 5225
64679 103 5108
64680 104 3435
64681 105 5424
64682 106 2089
64683 107 4275
64684 108 4808
64685 109 5173
64686 110 0
64687 111 2958
64688 112 2950
64689 113 5902
64690 114 2003
64691 115 3192
64692 116 4248
64693 117 2082
64694 118 4940
64695 119 1128
64696 120 2824
64697 121 5057
64698 122 2208
64699 123 4665
64700 124 3770
64701 125 0
64702 126 2510
64703 127 2495
64704 128 4633
64705 129 2205
64706 130 3412
64707 131 4205
64708 132 0
64709 133 2666
64710 134 3087
64711 135 3976
64712 136 2549
64713 137 3911
64714 138 6210
64715 139 2003
