2500
64577 1 3947
64578 2 4873
64579 3 5282
64580 4 2079
64581 5 5953
64582 6 5091
64583 7 4424
64584 8 5274
64585 9 2003
64586 10 5984
64587 11 2240
64588 12 3856
64589 13 0
64590 14 3512
64591 15 6602
64592 16 2595
64593 17 2353
64594 18 4148
64595 19 2168
64596 20 531
64597 21 4726
64598 22 3990
64599 23 2342
64600 24 2754
64601 25 4610
64602 26 4363
64603 27 4125
64604 28 5275
64605 29 5458
64606 30 2286
64607 31 3367
64608 32 3246
64609 33 2195
64610 34 4941
64611 35 5317
64612 36 2242
64613 37 4931
64614 38 3361
64615 39 4746
64616 40 3045
64617 41 5007
64618 42 2122
64619 43 4825
64620 44 5129
64621 45 3952
64622 46 4501
64623 47 3967
64624 48 2639
64625 49 3087
64626 50 2286
64627 51 4432
64628 52 2003
64629 53 5225
64630 54 2439
64631 55 3153
64632 56 3747
64633 57 4492
64634 58 2293
64635 59 3623
64636 60 4990
64637 61 3575
64638 62 2366
64639 63 3041
64640 64 3698
64641 65 2234
64642 66 3792
64643 67 4585
64644 68 3758
64645 69 3292
64646 70 2286
64647 71 6132
64648 72 2301
64649 73 4204
64650 74 3156
64651 75 4149
64652 76 4192
64653 77 2165
64654 78 3608
64655 79 4184
64656 80 5529
64657 81 3783
64658 82 3575
64659 83 2286
64660 84 3594
64661 85 2003
64662 86 4604
64663 87 2567
64664 88 3987
64665 89 3409
64666 90 4618
64667 91 4292
64668 92 1785
64669 93 2140
64670 94 4629
64671 95 4254
64672 96 2851
64673 97 5331
64674 98 1615
64675 99 2643
64676 100 3737
64677 101 5646
64678 102 2077
64679 103 3250
64680 104 3880
64681 105 4485
64682 106 3418
64683 107 2760
64684 108 4835
64685 109 2189
64686 110 3754
64687 111 3301
64688 112 4154
64689 113 4258
64690 114 2171
64691 115 3292
64692 116 3700
64693 117 7196
64694 118 3587
64695 119 2900
64696 120 2212
64697 121 3687
64698 122 1647
64699 123 5016
64700 124 3759
64701 125 5383
64702 126 2205
64703 127 4387
64704 128 4105
64705 129 2582
64706 130 3975
64707 131 4543
64708 132 1867
64709 133 2571
64710 134 2546
64711 135 4340
64712 136 4425
64713 137 2131
64714 138 3571
64715 139 3209
64716 140 3280
64717 141 2328
64718 142 3343
64719 143 1845
64720 144 1089
64721 145 5092
64722 146 3067
64723 147 2207
64724 148 6480
64725 149 2633
64726 150 2012
64727 151 5036
64728 152 4229
64729 153 1797
64730 154 2252
64731 155 5021
64732 156 5358
64733 157 4305
64734 158 3481
64735 159 7298
64736 160 7208
64737 161 2003
