2500
64577 1 1603
64578 2 1662
64579 3 2253
64580 4 3867
64581 5 3123
64582 6 4436
64583 7 2310
64584 8 7417
64585 9 4595
64586 10 2301
64587 11 5145
64588 12 2105
64589 13 5016
64590 14 4633
64591 15 1285
64592 16 3546
64593 17 3736
64594 18 4559
64595 19 3442
64596 20 8784
64597 21 2003
64598 22 3041
64599 23 4934
64600 24 3252
64601 25 1936
64602 26 5966
64603 27 4430
64604 28 2867
64605 29 4441
64606 30 7780
64607 31 0
64608 32 5775
64609 33 1706
64610 34 4793
64611 35 1456
64612 36 5474
64613 37 5393
64614 38 2312
64615 39 4227
64616 40 2063
64617 41 6151
64618 42 3839
64619 43 1737
64620 44 3676
64621 45 3378
64622 46 6108
64623 47 5000
64624 48 3718
64625 49 1541
64626 50 7479
64627 51 3008
64628 52 1417
64629 53 8536
64630 54 2241
64631 55 1850
64632 56 4703
64633 57 3912
64634 58 5154
64635 59 3042
64636 60 5319
64637 61 2225
64638 62 4055
64639 63 4525
64640 64 4862
64641 65 3851
64642 66 4149
64643 67 4375
64644 68 2498
64645 69 4158
64646 70 4142
64647 71 2064
64648 72 3279
64649 73 0
64650 74 4952
64651 75 4106
64652 76 0
64653 77 3371
64654 78 1981
64655 79 2648
64656 80 3767
64657 81 4659
64658 82 2253
64659 83 3445
64660 84 4119
64661 85 1466
64662 86 5134
64663 87 4692
64664 88 5902
64665 89 1581
64666 90 4377
64667 91 0
64668 92 4975
64669 93 3461
64670 94 2156
64671 95 5103
64672 96 5025
64673 97 5041
64674 98 2407
64675 99 3901
64676 100 0
64677 101 5525
64678 102 2439
64679 103 3615
64680 104 3354
64681 105 5708
64682 106 2003
64683 107 1467
64684 108 4461
64685 109 7261
64686 110 8834
64687 111 4454
64688 112 2654
64689 113 3275
64690 114 6556
64691 115 0
64692 116 3242
64693 117 4731
64694 118 3603
64695 119 3944
64696 120 2165
64697 121 2733
64698 122 1690
64699 123 3380
64700 124 3100
64701 125 2049
64702 126 4054
64703 127 4334
64704 128 3974
64705 129 0
64706 130 10108
64707 131 2800
64708 132 5549
64709 133 0
64710 134 2992
64711 135 2692
64712 136 6528
64713 137 2345
64714 138 1930
64715 139 2337
64716 140 4705
64717 141 1361
64718 142 2021
64719 143 9986
64720 144 1641
64721 145 4797
64722 146 5540
64723 147 2675
64724 148 0
64725 149 4175
64726 150 1365
64727 151 1688
64728 152 7558
64729 153 2258
64730 154 1902
64731 155 5424
64732 156 0
64733 157 3458
64734 158 2198
64735 159 4619
64736 160 3180
64737 161 3202
64738 162 2003
