2500
64577 1 4342
64578 2 1524
64579 3 3371
64580 4 4049
64581 5 3140
64582 6 0
64583 7 2215
64584 8 3611
64585 9 4919
64586 10 2203
64587 11 3970
64588 12 5752
64589 13 5064
64590 14 3696
64591 15 2155
64592 16 3921
64593 17 3173
64594 18 4080
64595 19 3975
64596 20 1770
64597 21 2111
64598 22 4436
64599 23 4863
64600 24 5165
64601 25 4314
64602 26 3607
64603 27 5465
64604 28 6735
64605 29 2100
64606 30 3192
64607 31 3595
64608 32 4780
64609 33 3352
64610 34 2991
64611 35 2061
64612 36 3659
64613 37 1546
64614 38 4658
64615 39 2354
64616 40 2850
64617 41 5683
64618 42 1840
64619 43 2663
64620 44 5271
64621 45 4135
64622 46 4507
64623 47 2421
64624 48 2824
64625 49 3215
64626 50 0
64627 51 5184
64628 52 4851
64629 53 2013
64630 54 3843
64631 55 2193
64632 56 3704
64633 57 0
64634 58 4565
64635 59 3908
64636 60 2205
64637 61 3702
64638 62 2044
64639 63 3375
64640 64 4412
64641 65 5203
64642 66 5271
64643 67 4939
64644 68 2069
64645 69 3558
64646 70 4723
64647 71 2375
64648 72 5467
64649 73 6309
64650 74 5649
64651 75 4808
64652 76 3872
64653 77 4192
64654 78 2186
64655 79 3642
64656 80 6486
64657 81 3655
64658 82 4488
64659 83 6491
64660 84 2205
64661 85 5435
64662 86 4147
64663 87 4092
64664 88 2128
64665 89 3608
64666 90 3949
64667 91 5393
64668 92 3628
64669 93 3548
64670 94 2308
64671 95 4309
64672 96 2003
64673 97 3392
64674 98 2727
64675 99 2543
64676 100 4543
64677 101 4697
64678 102 1392
64679 103 4053
64680 104 4515
64681 105 3977
64682 106 7136
64683 107 2685
64684 108 3677
64685 109 5734
64686 110 2156
64687 111 6928
64688 112 2621
64689 113 2362
64690 114 4902
64691 115 1489
64692 116 2389
64693 117 3961
64694 118 1688
64695 119 3855
64696 120 2218
64697 121 1507
64698 122 6512
64699 123 2808
64700 124 3977
64701 125 5848
64702 126 2192
64703 127 4851
64704 128 3774
64705 129 4892
64706 130 4255
64707 131 1992
64708 132 1866
64709 133 5607
64710 134 6068
64711 135 6125
64712 136 3445
64713 137 3158
64714 138 2003
64715 139 2028
64716 140 7311
64717 141 1818
64718 142 4495
64719 143 5175
64720 144 2007
64721 145 2630
64722 146 6036
64723 147 1555
64724 148 3386
64725 149 2360
64726 150 7048
64727 151 3972
64728 152 3518
64729 153 3741
64730 154 1710
64731 155 1546
64732 156 2639
64733 157 3781
64734 158 4633
64735 159 4550
64736 160 2003
