2500
64577 1 2742
64578 2 3189
64579 3 2654
64580 4 5027
64581 5 6862
64582 6 5766
64583 7 2145
64584 8 4042
64585 9 6644
64586 10 6914
64587 11 3511
64588 12 2382
64589 13 6731
64590 14 2125
64591 15 2858
64592 16 3567
64593 17 4301
64594 18 2593
64595 19 4093
64596 20 2352
64597 21 5925
64598 22 4937
64599 23 6775
64600 24 6951
64601 25 1925
64602 26 2223
64603 27 7523
64604 28 1697
64605 29 4686
64606 30 4508
64607 31 2219
64608 32 1777
64609 33 4489
64610 34 4825
64611 35 3506
64612 36 4179
64613 37 5270
64614 38 2003
64615 39 4939
64616 40 2277
64617 41 2117
64618 42 5602
64619 43 2213
64620 44 2967
64621 45 6028
64622 46 2188
64623 47 3388
64624 48 5299
64625 49 2003
64626 50 6228
64627 51 4792
64628 52 6195
64629 53 2211
64630 54 5458
64631 55 5458
64632 56 6333
64633 57 2003
64634 58 6175
64635 59 4389
64636 60 4642
64637 61 5566
64638 62 2016
64639 63 2209
64640 64 4147
64641 65 1606
64642 66 5754
64643 67 2003
64644 68 4942
64645 69 3956
64646 70 6337
64647 71 2642
64648 72 5525
64649 73 7790
64650 74 2212
64651 75 5642
64652 76 4859
64653 77 4878
64654 78 1946
64655 79 3166
64656 80 4876
64657 81 5792
64658 82 2933
64659 83 8118
64660 84 2003
64661 85 4642
64662 86 1836
64663 87 6008
64664 88 6358
64665 89 2197
64666 90 3597
64667 91 3759
64668 92 4158
64669 93 6220
64670 94 2202
64671 95 2985
64672 96 5854
64673 97 2206
64674 98 5735
64675 99 6850
64676 100 2224
64677 101 3958
64678 102 4656
64679 103 2136
64680 104 3894
64681 105 2512
64682 106 3278
64683 107 2239
64684 108 3906
64685 109 4201
64686 110 4969
64687 111 8122
64688 112 2289
64689 113 3057
64690 114 7032
64691 115 3692
64692 116 6604
64693 117 2201
64694 118 3597
64695 119 4095
64696 120 4216
64697 121 5520
64698 122 2003
