2500
64577 1 2798
64578 2 5194
64579 3 5524
64580 4 1984
64581 5 4317
64582 6 3797
64583 7 1386
64584 8 5022
64585 9 2198
64586 10 3510
64587 11 3258
64588 12 4038
64589 13 5402
64590 14 2136
64591 15 3579
64592 16 4430
64593 17 4052
64594 18 6342
64595 19 2132
64596 20 3441
64597 21 3432
64598 22 4203
64599 23 5476
64600 24 2230
64601 25 2175
64602 26 3824
64603 27 7010
64604 28 1686
64605 29 3078
64606 30 6958
64607 31 2003
64608 32 3366
64609 33 3681
64610 34 4109
64611 35 5344
64612 36 1629
64613 37 2540
64614 38 2132
64615 39 3774
64616 40 2575
64617 41 2131
64618 42 4308
64619 43 3064
64620 44 3412
64621 45 1893
64622 46 4209
64623 47 6558
64624 48 2194
64625 49 3655
64626 50 3775
64627 51 4696
64628 52 6415
64629 53 2003
64630 54 4864
64631 55 2174
64632 56 1653
64633 57 6551
64634 58 5575
64635 59 0
64636 60 2390
64637 61 2472
64638 62 2211
64639 63 1604
64640 64 3457
64641 65 2185
64642 66 3681
64643 67 3757
64644 68 4510
64645 69 5560
64646 70 2184
64647 71 5616
64648 72 2690
64649 73 2421
64650 74 6063
64651 75 2241
64652 76 3954
64653 77 3624
64654 78 4122
64655 79 5378
64656 80 2045
64657 81 5340
64658 82 4385
64659 83 5592
64660 84 1941
64661 85 6783
64662 86 1945
64663 87 4912
64664 88 2349
64665 89 4349
64666 90 7031
64667 91 6125
64668 92 5039
64669 93 0
64670 94 1481
64671 95 5348
64672 96 2019
64673 97 6112
64674 98 2157
64675 99 3414
64676 100 3808
64677 101 4110
64678 102 5408
64679 103 2118
64680 104 4461
64681 105 5438
64682 106 4712
64683 107 2399
64684 108 2532
64685 109 5825
64686 110 2583
64687 111 6996
64688 112 2264
64689 113 4262
64690 114 3805
64691 115 3356
64692 116 5484
64693 117 2209
64694 118 2633
64695 119 5659
64696 120 5638
64697 121 4967
64698 122 3910
64699 123 8047
64700 124 2211
64701 125 3831
64702 126 4023
64703 127 4903
64704 128 7031
64705 129 2278
64706 130 6271
64707 131 1807
64708 132 4262
64709 133 2336
64710 134 4085
64711 135 3733
64712 136 2175
64713 137 4322
64714 138 2289
64715 139 4415
64716 140 4078
64717 141 5107
64718 142 6508
64719 143 2003
64720 144 4288
64721 145 8066
64722 146 7322
64723 147 4629
64724 148 6215
64725 149 6508
64726 150 2003
