2500
64577 1 3441
64578 2 3775
64579 3 4148
64580 4 5277
64581 5 2246
64582 6 4243
64583 7 4354
64584 8 2843
64585 9 6056
64586 10 2212
64587 11 7629
64588 12 2043
64589 13 5597
64590 14 3587
64591 15 3242
64592 16 4000
64593 17 2886
64594 18 2226
64595 19 4330
64596 20 3628
64597 21 4458
64598 22 5287
64599 23 2096
64600 24 3692
64601 25 3715
64602 26 3476
64603 27 3303
64604 28 6196
64605 29 2185
64606 30 4517
64607 31 3718
64608 32 4214
64609 33 5107
64610 34 2267
64611 35 4019
64612 36 4586
64613 37 2228
64614 38 4430
64615 39 4034
64616 40 4243
64617 41 5310
64618 42 1908
64619 43 4182
64620 44 4630
64621 45 4810
64622 46 2158
64623 47 3666
64624 48 3891
64625 49 4039
64626 50 4529
64627 51 1955
64628 52 4234
64629 53 1520
64630 54 2797
64631 55 4486
64632 56 5076
64633 57 2128
64634 58 3419
64635 59 3671
64636 60 4264
64637 61 5392
64638 62 2287
64639 63 5155
64640 64 2433
64641 65 3412
64642 66 5343
64643 67 2150
64644 68 6080
64645 69 0
64646 70 3842
64647 71 5707
64648 72 2373
64649 73 2164
64650 74 3566
64651 75 3682
64652 76 4078
64653 77 6820
64654 78 2232
64655 79 4815
64656 80 5817
64657 81 5654
64658 82 1215
64659 83 6087
64660 84 3382
64661 85 4267
64662 86 2108
64663 87 3317
64664 88 2164
64665 89 3313
64666 90 3720
64667 91 3770
64668 92 5594
64669 93 1833
64670 94 4865
64671 95 6441
64672 96 6792
64673 97 2255
64674 98 3455
64675 99 3597
64676 100 4034
64677 101 5581
64678 102 2260
64679 103 2120
64680 104 4602
64681 105 6985
64682 106 2676
64683 107 6862
64684 108 2108
64685 109 3491
64686 110 3672
64687 111 4114
64688 112 8070
64689 113 2215
64690 114 3692
64691 115 6022
64692 116 5000
64693 117 2161
64694 118 3660
64695 119 3827
64696 120 4253
64697 121 5613
64698 122 2397
64699 123 8029
64700 124 2141
64701 125 3636
64702 126 4049
64703 127 4716
64704 128 8146
64705 129 1981
64706 130 4777
64707 131 4940
64708 132 7072
64709 133 2167
64710 134 3472
64711 135 3627
64712 136 3989
64713 137 4906
64714 138 2003
64715 139 4209
64716 140 4536
64717 141 4108
64718 142 5008
64719 143 2262
64720 144 3643
64721 145 3959
64722 146 4302
64723 147 5172
64724 148 2003
