2500
64577 1 4175
64578 2 5370
64579 3 5732
64580 4 2295
64581 5 4501
64582 6 4195
64583 7 4817
64584 8 7771
64585 9 2403
64586 10 3676
64587 11 8335
64588 12 1808
64589 13 6723
64590 14 2372
64591 15 3945
64592 16 4222
64593 17 5119
64594 18 8632
64595 19 2451
64596 20 1277
64597 21 6397
64598 22 3793
64599 23 4942
64600 24 2442
64601 25 3387
64602 26 2303
64603 27 3166
64604 28 3923
64605 29 4973
64606 30 8961
64607 31 2362
64608 32 8238
64609 33 2382
64610 34 3838
64611 35 4453
64612 36 6942
64613 37 6334
64614 38 2366
64615 39 3961
64616 40 4190
64617 41 5278
64618 42 7603
64619 43 2003
64620 44 4029
64621 45 3809
64622 46 3734
64623 47 2562
64624 48 4801
64625 49 8458
64626 50 2003
64627 51 2155
64628 52 4325
64629 53 5271
64630 54 2355
64631 55 3239
64632 56 4636
64633 57 5120
64634 58 2255
64635 59 5375
64636 60 4360
64637 61 1777
64638 62 2436
64639 63 4148
64640 64 5705
64641 65 2756
64642 66 2207
64643 67 4958
64644 68 4550
64645 69 2905
64646 70 2349
64647 71 4935
64648 72 3642
64649 73 4103
64650 74 2260
64651 75 4142
64652 76 4630
64653 77 3832
64654 78 2205
64655 79 6788
64656 80 7080
64657 81 1671
64658 82 5973
64659 83 6407
64660 84 2323
64661 85 7475
64662 86 7069
64663 87 1817
64664 88 5810
64665 89 6358
64666 90 2185
64667 91 6992
64668 92 7066
64669 93 2183
64670 94 4929
64671 95 7570
64672 96 2003
64673 97 1477
64674 98 4225
64675 99 4946
64676 100 2577
64677 101 2348
64678 102 2371
64679 103 6011
64680 104 2193
64681 105 4575
64682 106 2231
64683 107 5975
64684 108 2304
64685 109 2655
64686 110 4269
64687 111 7411
64688 112 2395
64689 113 6675
64690 114 4086
64691 115 7039
64692 116 2003
