2500
64577 1 4240
64578 2 4066
64579 3 3891
64580 4 5394
64581 5 1983
64582 6 4973
64583 7 5175
64584 8 4092
64585 9 2055
64586 10 3556
64587 11 2175
64588 12 1313
64589 13 6929
64590 14 3319
64591 15 2408
64592 16 5103
64593 17 2269
64594 18 5825
64595 19 2910
64596 20 6616
64597 21 2164
64598 22 3808
64599 23 2935
64600 24 2731
64601 25 6903
64602 26 2210
64603 27 3808
64604 28 3289
64605 29 1402
64606 30 5620
64607 31 4140
64608 32 6484
64609 33 2323
64610 34 3510
64611 35 1847
64612 36 3683
64613 37 5730
64614 38 2098
64615 39 1338
64616 40 6032
64617 41 2924
64618 42 2829
64619 43 2275
64620 44 3922
64621 45 1956
64622 46 1909
64623 47 3247
64624 48 3542
64625 49 3724
64626 50 2188
64627 51 5458
64628 52 4867
64629 53 1538
64630 54 4582
64631 55 4763
64632 56 2131
64633 57 1723
64634 58 3663
64635 59 4888
64636 60 2162
64637 61 4275
64638 62 5250
64639 63 2096
64640 64 3558
64641 65 5081
64642 66 2173
64643 67 3175
64644 68 5960
64645 69 2051
64646 70 4325
64647 71 4301
64648 72 2007
64649 73 1579
64650 74 5986
64651 75 2275
64652 76 5345
64653 77 2162
64654 78 4708
64655 79 5079
64656 80 1885
64657 81 2199
64658 82 6310
64659 83 4335
64660 84 2230
64661 85 6240
64662 86 4015
64663 87 2234
64664 88 3145
64665 89 3806
64666 90 1989
64667 91 6621
64668 92 4932
64669 93 2289
64670 94 2595
64671 95 3761
64672 96 5484
64673 97 2003
64674 98 3825
64675 99 2291
64676 100 6473
64677 101 2285
64678 102 7158
64679 103 5556
64680 104 1742
64681 105 4558
64682 106 5033
64683 107 2037
64684 108 1867
64685 109 5104
64686 110 5992
64687 111 2315
64688 112 4042
64689 113 2493
64690 114 6490
64691 115 2353
64692 116 1761
64693 117 4464
64694 118 2125
64695 119 6371
64696 120 1822
64697 121 2844
64698 122 4028
64699 123 2989
64700 124 3525
64701 125 6640
64702 126 2308
64703 127 6142
64704 128 5934
64705 129 2401
64706 130 4620
64707 131 5485
64708 132 2237
64709 133 3708
64710 134 5185
64711 135 2809
64712 136 3614
64713 137 3175
64714 138 2988
64715 139 5308
64716 140 2675
64717 141 6892
64718 142 2438
64719 143 6322
64720 144 5892
64721 145 2224
64722 146 2313
64723 147 1911
64724 148 5840
64725 149 6892
64726 150 2271
64727 151 7853
64728 152 2442
64729 153 4679
64730 154 2496
64731 155 4529
64732 156 2003
