2500
64577 1 1405
64578 2 3057
64579 3 2409
64580 4 5930
64581 5 6905
64582 6 1999
64583 7 4707
64584 8 2260
64585 9 3171
64586 10 2287
64587 11 3196
64588 12 2003
64589 13 4552
64590 14 3157
64591 15 5096
64592 16 2215
64593 17 5349
64594 18 3467
64595 19 2121
64596 20 4996
64597 21 2267
64598 22 5768
64599 23 3972
64600 24 4278
64601 25 2288
64602 26 2923
64603 27 3361
64604 28 2670
64605 29 4135
64606 30 2233
64607 31 2882
64608 32 6047
64609 33 4099
64610 34 6560
64611 35 2176
64612 36 5364
64613 37 1518
64614 38 4850
64615 39 2267
64616 40 4007
64617 41 6837
64618 42 1581
64619 43 3434
64620 44 6520
64621 45 2251
64622 46 3106
64623 47 4085
64624 48 4081
64625 49 5287
64626 50 2242
64627 51 2496
64628 52 7106
64629 53 2003
64630 54 2449
64631 55 1987
64632 56 3905
64633 57 5295
64634 58 7342
64635 59 1785
64636 60 1706
64637 61 1613
64638 62 6131
64639 63 2196
64640 64 4042
64641 65 4766
64642 66 5337
64643 67 4910
64644 68 3549
64645 69 6178
64646 70 2313
64647 71 5121
64648 72 1484
64649 73 4857
64650 74 2305
64651 75 3881
64652 76 6697
64653 77 1434
64654 78 2732
64655 79 8291
64656 80 2220
64657 81 1364
64658 82 3834
64659 83 6004
64660 84 5448
64661 85 5086
64662 86 8374
64663 87 1911
64664 88 2478
64665 89 8535
64666 90 2254
64667 91 2168
64668 92 2976
64669 93 7489
64670 94 2125
64671 95 5226
64672 96 3591
64673 97 4010
64674 98 5172
64675 99 2150
64676 100 3806
64677 101 5336
64678 102 2342
64679 103 4953
64680 104 1582
64681 105 2845
64682 106 7050
64683 107 2219
64684 108 1462
64685 109 3630
64686 110 5057
64687 111 3921
64688 112 3523
64689 113 8207
64690 114 2158
64691 115 5744
64692 116 3400
64693 117 2944
64694 118 4473
64695 119 2161
64696 120 4383
64697 121 5533
64698 122 6658
64699 123 1417
64700 124 2935
64701 125 7792
64702 126 2256
64703 127 2656
64704 128 5775
64705 129 4522
64706 130 4775
64707 131 6919
64708 132 2298
64709 133 4922
64710 134 4149
64711 135 3473
64712 136 5900
64713 137 2241
64714 138 1483
64715 139 2822
64716 140 4685
64717 141 5494
64718 142 6522
64719 143 2271
64720 144 4192
64721 145 4853
64722 146 1481
64723 147 6965
64724 148 5150
64725 149 2003
