2500
64577 1 3004
64578 2 4290
64579 3 4421
64580 4 2293
64581 5 946
64582 6 5119
64583 7 7485
64584 8 2042
64585 9 1638
64586 10 5297
64587 11 2407
64588 12 8697
64589 13 2133
64590 14 4167
64591 15 2289
64592 16 2835
64593 17 6593
64594 18 2216
64595 19 5129
64596 20 5332
64597 21 3252
64598 22 6568
64599 23 2251
64600 24 6225
64601 25 4596
64602 26 3040
64603 27 6135
64604 28 2267
64605 29 4606
64606 30 2105
64607 31 4231
64608 32 5895
64609 33 2208
64610 34 3575
64611 35 5085
64612 36 5810
64613 37 2199
64614 38 4142
64615 39 3773
64616 40 3503
64617 41 3816
64618 42 4242
64619 43 1769
64620 44 6230
64621 45 2210
64622 46 3438
64623 47 1580
64624 48 4098
64625 49 3054
64626 50 5206
64627 51 2308
64628 52 6343
64629 53 1499
64630 54 4074
64631 55 6139
64632 56 2161
64633 57 2520
64634 58 1505
64635 59 3294
64636 60 2377
64637 61 6568
64638 62 2222
64639 63 3838
64640 64 5392
64641 65 4825
64642 66 4030
64643 67 2248
64644 68 2642
64645 69 1535
64646 70 3438
64647 71 2587
64648 72 6175
64649 73 5527
64650 74 2296
64651 75 4125
64652 76 2088
64653 77 2353
64654 78 5666
64655 79 5054
64656 80 2252
64657 81 2825
64658 82 1452
64659 83 3440
64660 84 2221
64661 85 6921
64662 86 6283
64663 87 2255
64664 88 3238
64665 89 2197
64666 90 4623
64667 91 2170
64668 92 6175
64669 93 5433
64670 94 1866
64671 95 2267
64672 96 3067
64673 97 2297
64674 98 2728
64675 99 4992
64676 100 2319
64677 101 4450
64678 102 4091
64679 103 2966
64680 104 6020
64681 105 2003
64682 106 3447
64683 107 2246
64684 108 1389
64685 109 1745
64686 110 6237
64687 111 5658
64688 112 0
64689 113 2392
64690 114 3330
64691 115 4638
64692 116 2189
64693 117 2176
64694 118 3073
64695 119 6471
64696 120 5908
64697 121 0
64698 122 3478
64699 123 5308
64700 124 0
64701 125 2808
64702 126 1826
64703 127 2507
64704 128 3627
64705 129 2874
64706 130 2204
64707 131 2326
64708 132 4490
64709 133 5692
64710 134 5992
64711 135 6325
64712 136 0
64713 137 2708
64714 138 3568
64715 139 3832
64716 140 4183
64717 141 2003
