2500
64577 1 1650
64578 2 3848
64579 3 2967
64580 4 6602
64581 5 6308
64582 6 1882
64583 7 4125
64584 8 3554
64585 9 2109
64586 10 5570
64587 11 2252
64588 12 5545
64589 13 0
64590 14 3224
64591 15 1462
64592 16 2801
64593 17 1606
64594 18 5474
64595 19 2392
64596 20 3621
64597 21 3084
64598 22 2175
64599 23 3055
64600 24 2078
64601 25 4846
64602 26 2208
64603 27 3415
64604 28 2972
64605 29 0
64606 30 2775
64607 31 3835
64608 32 2411
64609 33 697
64610 34 4352
64611 35 0
64612 36 3492
64613 37 2781
64614 38 5164
64615 39 4721
64616 40 2173
64617 41 2007
64618 42 3043
64619 43 6460
64620 44 6108
64621 45 0
64622 46 2958
64623 47 2870
64624 48 3481
64625 49 5433
64626 50 1988
64627 51 3181
64628 52 3268
64629 53 1613
64630 54 4231
64631 55 4042
64632 56 4288
64633 57 1522
64634 58 3418
64635 59 0
64636 60 2792
64637 61 3548
64638 62 4617
64639 63 7285
64640 64 2130
64641 65 4529
64642 66 3501
64643 67 6508
64644 68 5342
64645 69 3370
64646 70 6390
64647 71 7985
64648 72 2884
64649 73 0
64650 74 4492
64651 75 4152
64652 76 3882
64653 77 4708
64654 78 2757
64655 79 1636
64656 80 4098
64657 81 2003
64658 82 2375
64659 83 2397
64660 84 1614
64661 85 4917
64662 86 3644
64663 87 6375
64664 88 4892
64665 89 5328
64666 90 4252
64667 91 2742
64668 92 3046
64669 93 5775
64670 94 2302
64671 95 5732
64672 96 5408
64673 97 2174
64674 98 1572
64675 99 3704
64676 100 2995
64677 101 2262
64678 102 4237
64679 103 4071
64680 104 3842
64681 105 6721
64682 106 2242
64683 107 6355
64684 108 2631
64685 109 4180
64686 110 0
64687 111 2625
64688 112 2635
64689 113 3407
64690 114 4864
64691 115 3752
64692 116 2223
64693 117 2608
64694 118 2409
64695 119 2235
64696 120 4177
64697 121 1804
64698 122 4588
64699 123 2714
64700 124 2992
64701 125 4370
64702 126 7023
64703 127 6192
64704 128 0
64705 129 1395
64706 130 5018
64707 131 3989
64708 132 2399
64709 133 3160
64710 134 2197
64711 135 2642
64712 136 4623
64713 137 4325
64714 138 0
64715 139 4885
64716 140 4441
64717 141 3944
64718 142 2420
64719 143 4154
64720 144 4383
64721 145 2637
64722 146 2803
64723 147 4975
64724 148 0
64725 149 3425
64726 150 3242
64727 151 2898
64728 152 5519
64729 153 0
64730 154 3358
64731 155 2774
64732 156 7203
64733 157 5197
64734 158 2160
64735 159 2165
64736 160 1054
64737 161 3712
64738 162 4659
64739 163 3015
64740 164 4033
64741 165 4655
64742 166 7194
64743 167 2307
64744 168 3075
64745 169 1512
64746 170 3279
64747 171 2003
