2500
64577 1 2761
64578 2 3068
64579 3 7440
64580 4 8192
64581 5 4447
64582 6 4755
64583 7 2868
64584 8 5407
64585 9 7258
64586 10 0
64587 11 5180
64588 12 3582
64589 13 4252
64590 14 3860
64591 15 2142
64592 16 3683
64593 17 4410
64594 18 4556
64595 19 2613
64596 20 0
64597 21 3049
64598 22 1572
64599 23 2912
64600 24 4961
64601 25 2212
64602 26 2391
64603 27 3983
64604 28 7683
64605 29 7408
64606 30 4194
64607 31 4464
64608 32 5383
64609 33 5155
64610 34 2191
64611 35 3202
64612 36 2973
64613 37 5518
64614 38 6101
64615 39 6556
64616 40 2722
64617 41 0
64618 42 5074
64619 43 3676
64620 44 3966
64621 45 2043
64622 46 2936
64623 47 4414
64624 48 2387
64625 49 4820
64626 50 5758
64627 51 2097
64628 52 2807
64629 53 5598
64630 54 2001
64631 55 6604
64632 56 1959
64633 57 3016
64634 58 4130
64635 59 0
64636 60 2929
64637 61 1954
64638 62 5392
64639 63 4202
64640 64 5368
64641 65 7042
64642 66 6342
64643 67 5408
64644 68 5121
64645 69 2998
64646 70 2916
64647 71 2328
64648 72 2846
64649 73 4458
64650 74 3269
64651 75 5725
64652 76 2139
64653 77 3972
64654 78 1572
64655 79 3705
64656 80 3649
64657 81 4504
64658 82 2342
64659 83 2466
64660 84 4760
64661 85 5056
64662 86 0
64663 87 7626
64664 88 3329
64665 89 0
64666 90 2904
64667 91 5859
64668 92 0
64669 93 4392
64670 94 6505
64671 95 2189
64672 96 1215
64673 97 2233
64674 98 3192
64675 99 6391
64676 100 5216
64677 101 2094
64678 102 5377
64679 103 5306
64680 104 6184
64681 105 3003
64682 106 2708
64683 107 2944
64684 108 2552
64685 109 3640
64686 110 2558
64687 111 4762
64688 112 4876
64689 113 2989
64690 114 5138
64691 115 2033
64692 116 2660
64693 117 3692
64694 118 3570
64695 119 4343
64696 120 5051
64697 121 5409
64698 122 0
64699 123 4175
64700 124 3857
64701 125 5238
64702 126 2054
64703 127 4249
64704 128 1780
64705 129 2493
64706 130 2492
64707 131 5162
64708 132 2722
64709 133 4035
64710 134 0
64711 135 2045
64712 136 2933
64713 137 2198
64714 138 5000
64715 139 4119
64716 140 5081
64717 141 1692
64718 142 2147
64719 143 8445
64720 144 9858
64721 145 5708
64722 146 2764
64723 147 3599
64724 148 4245
64725 149 6100
64726 150 3138
64727 151 4258
64728 152 1997
64729 153 4865
64730 154 2003
