2500
64577 1 2734
64578 2 2760
64579 3 5131
64580 4 3901
64581 5 1549
64582 6 4865
64583 7 2201
64584 8 2893
64585 9 5502
64586 10 2758
64587 11 4935
64588 12 2489
64589 13 3743
64590 14 2536
64591 15 1296
64592 16 1943
64593 17 4004
64594 18 5792
64595 19 3368
64596 20 5180
64597 21 0
64598 22 6508
64599 23 2458
64600 24 5459
64601 25 0
64602 26 3592
64603 27 4973
64604 28 6270
64605 29 2264
64606 30 1775
64607 31 1577
64608 32 4309
64609 33 6366
64610 34 2568
64611 35 6661
64612 36 5959
64613 37 2982
64614 38 5092
64615 39 5596
64616 40 4786
64617 41 0
64618 42 3408
64619 43 4715
64620 44 4615
64621 45 2214
64622 46 2085
64623 47 4868
64624 48 2679
64625 49 6508
64626 50 0
64627 51 2720
64628 52 3200
64629 53 2562
64630 54 2480
64631 55 1379
64632 56 3688
64633 57 8862
64634 58 2322
64635 59 952
64636 60 2129
64637 61 2646
64638 62 6018
64639 63 3502
64640 64 4125
64641 65 3325
64642 66 5626
64643 67 3792
64644 68 4914
64645 69 2323
64646 70 6765
64647 71 2382
64648 72 4247
64649 73 5417
64650 74 2569
64651 75 3895
64652 76 0
64653 77 3008
64654 78 4518
64655 79 4122
64656 80 2081
64657 81 2040
64658 82 3907
64659 83 4833
64660 84 4997
64661 85 2645
64662 86 2808
64663 87 4574
64664 88 2295
64665 89 1386
64666 90 1634
64667 91 4225
64668 92 4903
64669 93 4773
64670 94 2574
64671 95 0
64672 96 3551
64673 97 2709
64674 98 5576
64675 99 5605
64676 100 2003
64677 101 3088
64678 102 6238
64679 103 3574
64680 104 2607
64681 105 2678
64682 106 5989
64683 107 2624
64684 108 3158
64685 109 2414
64686 110 1921
64687 111 4995
64688 112 4008
64689 113 3771
64690 114 6039
64691 115 0
64692 116 3392
64693 117 6640
64694 118 3970
64695 119 3492
64696 120 5268
64697 121 2647
64698 122 6092
64699 123 2522
64700 124 6796
64701 125 5970
64702 126 2320
64703 127 6635
64704 128 3551
64705 129 5213
64706 130 4246
64707 131 5392
64708 132 3251
64709 133 4659
64710 134 7242
64711 135 3230
64712 136 0
64713 137 3723
64714 138 3953
64715 139 3659
64716 140 5532
64717 141 6882
64718 142 3354
64719 143 5434
64720 144 3620
64721 145 0
64722 146 2396
64723 147 4163
64724 148 2117
64725 149 2351
64726 150 3090
64727 151 0
64728 152 3697
64729 153 1975
64730 154 2286
64731 155 3130
64732 156 2649
64733 157 0
64734 158 1990
64735 159 2765
64736 160 4387
64737 161 2066
64738 162 3537
64739 163 3399
64740 164 5360
64741 165 2003
