2500
64577 1 4625
64578 2 4142
64579 3 3248
64580 4 5542
64581 5 4417
64582 6 1910
64583 7 7949
64584 8 0
64585 9 6975
64586 10 3033
64587 11 3819
64588 12 2885
64589 13 5422
64590 14 6142
64591 15 0
64592 16 5425
64593 17 4897
64594 18 7358
64595 19 5572
64596 20 5033
64597 21 6749
64598 22 6146
64599 23 2353
64600 24 5039
64601 25 3313
64602 26 4983
64603 27 4449
64604 28 3065
64605 29 3908
64606 30 4842
64607 31 6025
64608 32 4102
64609 33 6008
64610 34 1551
64611 35 4964
64612 36 5742
64613 37 0
64614 38 4218
64615 39 3758
64616 40 3839
64617 41 5371
64618 42 4290
64619 43 2482
64620 44 4958
64621 45 4075
64622 46 5339
64623 47 2195
64624 48 3886
64625 49 5227
64626 50 0
64627 51 2758
64628 52 5538
64629 53 4611
64630 54 4211
64631 55 4992
64632 56 2333
64633 57 2919
64634 58 6392
64635 59 0
64636 60 2792
64637 61 5665
64638 62 4526
64639 63 2627
64640 64 3579
64641 65 6231
64642 66 2003
64643 67 4826
64644 68 2575
64645 69 5397
64646 70 2308
64647 71 3987
64648 72 4608
64649 73 4584
64650 74 5388
64651 75 4993
64652 76 6642
64653 77 4374
64654 78 4607
64655 79 4841
64656 80 3616
64657 81 6442
64658 82 0
64659 83 3634
64660 84 4380
64661 85 2878
64662 86 4611
64663 87 2386
64664 88 4196
64665 89 0
64666 90 3775
64667 91 1819
64668 92 5400
64669 93 5155
64670 94 2441
64671 95 1559
64672 96 4501
64673 97 2549
64674 98 6224
64675 99 1465
64676 100 5604
64677 101 2675
64678 102 1913
64679 103 8425
64680 104 2411
64681 105 1234
64682 106 4105
64683 107 2091
64684 108 3139
64685 109 2062
64686 110 4835
64687 111 0
64688 112 2473
64689 113 4864
64690 114 2423
64691 115 3104
64692 116 5577
64693 117 2315
64694 118 7906
64695 119 4557
64696 120 2599
64697 121 1670
64698 122 7267
64699 123 2708
64700 124 6197
64701 125 3077
64702 126 7594
64703 127 0
64704 128 3108
64705 129 1427
64706 130 2983
64707 131 3204
64708 132 5915
64709 133 5412
64710 134 2211
64711 135 4386
64712 136 7575
64713 137 5758
64714 138 5177
64715 139 6110
64716 140 0
64717 141 3558
64718 142 3999
64719 143 2633
64720 144 2923
64721 145 2243
64722 146 4262
64723 147 5986
64724 148 2003
