2500
64577 1 2895
64578 2 4890
64579 3 4723
64580 4 7111
64581 5 5308
64582 6 5129
64583 7 8500
64584 8 8142
64585 9 4741
64586 10 5483
64587 11 6654
64588 12 0
64589 13 5192
64590 14 5383
64591 15 3095
64592 16 3599
64593 17 4973
64594 18 4992
64595 19 4909
64596 20 5092
64597 21 2892
64598 22 2163
64599 23 5322
64600 24 5192
64601 25 5015
64602 26 0
64603 27 2310
64604 28 2796
64605 29 2862
64606 30 4117
64607 31 2122
64608 32 3975
64609 33 5366
64610 34 3864
64611 35 6775
64612 36 5342
64613 37 2016
64614 38 6454
64615 39 5423
64616 40 8792
64617 41 0
64618 42 5538
64619 43 5124
64620 44 0
64621 45 7092
64622 46 4695
64623 47 8762
64624 48 2355
64625 49 2442
64626 50 5043
64627 51 2510
64628 52 6089
64629 53 5372
64630 54 5342
64631 55 5511
64632 56 2589
64633 57 3784
64634 58 5442
64635 59 6001
64636 60 0
64637 61 4992
64638 62 1968
64639 63 4119
64640 64 5360
64641 65 5495
64642 66 4956
64643 67 7642
64644 68 0
64645 69 9175
64646 70 7468
64647 71 1543
64648 72 7731
64649 73 4955
64650 74 2764
64651 75 5097
64652 76 6579
64653 77 2739
64654 78 2054
64655 79 4632
64656 80 3016
64657 81 5647
64658 82 0
64659 83 4980
64660 84 4182
64661 85 4813
64662 86 4737
64663 87 4689
64664 88 0
64665 89 4242
64666 90 4765
64667 91 6468
64668 92 2143
64669 93 4447
64670 94 5395
64671 95 4685
64672 96 4005
64673 97 2574
64674 98 5025
64675 99 5834
64676 100 3917
64677 101 5277
64678 102 2561
64679 103 5750
64680 104 4742
64681 105 2889
64682 106 2699
64683 107 5742
64684 108 2997
64685 109 4708
64686 110 3025
64687 111 0
64688 112 3825
64689 113 4941
64690 114 4862
64691 115 2133
64692 116 3234
64693 117 3459
64694 118 3044
64695 119 8386
64696 120 2010
64697 121 6949
64698 122 2563
64699 123 3626
64700 124 2237
64701 125 4155
64702 126 2954
64703 127 2792
64704 128 5621
64705 129 2858
64706 130 2717
64707 131 4858
64708 132 2360
64709 133 4095
64710 134 0
64711 135 3825
64712 136 1784
64713 137 4827
64714 138 4392
64715 139 2003
