2500
64577 1 1899
64578 2 3836
64579 3 2758
64580 4 2558
64581 5 2808
64582 6 5486
64583 7 2034
64584 8 5478
64585 9 6742
64586 10 2385
64587 11 2737
64588 12 3625
64589 13 4461
64590 14 6058
64591 15 0
64592 16 2168
64593 17 3047
64594 18 4466
64595 19 4289
64596 20 1977
64597 21 3395
64598 22 5692
64599 23 3950
64600 24 2420
64601 25 6484
64602 26 1670
64603 27 2683
64604 28 7011
64605 29 0
64606 30 2516
64607 31 6735
64608 32 2250
64609 33 2994
64610 34 5802
64611 35 0
64612 36 4875
64613 37 5797
64614 38 6987
64615 39 2507
64616 40 4783
64617 41 5008
64618 42 0
64619 43 2692
64620 44 2750
64621 45 3243
64622 46 4575
64623 47 2214
64624 48 4458
64625 49 6097
64626 50 2415
64627 51 5942
64628 52 1968
64629 53 5153
64630 54 2457
64631 55 3450
64632 56 5564
64633 57 4147
64634 58 2552
64635 59 3098
64636 60 1942
64637 61 5653
64638 62 0
64639 63 3723
64640 64 6227
64641 65 2763
64642 66 0
64643 67 3275
64644 68 2966
64645 69 5570
64646 70 4679
64647 71 2348
64648 72 2760
64649 73 1208
64650 74 3295
64651 75 5204
64652 76 4880
64653 77 6599
64654 78 2414
64655 79 2987
64656 80 1974
64657 81 5868
64658 82 0
64659 83 2681
64660 84 1450
64661 85 5470
64662 86 5216
64663 87 4099
64664 88 6308
64665 89 0
64666 90 2886
64667 91 5366
64668 92 3628
64669 93 6775
64670 94 0
64671 95 5708
64672 96 5723
64673 97 2644
64674 98 0
64675 99 7758
64676 100 4857
64677 101 3282
64678 102 1853
64679 103 2106
64680 104 4004
64681 105 5256
64682 106 2942
64683 107 6742
64684 108 3276
64685 109 2174
64686 110 3701
64687 111 5595
64688 112 2678
64689 113 4804
64690 114 0
64691 115 3542
64692 116 4402
64693 117 4639
64694 118 4367
64695 119 0
64696 120 7008
64697 121 4349
64698 122 4150
64699 123 2030
64700 124 2577
64701 125 5323
64702 126 2870
64703 127 4586
64704 128 6211
64705 129 2525
64706 130 4493
64707 131 0
64708 132 5722
64709 133 2867
64710 134 5025
64711 135 0
64712 136 3775
64713 137 1792
64714 138 2521
64715 139 3536
64716 140 5063
64717 141 2003
