2500
64577 1 3619
64578 2 3856
64579 3 4081
64580 4 2171
64581 5 4788
64582 6 5187
64583 7 4816
64584 8 2559
64585 9 3545
64586 10 4541
64587 11 4927
64588 12 0
64589 13 2875
64590 14 2653
64591 15 2335
64592 16 4525
64593 17 0
64594 18 2592
64595 19 1176
64596 20 4080
64597 21 2399
64598 22 2751
64599 23 4292
64600 24 4565
64601 25 2122
64602 26 6367
64603 27 1988
64604 28 5117
64605 29 2679
64606 30 3365
64607 31 4840
64608 32 5961
64609 33 0
64610 34 1845
64611 35 1190
64612 36 3915
64613 37 3675
64614 38 2651
64615 39 4174
64616 40 5007
64617 41 5769
64618 42 4092
64619 43 4842
64620 44 6058
64621 45 2604
64622 46 6525
64623 47 0
64624 48 3525
64625 49 4006
64626 50 2577
64627 51 5791
64628 52 2141
64629 53 1065
64630 54 1985
64631 55 1462
64632 56 2610
64633 57 4124
64634 58 3168
64635 59 2747
64636 60 4808
64637 61 2684
64638 62 3843
64639 63 1490
64640 64 1763
64641 65 3196
64642 66 2125
64643 67 3708
64644 68 5508
64645 69 2069
64646 70 4853
64647 71 2575
64648 72 5314
64649 73 2189
64650 74 2542
64651 75 2539
64652 76 3080
64653 77 3831
64654 78 4574
64655 79 0
64656 80 4127
64657 81 3368
64658 82 889
64659 83 3873
64660 84 5668
64661 85 2000
64662 86 5082
64663 87 5142
64664 88 3488
64665 89 4867
64666 90 2476
64667 91 4156
64668 92 2558
64669 93 3753
64670 94 4414
64671 95 4183
64672 96 2188
64673 97 1769
64674 98 2969
64675 99 4253
64676 100 5692
64677 101 2742
64678 102 5916
64679 103 2083
64680 104 2623
64681 105 3280
64682 106 0
64683 107 4777
64684 108 4600
64685 109 3314
64686 110 0
64687 111 1721
64688 112 3133
64689 113 6411
64690 114 2010
64691 115 2890
64692 116 6643
64693 117 2845
64694 118 4548
64695 119 6468
64696 120 1562
64697 121 2811
64698 122 5794
64699 123 2641
64700 124 7892
64701 125 4050
64702 126 2187
64703 127 3150
64704 128 0
64705 129 1993
64706 130 3410
64707 131 1571
64708 132 6615
64709 133 2001
64710 134 6693
64711 135 4646
64712 136 6371
64713 137 5667
64714 138 2297
64715 139 2574
64716 140 0
64717 141 4470
64718 142 3632
64719 143 6027
64720 144 0
64721 145 1789
64722 146 2113
64723 147 3688
64724 148 6453
64725 149 1550
64726 150 6554
64727 151 1822
64728 152 1992
64729 153 3693
64730 154 4901
64731 155 2617
64732 156 5758
64733 157 4098
64734 158 1376
64735 159 4876
64736 160 1529
64737 161 4027
64738 162 2684
64739 163 5567
64740 164 1925
64741 165 5175
64742 166 0
64743 167 4006
64744 168 3149
64745 169 3211
64746 170 5545
64747 171 2003
