2500
64577 1 1400
64578 2 3025
64579 3 2820
64580 4 7121
64581 5 3703
64582 6 4642
64583 7 4233
64584 8 5616
64585 9 2149
64586 10 4097
64587 11 2893
64588 12 6308
64589 13 2042
64590 14 5421
64591 15 5744
64592 16 1650
64593 17 6367
64594 18 1720
64595 19 6928
64596 20 1252
64597 21 8181
64598 22 0
64599 23 5322
64600 24 5839
64601 25 1936
64602 26 4508
64603 27 6006
64604 28 5842
64605 29 4553
64606 30 3666
64607 31 0
64608 32 8308
64609 33 4846
64610 34 4585
64611 35 2586
64612 36 4296
64613 37 6164
64614 38 5589
64615 39 3615
64616 40 0
64617 41 4831
64618 42 2856
64619 43 4635
64620 44 4992
64621 45 3683
64622 46 0
64623 47 4842
64624 48 3854
64625 49 2092
64626 50 1027
64627 51 2093
64628 52 2640
64629 53 4026
64630 54 2997
64631 55 2977
64632 56 9750
64633 57 2003
64634 58 3902
64635 59 2642
64636 60 1409
64637 61 1824
64638 62 7426
64639 63 2575
64640 64 1659
64641 65 5898
64642 66 0
64643 67 2692
64644 68 3855
64645 69 5017
64646 70 2276
64647 71 1858
64648 72 3995
64649 73 4082
64650 74 3266
64651 75 4886
64652 76 2574
64653 77 3266
64654 78 5636
64655 79 2410
64656 80 4795
64657 81 3893
64658 82 4461
64659 83 0
64660 84 1552
64661 85 5024
64662 86 1953
64663 87 5174
64664 88 0
64665 89 4658
64666 90 4275
64667 91 7839
64668 92 7456
64669 93 2261
64670 94 2775
64671 95 4610
64672 96 2614
64673 97 2433
64674 98 4412
64675 99 1224
64676 100 6245
64677 101 0
64678 102 4608
64679 103 1868
64680 104 5267
64681 105 4610
64682 106 0
64683 107 5440
64684 108 4996
64685 109 6144
64686 110 4742
64687 111 5960
64688 112 5983
64689 113 4661
64690 114 6761
64691 115 2285
64692 116 4175
64693 117 2000
64694 118 5858
64695 119 2787
64696 120 4492
64697 121 5432
64698 122 5815
64699 123 1711
64700 124 4387
64701 125 0
64702 126 3958
64703 127 1599
64704 128 5981
64705 129 4384
64706 130 3931
64707 131 2003
