2500
64577 1 2859
64578 2 4620
64579 3 4080
64580 4 2662
64581 5 6208
64582 6 0
64583 7 2992
64584 8 3696
64585 9 2703
64586 10 2221
64587 11 2714
64588 12 3976
64589 13 5638
64590 14 2191
64591 15 1557
64592 16 5228
64593 17 2073
64594 18 4072
64595 19 1338
64596 20 8912
64597 21 5256
64598 22 2756
64599 23 5001
64600 24 4221
64601 25 2901
64602 26 6558
64603 27 7965
64604 28 2397
64605 29 2758
64606 30 3863
64607 31 2744
64608 32 2609
64609 33 5572
64610 34 4796
64611 35 2923
64612 36 6133
64613 37 3786
64614 38 2147
64615 39 3629
64616 40 2592
64617 41 4592
64618 42 4275
64619 43 2649
64620 44 5386
64621 45 4818
64622 46 2565
64623 47 2405
64624 48 4019
64625 49 0
64626 50 3792
64627 51 1965
64628 52 2652
64629 53 4584
64630 54 3476
64631 55 2230
64632 56 1691
64633 57 2529
64634 58 2726
64635 59 2444
64636 60 5389
64637 61 2178
64638 62 2800
64639 63 4579
64640 64 2931
64641 65 5958
64642 66 3975
64643 67 4530
64644 68 5492
64645 69 7875
64646 70 3008
64647 71 5482
64648 72 2458
64649 73 1724
64650 74 4094
64651 75 3707
64652 76 2655
64653 77 6832
64654 78 4168
64655 79 0
64656 80 2775
64657 81 7465
64658 82 5448
64659 83 5608
64660 84 2592
64661 85 4641
64662 86 3515
64663 87 5218
64664 88 0
64665 89 4692
64666 90 2587
64667 91 0
64668 92 2246
64669 93 2976
64670 94 4964
64671 95 5181
64672 96 1909
64673 97 5468
64674 98 7121
64675 99 3905
64676 100 4908
64677 101 2469
64678 102 6329
64679 103 7025
64680 104 5793
64681 105 4756
64682 106 2609
64683 107 3126
64684 108 6658
64685 109 7425
64686 110 2903
64687 111 5925
64688 112 0
64689 113 4936
64690 114 1978
64691 115 7337
64692 116 2285
64693 117 4992
64694 118 4270
64695 119 4491
64696 120 6342
64697 121 2299
64698 122 4219
64699 123 4632
64700 124 2311
64701 125 4211
64702 126 4733
64703 127 2475
64704 128 6940
64705 129 2052
64706 130 7336
64707 131 4106
64708 132 3193
64709 133 3335
64710 134 6542
64711 135 2543
64712 136 5218
64713 137 1842
64714 138 2775
64715 139 3160
64716 140 6474
64717 141 0
64718 142 3192
64719 143 4852
64720 144 3369
64721 145 5517
64722 146 7780
64723 147 2182
64724 148 10099
64725 149 2003
