2500
64577 1 4575
64578 2 3898
64579 3 2558
64580 4 5399
64581 5 6342
64582 6 2858
64583 7 3484
64584 8 2190
64585 9 7425
64586 10 5442
64587 11 5546
64588 12 6458
64589 13 2625
64590 14 4687
64591 15 1895
64592 16 4168
64593 17 3133
64594 18 4702
64595 19 4883
64596 20 2660
64597 21 4637
64598 22 5373
64599 23 4475
64600 24 2159
64601 25 1226
64602 26 2458
64603 27 2362
64604 28 2627
64605 29 6117
64606 30 4860
64607 31 6359
64608 32 7112
64609 33 4471
64610 34 5094
64611 35 2544
64612 36 2955
64613 37 5354
64614 38 2693
64615 39 6389
64616 40 6441
64617 41 4296
64618 42 2608
64619 43 3870
64620 44 6497
64621 45 3473
64622 46 2424
64623 47 2692
64624 48 5572
64625 49 10254
64626 50 3592
64627 51 4554
64628 52 4178
64629 53 7723
64630 54 2276
64631 55 2540
64632 56 5556
64633 57 1477
64634 58 6216
64635 59 4680
64636 60 3725
64637 61 4330
64638 62 1321
64639 63 7106
64640 64 3708
64641 65 7334
64642 66 5191
64643 67 4999
64644 68 1986
64645 69 1490
64646 70 7670
64647 71 2013
64648 72 4352
64649 73 3807
64650 74 4633
64651 75 1904
64652 76 8240
64653 77 3863
64654 78 2970
64655 79 0
64656 80 4842
64657 81 5461
64658 82 3015
64659 83 1362
64660 84 8110
64661 85 1959
64662 86 1494
64663 87 9530
64664 88 3842
64665 89 2524
64666 90 1963
64667 91 3127
64668 92 4945
64669 93 1151
64670 94 2658
64671 95 3422
64672 96 4875
64673 97 0
64674 98 5961
64675 99 5090
64676 100 5085
64677 101 0
64678 102 5978
64679 103 4398
64680 104 6858
64681 105 3701
64682 106 0
64683 107 3342
64684 108 4837
64685 109 2791
64686 110 1466
64687 111 7266
64688 112 2216
64689 113 6632
64690 114 5618
64691 115 2777
64692 116 5221
64693 117 3729
64694 118 0
64695 119 3826
64696 120 4380
64697 121 4749
64698 122 4025
64699 123 4547
64700 124 3722
64701 125 1785
64702 126 5008
64703 127 6782
64704 128 1783
64705 129 2626
64706 130 6392
64707 131 7190
64708 132 3106
64709 133 3549
64710 134 2618
64711 135 2797
64712 136 5228
64713 137 4044
64714 138 3029
64715 139 4451
64716 140 2926
64717 141 2622
64718 142 6123
64719 143 2003
