2500
64577 1 3979
64578 2 6548
64579 3 3947
64580 4 1741
64581 5 3400
64582 6 5475
64583 7 3521
64584 8 0
64585 9 5925
64586 10 4492
64587 11 7474
64588 12 2017
64589 13 4378
64590 14 4255
64591 15 4684
64592 16 3667
64593 17 2934
64594 18 5625
64595 19 3794
64596 20 1640
64597 21 4666
64598 22 3591
64599 23 0
64600 24 4575
64601 25 2504
64602 26 0
64603 27 3662
64604 28 2932
64605 29 4307
64606 30 2899
64607 31 6299
64608 32 2003
64609 33 2575
64610 34 4621
64611 35 7848
64612 36 3586
64613 37 2899
64614 38 6493
64615 39 6104
64616 40 0
64617 41 4571
64618 42 2576
64619 43 8068
64620 44 2124
64621 45 1656
64622 46 6705
64623 47 7023
64624 48 3825
64625 49 6742
64626 50 4884
64627 51 0
64628 52 6377
64629 53 4730
64630 54 2653
64631 55 9244
64632 56 2134
64633 57 1297
64634 58 3856
64635 59 3432
64636 60 6864
64637 61 2462
64638 62 4557
64639 63 5451
64640 64 5455
64641 65 6585
64642 66 2376
64643 67 5290
64644 68 3000
64645 69 0
64646 70 4542
64647 71 6364
64648 72 5645
64649 73 5678
64650 74 5177
64651 75 8324
64652 76 2330
64653 77 2111
64654 78 2779
64655 79 4446
64656 80 1555
64657 81 3224
64658 82 2669
64659 83 2240
64660 84 0
64661 85 3775
64662 86 5552
64663 87 7858
64664 88 0
64665 89 2007
64666 90 4616
64667 91 6612
64668 92 2454
64669 93 2008
64670 94 2751
64671 95 4353
64672 96 1596
64673 97 2811
64674 98 2574
64675 99 2056
64676 100 4737
64677 101 7915
64678 102 6009
64679 103 6153
64680 104 7893
64681 105 5237
64682 106 5749
64683 107 8806
64684 108 0
64685 109 6131
64686 110 2840
64687 111 3215
64688 112 10636
64689 113 2356
64690 114 2142
64691 115 2668
64692 116 5614
64693 117 6139
64694 118 6489
64695 119 0
64696 120 1635
64697 121 7679
64698 122 6827
64699 123 0
64700 124 4670
64701 125 2494
64702 126 1409
64703 127 2108
64704 128 7968
64705 129 5392
64706 130 1937
64707 131 3275
64708 132 4787
64709 133 6801
64710 134 2003
