2500
64577 1 4044
64578 2 4240
64579 3 4586
64580 4 1751
64581 5 5330
64582 6 4661
64583 7 5642
64584 8 4420
64585 9 4163
64586 10 3971
64587 11 5824
64588 12 2008
64589 13 4478
64590 14 2292
64591 15 4006
64592 16 2332
64593 17 3406
64594 18 5645
64595 19 5107
64596 20 4342
64597 21 2056
64598 22 4628
64599 23 3547
64600 24 3547
64601 25 1269
64602 26 3792
64603 27 4902
64604 28 4406
64605 29 1867
64606 30 4496
64607 31 4842
64608 32 5318
64609 33 0
64610 34 4415
64611 35 4273
64612 36 5418
64613 37 2725
64614 38 3057
64615 39 2727
64616 40 6384
64617 41 2725
64618 42 4542
64619 43 0
64620 44 3275
64621 45 4287
64622 46 4074
64623 47 3096
64624 48 3602
64625 49 3561
64626 50 5778
64627 51 1929
64628 52 1951
64629 53 5215
64630 54 4122
64631 55 2413
64632 56 3781
64633 57 6058
64634 58 4160
64635 59 5397
64636 60 7942
64637 61 5022
64638 62 4325
64639 63 1357
64640 64 5937
64641 65 2142
64642 66 1619
64643 67 5311
64644 68 6011
64645 69 2908
64646 70 4889
64647 71 0
64648 72 2348
64649 73 5004
64650 74 5074
64651 75 4003
64652 76 0
64653 77 3408
64654 78 2754
64655 79 5533
64656 80 4114
64657 81 2100
64658 82 1110
64659 83 3872
64660 84 2373
64661 85 3707
64662 86 5253
64663 87 1438
64664 88 5205
64665 89 4742
64666 90 3532
64667 91 1996
64668 92 2860
64669 93 5595
64670 94 1941
64671 95 4302
64672 96 3971
64673 97 4008
64674 98 5869
64675 99 2565
64676 100 3339
64677 101 2158
64678 102 3646
64679 103 2715
64680 104 2942
64681 105 3316
64682 106 4625
64683 107 5542
64684 108 6908
64685 109 2641
64686 110 3257
64687 111 4098
64688 112 3094
64689 113 4215
64690 114 2307
64691 115 2170
64692 116 4675
64693 117 3873
64694 118 7586
64695 119 2458
64696 120 2558
64697 121 3850
64698 122 2031
64699 123 2395
64700 124 2800
64701 125 2567
64702 126 4426
64703 127 0
64704 128 2526
64705 129 4242
64706 130 3822
64707 131 4342
64708 132 2930
64709 133 4292
64710 134 6241
64711 135 2156
64712 136 2841
64713 137 1340
64714 138 4229
64715 139 2963
64716 140 3601
64717 141 4823
64718 142 4325
64719 143 1903
64720 144 2350
64721 145 0
64722 146 3320
64723 147 2708
64724 148 4755
64725 149 6122
64726 150 2003
