2500
64336 3 81
64577 4 4728
64578 5 2602
64579 6 6086
64580 7 3814
64581 8 0
64582 9 2806
64583 10 2827
64584 11 3134
64585 12 1832
64586 13 2330
64587 14 5035
64588 15 3886
64589 16 3675
64590 17 0
64591 18 3635
64592 19 4505
64593 20 5124
64594 21 2445
64595 22 5284
64596 23 9209
64597 24 2608
64598 25 2744
64599 26 4234
64600 27 1609
64601 28 6964
64602 29 1781
64603 30 2554
64604 31 5752
64605 32 5281
64606 33 5508
64607 34 5656
64608 35 2530
64609 36 2711
64610 37 5042
64611 38 6392
64612 39 3625
64613 40 2426
64614 41 8141
64615 42 2444
64616 43 3329
64617 44 2750
64618 45 2084
64619 46 4058
64620 47 1861
64621 48 3091
64622 49 2992
64623 50 4026
64624 51 7117
64625 52 5892
64626 53 4617
64627 54 0
64628 55 2865
64629 56 7125
64630 57 2497
64631 58 4847
64632 59 1381
64633 60 4303
64634 61 2282
64635 62 2931
64636 63 3322
64637 64 5085
64638 65 1836
64639 66 3304
64640 67 0
64641 68 2694
64642 69 5241
64643 70 2363
64644 71 5559
64645 72 4983
64646 73 4077
64647 74 3177
64648 75 2418
64649 76 3719
64650 77 0
64651 78 4475
64652 79 3422
64653 80 6158
64654 81 5308
64655 82 5728
64656 83 9325
64657 84 2278
64658 85 2742
64659 86 3829
64660 87 7315
64661 88 5961
64662 89 2223
64663 90 2534
64664 91 8073
64665 92 5408
64666 93 7508
64667 94 2487
64668 95 4099
64669 96 6963
64670 97 2227
64671 98 5661
64672 99 4414
64673 100 5527
64674 101 7242
64675 102 7042
64676 103 1937
64677 104 6238
64678 105 2219
64679 106 2970
64680 107 2393
64681 108 3208
64682 109 4851
64683 110 4374
64684 111 3701
64685 112 0
64686 113 2475
64687 114 6082
64688 115 4752
64689 116 1814
64690 117 4674
64691 118 5292
64692 119 3860
64693 120 6358
64694 121 3746
64695 122 2525
64696 123 6116
64697 124 4675
64698 125 1809
64699 126 7900
64700 127 1796
64701 128 1873
64702 129 3872
64703 130 8379
64704 131 4979
64705 132 2047
64706 133 2651
64707 134 5646
64708 135 5526
64709 136 3324
64710 137 4575
64711 138 6202
64712 139 4015
64713 140 2518
64714 141 4014
64715 142 4642
64716 143 1814
64717 144 5075
64718 145 7375
64719 146 3375
64720 147 8407
64721 148 2003
64858 149 1361
64859 150 1361
64860 151 1441
64861 152 1463
64862 153 1562
64863 154 1516
64864 155 1359
64865 156 1365
64866 157 979
64867 158 1029
64868 159 1196
64869 160 1194
64870 161 1329
64871 162 1381
64872 163 1292
64873 164 1306
64874 165 1535
64875 166 1541
64876 167 1355
64877 168 1355
64878 169 1530
64879 170 1537
64880 171 1348
64881 172 1382
64882 173 1368
64883 174 1362
64884 175 1139
64885 176 1153
64886 177 1638
64887 178 1665
64888 179 1665
64889 180 1672
