2500
64577 1 1827
64578 2 3327
64579 3 2057
64580 4 3649
64581 5 3362
64582 6 4507
64583 7 2492
64584 8 3403
64585 9 4152
64586 10 2397
64587 11 3692
64588 12 4253
64589 13 0
64590 14 2892
64591 15 3417
64592 16 2428
64593 17 2820
64594 18 1768
64595 19 3465
64596 20 5073
64597 21 2207
64598 22 922
64599 23 3544
64600 24 2644
64601 25 1757
64602 26 3333
64603 27 3357
64604 28 3408
64605 29 4001
64606 30 4793
64607 31 4117
64608 32 3730
64609 33 0
64610 34 3592
64611 35 3315
64612 36 0
64613 37 3658
64614 38 4391
64615 39 4053
64616 40 2045
64617 41 1421
64618 42 5022
64619 43 2428
64620 44 2366
64621 45 3935
64622 46 1469
64623 47 5381
64624 48 1656
64625 49 4209
64626 50 2308
64627 51 6844
64628 52 2179
64629 53 3757
64630 54 1849
64631 55 4848
64632 56 6725
64633 57 4022
64634 58 0
64635 59 2177
64636 60 2540
64637 61 3303
64638 62 7441
64639 63 1846
64640 64 3123
64641 65 5160
64642 66 2712
64643 67 2330
64644 68 4223
64645 69 4879
64646 70 1650
64647 71 4086
64648 72 6658
64649 73 2099
64650 74 3972
64651 75 5892
64652 76 2278
64653 77 6697
64654 78 1961
64655 79 4886
64656 80 0
64657 81 3158
64658 82 5134
64659 83 5114
64660 84 1595
64661 85 6579
64662 86 2099
64663 87 3327
64664 88 3631
64665 89 4170
64666 90 2013
64667 91 3545
64668 92 6531
64669 93 5668
64670 94 7888
64671 95 0
64672 96 2699
64673 97 2983
64674 98 6965
64675 99 0
64676 100 2374
64677 101 8036
64678 102 5317
64679 103 2245
64680 104 6233
64681 105 2359
64682 106 5090
64683 107 0
64684 108 1424
64685 109 2097
64686 110 2698
64687 111 2572
64688 112 2525
64689 113 1694
64690 114 4227
64691 115 2994
64692 116 0
64693 117 5208
64694 118 1567
64695 119 4128
64696 120 0
64697 121 1925
64698 122 4278
64699 123 4354
64700 124 1751
64701 125 6329
64702 126 2031
64703 127 7776
64704 128 4788
64705 129 0
64706 130 2125
64707 131 5185
64708 132 4489
64709 133 5014
64710 134 4625
64711 135 1541
64712 136 4356
64713 137 5775
64714 138 1676
64715 139 4205
64716 140 0
64717 141 3091
64718 142 3003
64719 143 2699
64720 144 4004
64721 145 4451
64722 146 0
64723 147 3842
64724 148 3744
64725 149 5044
64726 150 2239
64727 151 3058
64728 152 3615
64729 153 3661
64730 154 2388
64731 155 5481
64732 156 2365
64733 157 6843
64734 158 5136
64735 159 3478
64736 160 4070
64737 161 5034
64738 162 6444
64739 163 3416
64740 164 1818
64741 165 4303
64742 166 0
64743 167 4592
64744 168 2472
64745 169 3970
64746 170 2434
64747 171 2489
64748 172 5291
64749 173 2003
