2500
64577 1 3640
64578 2 3340
64579 3 2048
64580 4 3964
64581 5 7046
64582 6 5723
64583 7 2349
64584 8 1765
64585 9 1396
64586 10 4428
64587 11 3372
64588 12 3611
64589 13 2508
64590 14 5292
64591 15 2508
64592 16 4496
64593 17 2542
64594 18 4554
64595 19 5682
64596 20 2525
64597 21 4976
64598 22 5025
64599 23 6870
64600 24 2777
64601 25 5569
64602 26 6775
64603 27 2575
64604 28 7743
64605 29 1607
64606 30 5497
64607 31 6139
64608 32 6592
64609 33 3105
64610 34 2306
64611 35 0
64612 36 2264
64613 37 2776
64614 38 4710
64615 39 5096
64616 40 2226
64617 41 3954
64618 42 3931
64619 43 4745
64620 44 1656
64621 45 4197
64622 46 3098
64623 47 5353
64624 48 2881
64625 49 4906
64626 50 1758
64627 51 4674
64628 52 2229
64629 53 4846
64630 54 3174
64631 55 3745
64632 56 5264
64633 57 2628
64634 58 6023
64635 59 4926
64636 60 2003
64637 61 4041
64638 62 2763
64639 63 1505
64640 64 1723
64641 65 7344
64642 66 2675
64643 67 1900
64644 68 5329
64645 69 0
64646 70 2642
64647 71 4053
64648 72 5170
64649 73 2117
64650 74 4576
64651 75 4436
64652 76 5330
64653 77 2610
64654 78 7598
64655 79 1732
64656 80 1599
64657 81 6669
64658 82 2003
64659 83 5687
64660 84 3825
64661 85 3731
64662 86 2987
64663 87 2154
64664 88 5160
64665 89 1861
64666 90 1589
64667 91 8211
64668 92 1716
64669 93 2160
64670 94 2750
64671 95 3930
64672 96 4336
64673 97 6511
64674 98 2175
64675 99 6317
64676 100 4241
64677 101 8312
64678 102 4722
64679 103 7433
64680 104 2390
64681 105 2958
64682 106 3615
64683 107 6055
64684 108 5477
64685 109 4302
64686 110 1785
64687 111 6092
64688 112 3208
64689 113 6390
64690 114 2235
64691 115 4914
64692 116 2415
64693 117 7130
64694 118 0
64695 119 3050
64696 120 3703
64697 121 3328
64698 122 3086
64699 123 6584
64700 124 0
64701 125 4058
64702 126 1486
64703 127 5545
64704 128 4498
64705 129 7799
64706 130 2003
