2500
64577 1 2075
64578 2 1968
64579 3 3442
64580 4 2013
64581 5 2631
64582 6 2843
64583 7 5065
64584 8 2246
64585 9 3634
64586 10 2203
64587 11 3554
64588 12 5190
64589 13 2444
64590 14 2435
64591 15 2909
64592 16 1955
64593 17 4646
64594 18 4792
64595 19 4329
64596 20 2761
64597 21 2101
64598 22 3600
64599 23 4548
64600 24 2924
64601 25 0
64602 26 2183
64603 27 4136
64604 28 5734
64605 29 2815
64606 30 2981
64607 31 3600
64608 32 3649
64609 33 2187
64610 34 2925
64611 35 2727
64612 36 3048
64613 37 3577
64614 38 2037
64615 39 2548
64616 40 5330
64617 41 2908
64618 42 3284
64619 43 2433
64620 44 5342
64621 45 0
64622 46 3108
64623 47 1351
64624 48 4372
64625 49 3183
64626 50 5293
64627 51 2180
64628 52 5025
64629 53 5186
64630 54 1821
64631 55 2508
64632 56 6449
64633 57 3658
64634 58 3076
64635 59 4048
64636 60 1625
64637 61 3328
64638 62 6282
64639 63 2167
64640 64 1555
64641 65 3833
64642 66 3443
64643 67 4247
64644 68 5394
64645 69 3208
64646 70 3291
64647 71 5957
64648 72 2087
64649 73 2816
64650 74 3321
64651 75 1442
64652 76 2556
64653 77 6905
64654 78 2009
64655 79 3433
64656 80 3601
64657 81 4138
64658 82 2131
64659 83 2861
64660 84 1914
64661 85 3626
64662 86 4590
64663 87 2312
64664 88 4396
64665 89 2659
64666 90 2211
64667 91 4518
64668 92 3470
64669 93 5242
64670 94 6325
64671 95 1622
64672 96 3906
64673 97 2387
64674 98 5445
64675 99 6108
64676 100 0
64677 101 2959
64678 102 2297
64679 103 2389
64680 104 1047
64681 105 3779
64682 106 5271
64683 107 2003
64684 108 3072
64685 109 2391
64686 110 4309
64687 111 6008
64688 112 4072
64689 113 3705
64690 114 2223
64691 115 3418
64692 116 4644
64693 117 5325
64694 118 3611
64695 119 1565
64696 120 4008
64697 121 3615
64698 122 0
64699 123 2765
64700 124 3325
64701 125 4842
64702 126 2285
64703 127 4675
64704 128 5127
64705 129 0
64706 130 3337
64707 131 2094
64708 132 2574
64709 133 3492
64710 134 3515
64711 135 0
64712 136 3275
64713 137 6455
64714 138 2049
64715 139 3701
64716 140 3873
64717 141 4581
64718 142 3529
64719 143 4085
64720 144 1987
64721 145 2773
64722 146 2349
64723 147 4042
64724 148 2470
64725 149 3234
64726 150 6984
64727 151 2135
64728 152 4793
64729 153 2065
64730 154 2265
64731 155 0
64732 156 2184
64733 157 6076
64734 158 2794
64735 159 3831
64736 160 2620
64737 161 0
64738 162 5227
64739 163 4700
64740 164 2470
64741 165 2305
64742 166 6571
64743 167 4342
64744 168 4429
64745 169 0
64746 170 3842
64747 171 3416
64748 172 4281
64749 173 2124
64750 174 4795
64751 175 5511
64752 176 4608
64753 177 2003
