2500
64577 1 4350
64578 2 2443
64579 3 1298
64580 4 1729
64581 5 6767
64582 6 2242
64583 7 1634
64584 8 5142
64585 9 4314
64586 10 5350
64587 11 4082
64588 12 5357
64589 13 2335
64590 14 1692
64591 15 3932
64592 16 3249
64593 17 1620
64594 18 5873
64595 19 4357
64596 20 3713
64597 21 3024
64598 22 4201
64599 23 5155
64600 24 5858
64601 25 6458
64602 26 5752
64603 27 6842
64604 28 2925
64605 29 5984
64606 30 2349
64607 31 3090
64608 32 2602
64609 33 4516
64610 34 4289
64611 35 2292
64612 36 6642
64613 37 4196
64614 38 2036
64615 39 4582
64616 40 2764
64617 41 0
64618 42 2542
64619 43 3876
64620 44 5702
64621 45 2343
64622 46 3151
64623 47 3993
64624 48 2781
64625 49 4757
64626 50 2284
64627 51 4682
64628 52 0
64629 53 3208
64630 54 1859
64631 55 5554
64632 56 5942
64633 57 2331
64634 58 3334
64635 59 3931
64636 60 5422
64637 61 6182
64638 62 2441
64639 63 1661
64640 64 5596
64641 65 5179
64642 66 5300
64643 67 4578
64644 68 5256
64645 69 0
64646 70 4538
64647 71 4264
64648 72 4360
64649 73 3104
64650 74 4806
64651 75 5264
64652 76 3051
64653 77 0
64654 78 3758
64655 79 1532
64656 80 5180
64657 81 4266
64658 82 8018
64659 83 2270
64660 84 1584
64661 85 4391
64662 86 5219
64663 87 4204
64664 88 2248
64665 89 5621
64666 90 3389
64667 91 5074
64668 92 2515
64669 93 2138
64670 94 3350
64671 95 5263
64672 96 5324
64673 97 4824
64674 98 1406
64675 99 3315
64676 100 5957
64677 101 2104
64678 102 1892
64679 103 5797
64680 104 3023
64681 105 2917
64682 106 5070
64683 107 5901
64684 108 0
64685 109 3825
64686 110 4081
64687 111 9951
64688 112 2220
64689 113 1857
64690 114 2223
64691 115 5313
64692 116 4307
64693 117 6847
64694 118 3346
64695 119 4007
64696 120 6347
64697 121 0
64698 122 2122
64699 123 4540
64700 124 2498
64701 125 3589
64702 126 5450
64703 127 7475
64704 128 5704
64705 129 1508
64706 130 4473
64707 131 6337
64708 132 2003
