2500
64577 1 3992
64578 2 3899
64579 3 4407
64580 4 2338
64581 5 3753
64582 6 5562
64583 7 2279
64584 8 2712
64585 9 5703
64586 10 4631
64587 11 2717
64588 12 5015
64589 13 2853
64590 14 3992
64591 15 3503
64592 16 0
64593 17 3140
64594 18 2819
64595 19 2232
64596 20 1623
64597 21 4460
64598 22 6835
64599 23 2345
64600 24 2677
64601 25 5603
64602 26 6009
64603 27 7155
64604 28 2725
64605 29 6253
64606 30 6108
64607 31 2384
64608 32 4007
64609 33 2824
64610 34 5575
64611 35 2113
64612 36 4902
64613 37 7609
64614 38 7562
64615 39 2003
64616 40 2842
64617 41 2603
64618 42 4231
64619 43 1363
64620 44 3324
64621 45 5302
64622 46 3721
64623 47 5408
64624 48 3627
64625 49 0
64626 50 2047
64627 51 1464
64628 52 2922
64629 53 2728
64630 54 2808
64631 55 2529
64632 56 4264
64633 57 3408
64634 58 5249
64635 59 917
64636 60 3825
64637 61 3562
64638 62 7585
64639 63 2003
64640 64 1919
64641 65 3821
64642 66 6638
64643 67 3106
64644 68 3630
64645 69 3278
64646 70 4670
64647 71 2932
64648 72 0
64649 73 3208
64650 74 3021
64651 75 2716
64652 76 5786
64653 77 3625
64654 78 4404
64655 79 2250
64656 80 7277
64657 81 7732
64658 82 1926
64659 83 5950
64660 84 5351
64661 85 3498
64662 86 5411
64663 87 2654
64664 88 4605
64665 89 2740
64666 90 0
64667 91 4001
64668 92 3236
64669 93 1631
64670 94 5671
64671 95 5692
64672 96 2130
64673 97 3164
64674 98 3991
64675 99 4410
64676 100 820
64677 101 4611
64678 102 3754
64679 103 2439
64680 104 4836
64681 105 3292
64682 106 1416
64683 107 6326
64684 108 2189
64685 109 973
64686 110 2742
64687 111 4837
64688 112 5373
64689 113 7971
64690 114 0
64691 115 2958
64692 116 4686
64693 117 4202
64694 118 5370
64695 119 0
64696 120 4487
64697 121 5181
64698 122 5778
64699 123 0
64700 124 5605
64701 125 2770
64702 126 5348
64703 127 4885
64704 128 0
64705 129 1851
64706 130 5129
64707 131 7489
64708 132 0
64709 133 5268
64710 134 2906
64711 135 0
64712 136 2164
64713 137 7339
64714 138 2003
