2500
64577 1 2508
64578 2 3041
64579 3 3075
64580 4 4034
64581 5 6125
64582 6 2806
64583 7 4117
64584 8 2772
64585 9 2904
64586 10 7671
64587 11 6275
64588 12 6606
64589 13 3108
64590 14 11290
64591 15 2293
64592 16 4244
64593 17 5074
64594 18 8293
64595 19 3321
64596 20 1515
64597 21 1791
64598 22 6131
64599 23 3504
64600 24 2878
64601 25 4470
64602 26 3097
64603 27 3841
64604 28 0
64605 29 2206
64606 30 2879
64607 31 1375
64608 32 5307
64609 33 4067
64610 34 7991
64611 35 2262
64612 36 2585
64613 37 5373
64614 38 4891
64615 39 1521
64616 40 5319
64617 41 2552
64618 42 2319
64619 43 3947
64620 44 4940
64621 45 2745
64622 46 5147
64623 47 6855
64624 48 0
64625 49 3358
64626 50 4833
64627 51 7374
64628 52 6458
64629 53 4475
64630 54 7784
64631 55 1510
64632 56 6136
64633 57 2153
64634 58 6999
64635 59 2993
64636 60 5056
64637 61 2644
64638 62 6780
64639 63 7176
64640 64 4989
64641 65 3621
64642 66 4936
64643 67 0
64644 68 3458
64645 69 4590
64646 70 6975
64647 71 10742
64648 72 4425
64649 73 7407
64650 74 1351
64651 75 6676
64652 76 2192
64653 77 4314
64654 78 5329
64655 79 4852
64656 80 1719
64657 81 5201
64658 82 7939
64659 83 2975
64660 84 7546
64661 85 2674
64662 86 4914
64663 87 2939
64664 88 0
64665 89 4975
64666 90 4697
64667 91 3616
64668 92 6828
64669 93 1978
64670 94 10027
64671 95 2195
64672 96 5058
64673 97 2560
64674 98 1491
64675 99 5254
64676 100 2396
64677 101 3085
64678 102 1815
64679 103 3358
64680 104 6963
64681 105 5385
64682 106 4508
64683 107 3078
64684 108 3198
64685 109 5234
64686 110 2826
64687 111 3898
64688 112 4009
64689 113 6415
64690 114 6408
64691 115 2521
64692 116 7857
64693 117 2196
64694 118 2892
64695 119 3541
64696 120 2934
64697 121 3757
64698 122 2393
64699 123 3210
64700 124 3507
64701 125 758
64702 126 3658
64703 127 4404
64704 128 2657
64705 129 6107
64706 130 2003
