2500
64577 1 4309
64578 2 2546
64579 3 1384
64580 4 1612
64581 5 6645
64582 6 2192
64583 7 1540
64584 8 5386
64585 9 0
64586 10 1436
64587 11 4604
64588 12 2542
64589 13 4511
64590 14 0
64591 15 2725
64592 16 1654
64593 17 2515
64594 18 3538
64595 19 3699
64596 20 2267
64597 21 1858
64598 22 3932
64599 23 5087
64600 24 3453
64601 25 4050
64602 26 4425
64603 27 4086
64604 28 0
64605 29 3442
64606 30 2811
64607 31 5875
64608 32 4736
64609 33 2224
64610 34 3387
64611 35 7057
64612 36 5275
64613 37 4385
64614 38 6092
64615 39 5452
64616 40 5150
64617 41 0
64618 42 3825
64619 43 7431
64620 44 2420
64621 45 4180
64622 46 1362
64623 47 1640
64624 48 6729
64625 49 6392
64626 50 4108
64627 51 1571
64628 52 4915
64629 53 2492
64630 54 5724
64631 55 0
64632 56 3625
64633 57 3520
64634 58 4179
64635 59 6990
64636 60 2190
64637 61 1934
64638 62 4428
64639 63 2722
64640 64 3176
64641 65 5026
64642 66 2260
64643 67 2501
64644 68 4196
64645 69 3487
64646 70 4000
64647 71 4075
64648 72 4256
64649 73 2655
64650 74 2183
64651 75 2957
64652 76 2739
64653 77 3973
64654 78 4690
64655 79 5216
64656 80 6133
64657 81 4082
64658 82 3101
64659 83 6010
64660 84 4648
64661 85 3992
64662 86 0
64663 87 5742
64664 88 2780
64665 89 0
64666 90 3108
64667 91 2295
64668 92 4056
64669 93 2175
64670 94 2853
64671 95 3235
64672 96 5158
64673 97 1908
64674 98 1908
64675 99 5339
64676 100 0
64677 101 1979
64678 102 2138
64679 103 3875
64680 104 5264
64681 105 1515
64682 106 4835
64683 107 2472
64684 108 4715
64685 109 0
64686 110 4125
64687 111 2268
64688 112 2730
64689 113 5041
64690 114 2003
64691 115 4574
64692 116 3246
64693 117 6258
64694 118 4092
64695 119 3947
64696 120 3440
64697 121 0
64698 122 2842
64699 123 2231
64700 124 4753
64701 125 3942
64702 126 2034
64703 127 2359
64704 128 5377
64705 129 3243
64706 130 4147
64707 131 0
64708 132 2912
64709 133 2287
64710 134 5766
64711 135 0
64712 136 3392
64713 137 3780
64714 138 3582
64715 139 4592
64716 140 4195
64717 141 3540
64718 142 3057
64719 143 5828
64720 144 6025
64721 145 4812
64722 146 4603
64723 147 2083
64724 148 3944
64725 149 5126
64726 150 5791
64727 151 3488
64728 152 3396
64729 153 0
64730 154 3459
64731 155 4738
64732 156 7087
64733 157 2003
