2500
64577 1 4975
64578 2 7086
64579 3 6892
64580 4 5127
64581 5 5226
64582 6 5007
64583 7 4394
64584 8 6931
64585 9 3201
64586 10 0
64587 11 5025
64588 12 6728
64589 13 2281
64590 14 1618
64591 15 4676
64592 16 2334
64593 17 5879
64594 18 2096
64595 19 4961
64596 20 3225
64597 21 0
64598 22 3358
64599 23 3866
64600 24 4548
64601 25 4100
64602 26 4181
64603 27 0
64604 28 3375
64605 29 5389
64606 30 5008
64607 31 4690
64608 32 2316
64609 33 7208
64610 34 3135
64611 35 7292
64612 36 6258
64613 37 0
64614 38 2703
64615 39 5277
64616 40 3943
64617 41 2614
64618 42 5456
64619 43 4527
64620 44 7684
64621 45 2141
64622 46 2968
64623 47 1414
64624 48 2656
64625 49 2615
64626 50 2583
64627 51 0
64628 52 3658
64629 53 3155
64630 54 9341
64631 55 10089
64632 56 2197
64633 57 5319
64634 58 6077
64635 59 4460
64636 60 2488
64637 61 2675
64638 62 10154
64639 63 9525
64640 64 3717
64641 65 6128
64642 66 9581
64643 67 0
64644 68 3092
64645 69 4582
64646 70 8458
64647 71 7042
64648 72 2569
64649 73 2750
64650 74 4826
64651 75 5497
64652 76 2071
64653 77 4177
64654 78 8228
64655 79 8875
64656 80 4499
64657 81 0
64658 82 3792
64659 83 5364
64660 84 3039
64661 85 4802
64662 86 2200
64663 87 4044
64664 88 2688
64665 89 1448
64666 90 7431
64667 91 7075
64668 92 6425
64669 93 5742
64670 94 4373
64671 95 9616
64672 96 0
64673 97 2892
64674 98 2456
64675 99 3239
64676 100 5754
64677 101 6507
64678 102 2622
64679 103 10025
64680 104 1839
64681 105 2393
64682 106 6667
64683 107 3114
64684 108 3817
64685 109 5070
64686 110 6337
64687 111 2741
64688 112 4275
64689 113 5219
64690 114 0
64691 115 3758
64692 116 4826
64693 117 5142
64694 118 2355
64695 119 3216
64696 120 5504
64697 121 7858
64698 122 4976
64699 123 7904
64700 124 2003
