2500
64577 1 3729
64578 2 3121
64579 3 2108
64580 4 4550
64581 5 4726
64582 6 6521
64583 7 5363
64584 8 5642
64585 9 3393
64586 10 0
64587 11 4292
64588 12 2732
64589 13 3869
64590 14 0
64591 15 1548
64592 16 7029
64593 17 2273
64594 18 4967
64595 19 2392
64596 20 5285
64597 21 2620
64598 22 1668
64599 23 3889
64600 24 6576
64601 25 4715
64602 26 0
64603 27 3825
64604 28 4624
64605 29 2874
64606 30 0
64607 31 2958
64608 32 3651
64609 33 3854
64610 34 2288
64611 35 2964
64612 36 3012
64613 37 4894
64614 38 0
64615 39 1545
64616 40 4737
64617 41 2698
64618 42 2719
64619 43 5018
64620 44 2845
64621 45 3267
64622 46 3450
64623 47 2003
64624 48 2542
64625 49 3605
64626 50 5133
64627 51 8320
64628 52 6930
64629 53 1373
64630 54 5282
64631 55 5473
64632 56 6892
64633 57 3431
64634 58 3525
64635 59 3968
64636 60 5092
64637 61 5897
64638 62 2582
64639 63 0
64640 64 3226
64641 65 4234
64642 66 2699
64643 67 1684
64644 68 3321
64645 69 4043
64646 70 3440
64647 71 4542
64648 72 5154
64649 73 0
64650 74 3375
64651 75 3059
64652 76 2435
64653 77 3854
64654 78 1783
64655 79 4982
64656 80 2190
64657 81 5325
64658 82 2325
64659 83 4249
64660 84 1407
64661 85 6191
64662 86 0
64663 87 3225
64664 88 4182
64665 89 2170
64666 90 2644
64667 91 2872
64668 92 6123
64669 93 0
64670 94 2244
64671 95 2908
64672 96 2846
64673 97 4272
64674 98 0
64675 99 1501
64676 100 4384
64677 101 2696
64678 102 5597
64679 103 3356
64680 104 4130
64681 105 2330
64682 106 4408
64683 107 4703
64684 108 2416
64685 109 8010
64686 110 2430
64687 111 8167
64688 112 2030
64689 113 5761
64690 114 6744
64691 115 4226
64692 116 4791
64693 117 4675
64694 118 1432
64695 119 5680
64696 120 0
64697 121 5242
64698 122 7449
64699 123 6028
64700 124 2002
64701 125 5574
64702 126 7059
64703 127 0
64704 128 3642
64705 129 4156
64706 130 2766
64707 131 4547
64708 132 2384
64709 133 2527
64710 134 4071
64711 135 4681
64712 136 2373
64713 137 3691
64714 138 2397
64715 139 3096
64716 140 4591
64717 141 4605
64718 142 0
64719 143 3275
64720 144 3028
64721 145 3036
64722 146 6323
64723 147 3625
64724 148 6511
64725 149 5542
64726 150 2129
64727 151 3374
64728 152 2003
