2500
64577 1 6456
64578 2 1960
64579 3 3871
64580 4 4430
64581 5 2209
64582 6 4311
64583 7 2292
64584 8 7266
64585 9 6293
64586 10 4575
64587 11 0
64588 12 1942
64589 13 2497
64590 14 3061
64591 15 3338
64592 16 4669
64593 17 4154
64594 18 3139
64595 19 4570
64596 20 4794
64597 21 0
64598 22 2203
64599 23 4820
64600 24 2598
64601 25 5521
64602 26 6049
64603 27 5992
64604 28 4113
64605 29 7071
64606 30 0
64607 31 2658
64608 32 5824
64609 33 6592
64610 34 2444
64611 35 4329
64612 36 1910
64613 37 4204
64614 38 1723
64615 39 3288
64616 40 2175
64617 41 4149
64618 42 0
64619 43 2542
64620 44 2426
64621 45 3748
64622 46 4326
64623 47 4827
64624 48 2841
64625 49 3815
64626 50 2805
64627 51 0
64628 52 1425
64629 53 4713
64630 54 2675
64631 55 2852
64632 56 2306
64633 57 1343
64634 58 4192
64635 59 0
64636 60 5902
64637 61 2827
64638 62 2602
64639 63 3177
64640 64 3561
64641 65 2200
64642 66 3708
64643 67 2307
64644 68 3691
64645 69 3319
64646 70 2439
64647 71 1898
64648 72 3273
64649 73 5458
64650 74 6452
64651 75 4892
64652 76 4977
64653 77 5975
64654 78 3419
64655 79 3102
64656 80 2225
64657 81 4441
64658 82 3330
64659 83 3743
64660 84 3108
64661 85 4381
64662 86 3766
64663 87 4437
64664 88 2054
64665 89 2414
64666 90 2356
64667 91 2610
64668 92 3744
64669 93 4727
64670 94 0
64671 95 3820
64672 96 2391
64673 97 4048
64674 98 5247
64675 99 3829
64676 100 4044
64677 101 0
64678 102 1722
64679 103 2558
64680 104 2221
64681 105 3579
64682 106 2810
64683 107 2136
64684 108 4369
64685 109 3293
64686 110 3972
64687 111 4033
64688 112 2657
64689 113 5168
64690 114 4928
64691 115 3640
64692 116 4287
64693 117 4342
64694 118 6990
64695 119 2068
64696 120 5862
64697 121 2265
64698 122 3423
64699 123 0
64700 124 2742
64701 125 3293
64702 126 3393
64703 127 4525
64704 128 4350
64705 129 4687
64706 130 4238
64707 131 3630
64708 132 2107
64709 133 3545
64710 134 4135
64711 135 4601
64712 136 2914
64713 137 2558
64714 138 0
64715 139 1860
64716 140 4583
64717 141 2703
64718 142 2054
64719 143 3180
64720 144 1990
64721 145 2403
64722 146 3532
64723 147 3166
64724 148 2974
64725 149 5109
64726 150 3075
64727 151 5424
64728 152 5558
64729 153 0
64730 154 4379
64731 155 3987
64732 156 4550
64733 157 5311
64734 158 1622
64735 159 2648
64736 160 2269
64737 161 2622
64738 162 3836
64739 163 4470
64740 164 4342
64741 165 2936
64742 166 1947
64743 167 4191
64744 168 5948
64745 169 3724
64746 170 3300
64747 171 2003
