2500
64577 1 6242
64578 2 4720
64579 3 1645
64580 4 4851
64581 5 6942
64582 6 3242
64583 7 9886
64584 8 2003
64585 9 3766
64586 10 2985
64587 11 1977
64588 12 4195
64589 13 2016
64590 14 2674
64591 15 2508
64592 16 7285
64593 17 3372
64594 18 0
64595 19 2435
64596 20 5865
64597 21 2571
64598 22 3923
64599 23 1401
64600 24 3765
64601 25 0
64602 26 2313
64603 27 3677
64604 28 3110
64605 29 3977
64606 30 3883
64607 31 1657
64608 32 2903
64609 33 5900
64610 34 2444
64611 35 5675
64612 36 7589
64613 37 8858
64614 38 7258
64615 39 7175
64616 40 2438
64617 41 5175
64618 42 2630
64619 43 2559
64620 44 7132
64621 45 2206
64622 46 2352
64623 47 8421
64624 48 3831
64625 49 2095
64626 50 6259
64627 51 2207
64628 52 3775
64629 53 4916
64630 54 2206
64631 55 4449
64632 56 5504
64633 57 5150
64634 58 4248
64635 59 3200
64636 60 4890
64637 61 3441
64638 62 4537
64639 63 2613
64640 64 0
64641 65 5142
64642 66 8675
64643 67 6725
64644 68 3925
64645 69 4428
64646 70 4796
64647 71 2751
64648 72 0
64649 73 5992
64650 74 2740
64651 75 5611
64652 76 2692
64653 77 5909
64654 78 1784
64655 79 5318
64656 80 0
64657 81 2220
64658 82 2146
64659 83 3632
64660 84 4245
64661 85 4967
64662 86 1500
64663 87 4425
64664 88 6807
64665 89 2003
64666 90 6508
64667 91 3069
64668 92 4385
64669 93 3747
64670 94 3793
64671 95 6465
64672 96 5842
64673 97 5038
64674 98 4060
64675 99 4124
64676 100 4243
64677 101 7835
64678 102 0
64679 103 6758
64680 104 4502
64681 105 2664
64682 106 4666
64683 107 4923
64684 108 2726
64685 109 7708
64686 110 2145
64687 111 2320
64688 112 2715
64689 113 2677
64690 114 7958
64691 115 5715
64692 116 0
64693 117 3161
64694 118 4886
64695 119 7748
64696 120 2469
64697 121 1479
64698 122 3544
64699 123 3931
64700 124 6327
64701 125 5195
64702 126 7328
64703 127 2592
64704 128 2334
64705 129 6680
64706 130 2608
64707 131 2913
64708 132 0
64709 133 2563
64710 134 9033
64711 135 3093
64712 136 5513
64713 137 3052
64714 138 5005
64715 139 3705
64716 140 6425
64717 141 3547
64718 142 9975
64719 143 2003
