2500
64577 1 3777
64578 2 3372
64579 3 1645
64580 4 3339
64581 5 1621
64582 6 2774
64583 7 2644
64584 8 2223
64585 9 0
64586 10 3842
64587 11 5486
64588 12 5301
64589 13 0
64590 14 3075
64591 15 4010
64592 16 4021
64593 17 2237
64594 18 1796
64595 19 3621
64596 20 2632
64597 21 2445
64598 22 3423
64599 23 4840
64600 24 0
64601 25 3042
64602 26 4109
64603 27 0
64604 28 3075
64605 29 4190
64606 30 4887
64607 31 2218
64608 32 2408
64609 33 2699
64610 34 3447
64611 35 2368
64612 36 4105
64613 37 5483
64614 38 4706
64615 39 2587
64616 40 3342
64617 41 2632
64618 42 4958
64619 43 2545
64620 44 3542
64621 45 3659
64622 46 4701
64623 47 4892
64624 48 2629
64625 49 3598
64626 50 0
64627 51 2471
64628 52 3309
64629 53 2775
64630 54 3319
64631 55 2285
64632 56 3934
64633 57 3050
64634 58 0
64635 59 2602
64636 60 3544
64637 61 5008
64638 62 5003
64639 63 1863
64640 64 2134
64641 65 2972
64642 66 2445
64643 67 2843
64644 68 2925
64645 69 4953
64646 70 5360
64647 71 0
64648 72 2825
64649 73 4707
64650 74 3777
64651 75 3352
64652 76 2567
64653 77 2065
64654 78 4468
64655 79 6142
64656 80 4858
64657 81 7259
64658 82 0
64659 83 7675
64660 84 3138
64661 85 2981
64662 86 4872
64663 87 2253
64664 88 3987
64665 89 2982
64666 90 2363
64667 91 5623
64668 92 1856
64669 93 4858
64670 94 3846
64671 95 2840
64672 96 3677
64673 97 5790
64674 98 5548
64675 99 4579
64676 100 4430
64677 101 5571
64678 102 7465
64679 103 5229
64680 104 5192
64681 105 2081
64682 106 4439
64683 107 4010
64684 108 4832
64685 109 2261
64686 110 5939
64687 111 7708
64688 112 2573
64689 113 5117
64690 114 5034
64691 115 6725
64692 116 4327
64693 117 8252
64694 118 5422
64695 119 4278
64696 120 1197
64697 121 5211
64698 122 2802
64699 123 1809
64700 124 3844
64701 125 6425
64702 126 1262
64703 127 5751
64704 128 2044
64705 129 4195
64706 130 4127
64707 131 4808
64708 132 1643
64709 133 6383
64710 134 3998
64711 135 0
64712 136 3531
64713 137 5517
64714 138 930
64715 139 4617
64716 140 6067
64717 141 2003
