2500
64577 1 4266
64578 2 5405
64579 3 4676
64580 4 2833
64581 5 2534
64582 6 2860
64583 7 3884
64584 8 5495
64585 9 3890
64586 10 3453
64587 11 1884
64588 12 4150
64589 13 4389
64590 14 9888
64591 15 9908
64592 16 4448
64593 17 4027
64594 18 2410
64595 19 4490
64596 20 5681
64597 21 2875
64598 22 1629
64599 23 4717
64600 24 2718
64601 25 4202
64602 26 5325
64603 27 4684
64604 28 4458
64605 29 0
64606 30 5043
64607 31 4525
64608 32 4131
64609 33 5827
64610 34 7375
64611 35 4992
64612 36 2884
64613 37 3975
64614 38 2170
64615 39 3643
64616 40 4658
64617 41 1751
64618 42 0
64619 43 3394
64620 44 2446
64621 45 5430
64622 46 5421
64623 47 4087
64624 48 2003
64625 49 4615
64626 50 3508
64627 51 4683
64628 52 7406
64629 53 8592
64630 54 5192
64631 55 5189
64632 56 0
64633 57 6908
64634 58 5704
64635 59 0
64636 60 6425
64637 61 6951
64638 62 2171
64639 63 4632
64640 64 2924
64641 65 3446
64642 66 5001
64643 67 5442
64644 68 5106
64645 69 2927
64646 70 6042
64647 71 3749
64648 72 0
64649 73 6547
64650 74 3924
64651 75 5530
64652 76 2586
64653 77 5445
64654 78 7026
64655 79 8176
64656 80 2157
64657 81 3555
64658 82 4452
64659 83 3893
64660 84 3009
64661 85 3840
64662 86 4108
64663 87 5579
64664 88 4258
64665 89 2195
64666 90 9807
64667 91 2003
64668 92 6508
64669 93 3063
64670 94 3922
64671 95 6448
64672 96 5106
64673 97 4916
64674 98 6835
64675 99 1782
64676 100 3772
64677 101 3287
64678 102 2641
64679 103 1781
64680 104 5773
64681 105 2982
64682 106 2009
64683 107 5613
64684 108 4392
64685 109 2135
64686 110 4329
64687 111 6608
64688 112 5025
64689 113 3786
64690 114 4175
64691 115 7713
64692 116 2288
64693 117 5092
64694 118 4008
64695 119 7079
64696 120 3294
64697 121 7425
64698 122 5420
64699 123 5228
64700 124 3315
64701 125 2750
64702 126 4363
64703 127 6925
64704 128 6235
64705 129 3818
64706 130 5942
64707 131 4525
64708 132 2341
64709 133 7009
64710 134 2003
