2500
64577 1 3402
64578 2 3430
64579 3 3697
64580 4 4455
64581 5 2675
64582 6 1876
64583 7 2714
64584 8 3733
64585 9 3753
64586 10 2130
64587 11 3807
64588 12 3108
64589 13 4751
64590 14 4942
64591 15 4906
64592 16 3151
64593 17 4715
64594 18 4351
64595 19 0
64596 20 2692
64597 21 4322
64598 22 5294
64599 23 1997
64600 24 3875
64601 25 3389
64602 26 3631
64603 27 5530
64604 28 3841
64605 29 0
64606 30 1586
64607 31 2849
64608 32 1660
64609 33 3359
64610 34 5173
64611 35 1872
64612 36 4100
64613 37 0
64614 38 4217
64615 39 3885
64616 40 2526
64617 41 2961
64618 42 2354
64619 43 4293
64620 44 2246
64621 45 1183
64622 46 3367
64623 47 2970
64624 48 4918
64625 49 3994
64626 50 3777
64627 51 3928
64628 52 4582
64629 53 2542
64630 54 5357
64631 55 2202
64632 56 3292
64633 57 3439
64634 58 5951
64635 59 3719
64636 60 6605
64637 61 5758
64638 62 3784
64639 63 7033
64640 64 0
64641 65 5442
64642 66 2572
64643 67 3951
64644 68 5251
64645 69 2056
64646 70 4242
64647 71 4014
64648 72 4513
64649 73 4514
64650 74 4813
64651 75 0
64652 76 4442
64653 77 5738
64654 78 1798
64655 79 2392
64656 80 3107
64657 81 3424
64658 82 5289
64659 83 2187
64660 84 5320
64661 85 3208
64662 86 3848
64663 87 2187
64664 88 3077
64665 89 3609
64666 90 2111
64667 91 3671
64668 92 0
64669 93 3548
64670 94 3105
64671 95 3076
64672 96 2855
64673 97 4683
64674 98 5065
64675 99 1773
64676 100 3695
64677 101 3452
64678 102 2003
64679 103 2603
64680 104 2029
64681 105 1567
64682 106 3846
64683 107 2942
64684 108 4770
64685 109 3558
64686 110 1446
64687 111 2632
64688 112 2628
64689 113 2391
64690 114 3217
64691 115 2260
64692 116 3159
64693 117 2088
64694 118 1635
64695 119 3242
64696 120 4222
64697 121 2254
64698 122 3892
64699 123 804
64700 124 2501
64701 125 3769
64702 126 1264
64703 127 3662
64704 128 630
64705 129 2403
64706 130 1875
64707 131 4722
64708 132 5320
64709 133 2188
64710 134 5312
64711 135 5522
64712 136 5510
64713 137 7000
64714 138 4899
64715 139 1687
64716 140 2040
64717 141 3904
64718 142 5574
64719 143 3789
64720 144 5623
64721 145 3264
64722 146 5229
64723 147 3608
64724 148 6153
64725 149 2003
