2500
64577 1 5058
64578 2 3956
64579 3 1175
64580 4 5490
64581 5 2102
64582 6 0
64583 7 3262
64584 8 3692
64585 9 4192
64586 10 6441
64587 11 2094
64588 12 1925
64589 13 3066
64590 14 2102
64591 15 3369
64592 16 2675
64593 17 5843
64594 18 4618
64595 19 2176
64596 20 1693
64597 21 3607
64598 22 3591
64599 23 1970
64600 24 4473
64601 25 3494
64602 26 5030
64603 27 1654
64604 28 5148
64605 29 3375
64606 30 2574
64607 31 5023
64608 32 0
64609 33 4275
64610 34 5971
64611 35 2003
64612 36 4850
64613 37 2068
64614 38 1748
64615 39 5080
64616 40 1626
64617 41 4886
64618 42 2758
64619 43 5389
64620 44 2572
64621 45 2657
64622 46 3591
64623 47 2003
64624 48 1467
64625 49 3746
64626 50 2138
64627 51 1829
64628 52 5458
64629 53 1653
64630 54 4295
64631 55 4001
64632 56 5318
64633 57 0
64634 58 8553
64635 59 4175
64636 60 3643
64637 61 2209
64638 62 3008
64639 63 4222
64640 64 3627
64641 65 2434
64642 66 4301
64643 67 3529
64644 68 3270
64645 69 3165
64646 70 2003
64647 71 2494
64648 72 2792
64649 73 2353
64650 74 3994
64651 75 4583
64652 76 5169
64653 77 6642
64654 78 0
64655 79 1426
64656 80 6886
64657 81 2178
64658 82 4690
64659 83 0
64660 84 2843
64661 85 3205
64662 86 3500
64663 87 4617
64664 88 2186
64665 89 2775
64666 90 3033
64667 91 4111
64668 92 1821
64669 93 3833
64670 94 2267
64671 95 4772
64672 96 2529
64673 97 3225
64674 98 4511
64675 99 0
64676 100 2159
64677 101 6485
64678 102 2592
64679 103 1721
64680 104 4101
64681 105 1965
64682 106 2680
64683 107 2430
64684 108 3921
64685 109 4894
64686 110 2370
64687 111 4978
64688 112 4617
64689 113 0
64690 114 2101
64691 115 3412
64692 116 1355
64693 117 2558
64694 118 4175
64695 119 2067
64696 120 2823
64697 121 4206
64698 122 3327
64699 123 2543
64700 124 5730
64701 125 4937
64702 126 2824
64703 127 4673
64704 128 3828
64705 129 2364
64706 130 4450
64707 131 6450
64708 132 2292
64709 133 2049
64710 134 2116
64711 135 4194
64712 136 4844
64713 137 4558
64714 138 2259
64715 139 4370
64716 140 5975
64717 141 6625
64718 142 0
64719 143 3917
64720 144 1664
64721 145 7055
64722 146 2329
64723 147 2137
64724 148 2038
64725 149 4446
64726 150 7045
64727 151 1519
64728 152 5465
64729 153 3875
64730 154 6539
64731 155 2237
64732 156 6258
64733 157 2708
64734 158 2940
64735 159 3592
64736 160 1304
64737 161 4324
64738 162 5937
64739 163 2253
64740 164 1866
64741 165 3349
64742 166 3630
64743 167 3433
64744 168 2724
64745 169 4208
64746 170 1825
64747 171 3285
64748 172 4187
64749 173 2003
