2500
64577 1 2848
64578 2 3112
64579 3 3780
64580 4 5101
64581 5 3742
64582 6 3286
64583 7 4297
64584 8 3658
64585 9 2846
64586 10 2915
64587 11 3654
64588 12 2756
64589 13 4796
64590 14 2276
64591 15 2116
64592 16 4646
64593 17 2337
64594 18 5389
64595 19 3086
64596 20 3392
64597 21 3018
64598 22 1374
64599 23 3937
64600 24 2752
64601 25 3312
64602 26 6654
64603 27 2401
64604 28 5396
64605 29 3972
64606 30 2560
64607 31 2149
64608 32 2080
64609 33 7304
64610 34 3919
64611 35 3190
64612 36 4742
64613 37 4234
64614 38 0
64615 39 7922
64616 40 2444
64617 41 1930
64618 42 1890
64619 43 4554
64620 44 3930
64621 45 2196
64622 46 2106
64623 47 4536
64624 48 2265
64625 49 4328
64626 50 3546
64627 51 3674
64628 52 2626
64629 53 4533
64630 54 3418
64631 55 4061
64632 56 2003
64633 57 2296
64634 58 0
64635 59 3942
64636 60 2075
64637 61 6217
64638 62 2234
64639 63 1580
64640 64 2143
64641 65 4509
64642 66 2959
64643 67 6196
64644 68 2234
64645 69 2508
64646 70 2253
64647 71 3619
64648 72 2648
64649 73 5135
64650 74 2221
64651 75 3808
64652 76 2401
64653 77 3015
64654 78 4396
64655 79 2212
64656 80 7187
64657 81 6942
64658 82 1902
64659 83 4708
64660 84 6438
64661 85 1855
64662 86 2380
64663 87 3129
64664 88 2007
64665 89 2971
64666 90 3000
64667 91 3415
64668 92 2580
64669 93 6043
64670 94 3108
64671 95 3147
64672 96 7692
64673 97 2187
64674 98 2445
64675 99 3235
64676 100 8343
64677 101 2313
64678 102 3650
64679 103 1479
64680 104 4300
64681 105 7285
64682 106 2288
64683 107 2675
64684 108 2585
64685 109 2753
64686 110 5094
64687 111 3990
64688 112 2568
64689 113 4178
64690 114 4204
64691 115 5692
64692 116 2343
64693 117 3683
64694 118 4693
64695 119 4724
64696 120 4216
64697 121 2003
64698 122 3258
64699 123 2466
64700 124 3073
64701 125 3305
64702 126 2078
64703 127 1093
64704 128 3503
64705 129 1516
64706 130 2808
64707 131 5958
64708 132 1817
64709 133 2588
64710 134 2615
64711 135 3360
64712 136 4509
64713 137 2702
64714 138 5177
64715 139 7590
64716 140 2271
64717 141 7043
64718 142 2260
64719 143 5683
64720 144 2003
