2500
64577 1 1737
64578 2 3148
64579 3 2779
64580 4 2945
64581 5 4122
64582 6 3260
64583 7 1707
64584 8 4631
64585 9 5226
64586 10 5894
64587 11 1884
64588 12 2175
64589 13 5753
64590 14 2150
64591 15 3756
64592 16 3324
64593 17 4021
64594 18 2113
64595 19 2867
64596 20 2358
64597 21 4685
64598 22 2140
64599 23 6212
64600 24 5798
64601 25 2242
64602 26 4277
64603 27 6350
64604 28 2098
64605 29 1681
64606 30 3977
64607 31 2068
64608 32 4186
64609 33 1901
64610 34 4994
64611 35 5518
64612 36 2176
64613 37 5659
64614 38 2558
64615 39 6417
64616 40 2108
64617 41 1408
64618 42 1287
64619 43 4981
64620 44 3434
64621 45 4139
64622 46 5727
64623 47 2036
64624 48 4092
64625 49 2007
64626 50 3042
64627 51 4340
64628 52 2163
64629 53 2518
64630 54 3650
64631 55 2687
64632 56 2125
64633 57 5029
64634 58 2163
64635 59 1781
64636 60 3021
64637 61 6888
64638 62 2141
64639 63 2219
64640 64 5723
64641 65 1693
64642 66 2420
64643 67 2641
64644 68 2408
64645 69 6064
64646 70 2196
64647 71 2869
64648 72 5164
64649 73 2353
64650 74 1553
64651 75 2367
64652 76 5024
64653 77 2204
64654 78 3907
64655 79 5829
64656 80 2286
64657 81 3266
64658 82 6270
64659 83 2119
64660 84 2740
64661 85 4054
64662 86 1473
64663 87 2547
64664 88 4705
64665 89 2193
64666 90 3520
64667 91 3398
64668 92 1783
64669 93 4536
64670 94 2987
64671 95 2795
64672 96 1837
64673 97 2520
64674 98 2593
64675 99 5003
64676 100 1587
64677 101 4202
64678 102 5117
64679 103 0
64680 104 5858
64681 105 4981
64682 106 2622
64683 107 0
64684 108 661
64685 109 3247
64686 110 5088
64687 111 1826
64688 112 2054
64689 113 5335
64690 114 3059
64691 115 3460
64692 116 4425
64693 117 5109
64694 118 2003
64695 119 5003
64696 120 6096
64697 121 8092
64698 122 2103
64699 123 1458
64700 124 1617
64701 125 3570
64702 126 5517
64703 127 2113
64704 128 1366
64705 129 2504
64706 130 3643
64707 131 2726
64708 132 6135
64709 133 1685
64710 134 2068
64711 135 2076
64712 136 2468
64713 137 2074
64714 138 5061
64715 139 2010
64716 140 1391
64717 141 2117
64718 142 2935
64719 143 3180
64720 144 3344
64721 145 2342
64722 146 2496
64723 147 4870
64724 148 2149
64725 149 2474
64726 150 2028
64727 151 5858
64728 152 2128
64729 153 4225
64730 154 3019
64731 155 4382
64732 156 3598
64733 157 2130
64734 158 1399
64735 159 2731
64736 160 3921
64737 161 3983
64738 162 6672
64739 163 1487
64740 164 3475
64741 165 5726
64742 166 1928
64743 167 2184
64744 168 5315
64745 169 2639
64746 170 4147
64747 171 5908
64748 172 2768
64749 173 5892
64750 174 2297
64751 175 8249
64752 176 2003
