2500
64577 1 5332
64578 2 5380
64579 3 5768
64580 4 2439
64581 5 0
64582 6 2175
64583 7 3591
64584 8 4469
64585 9 2578
64586 10 4912
64587 11 2675
64588 12 5288
64589 13 2228
64590 14 4401
64591 15 3242
64592 16 4312
64593 17 3834
64594 18 5755
64595 19 0
64596 20 10270
64597 21 2049
64598 22 3885
64599 23 1497
64600 24 5225
64601 25 2185
64602 26 3608
64603 27 2597
64604 28 0
64605 29 1313
64606 30 5129
64607 31 3695
64608 32 2088
64609 33 1468
64610 34 4899
64611 35 3267
64612 36 3019
64613 37 2404
64614 38 4205
64615 39 5467
64616 40 2113
64617 41 1534
64618 42 4801
64619 43 4657
64620 44 2595
64621 45 4894
64622 46 2240
64623 47 4239
64624 48 4443
64625 49 3535
64626 50 2642
64627 51 2400
64628 52 7607
64629 53 5442
64630 54 2218
64631 55 4095
64632 56 3275
64633 57 6269
64634 58 2245
64635 59 3070
64636 60 2090
64637 61 5186
64638 62 3809
64639 63 2436
64640 64 3192
64641 65 2668
64642 66 4591
64643 67 3275
64644 68 5384
64645 69 2242
64646 70 6019
64647 71 3758
64648 72 6411
64649 73 2518
64650 74 9025
64651 75 2163
64652 76 3225
64653 77 3822
64654 78 4066
64655 79 6992
64656 80 6179
64657 81 6218
64658 82 2019
64659 83 4335
64660 84 3844
64661 85 5708
64662 86 3430
64663 87 6166
64664 88 2212
64665 89 2575
64666 90 1877
64667 91 2482
64668 92 2354
64669 93 6534
64670 94 2003
64671 95 4191
64672 96 2136
64673 97 1454
64674 98 4605
64675 99 2127
64676 100 2575
64677 101 4599
64678 102 1552
64679 103 4483
64680 104 1535
64681 105 4600
64682 106 2540
64683 107 2975
64684 108 5861
64685 109 2047
64686 110 2824
64687 111 3114
64688 112 5057
64689 113 6525
64690 114 1980
64691 115 2592
64692 116 2336
64693 117 4132
64694 118 2995
64695 119 3882
64696 120 3666
64697 121 2224
64698 122 4489
64699 123 4054
64700 124 2966
64701 125 3004
64702 126 4625
64703 127 2299
64704 128 4780
64705 129 0
64706 130 3198
64707 131 3435
64708 132 2455
64709 133 3228
64710 134 3856
64711 135 2968
64712 136 2488
64713 137 3995
64714 138 2086
64715 139 2629
64716 140 2776
64717 141 2532
64718 142 1959
64719 143 3482
64720 144 2003
