2500
64577 1 3025
64578 2 4492
64579 3 3058
64580 4 3629
64581 5 8025
64582 6 6141
64583 7 2223
64584 8 4729
64585 9 3865
64586 10 3715
64587 11 4961
64588 12 3781
64589 13 3350
64590 14 1840
64591 15 2045
64592 16 1987
64593 17 2802
64594 18 3615
64595 19 5033
64596 20 1654
64597 21 4636
64598 22 1900
64599 23 6116
64600 24 2346
64601 25 3903
64602 26 4808
64603 27 2722
64604 28 4020
64605 29 2111
64606 30 2433
64607 31 2619
64608 32 1507
64609 33 4877
64610 34 3895
64611 35 4453
64612 36 2230
64613 37 4792
64614 38 5073
64615 39 5308
64616 40 3480
64617 41 2805
64618 42 5063
64619 43 2003
64620 44 5088
64621 45 4399
64622 46 4787
64623 47 2210
64624 48 5725
64625 49 4887
64626 50 2972
64627 51 4575
64628 52 4649
64629 53 2189
64630 54 5108
64631 55 2554
64632 56 4959
64633 57 0
64634 58 4308
64635 59 3934
64636 60 3312
64637 61 4148
64638 62 4932
64639 63 3669
64640 64 2027
64641 65 4558
64642 66 5742
64643 67 1402
64644 68 3567
64645 69 3020
64646 70 4297
64647 71 2241
64648 72 2768
64649 73 2286
64650 74 2221
64651 75 5055
64652 76 5559
64653 77 3871
64654 78 3253
64655 79 3787
64656 80 4395
64657 81 1733
64658 82 2263
64659 83 4288
64660 84 2084
64661 85 2945
64662 86 5303
64663 87 2173
64664 88 2616
64665 89 1673
64666 90 4476
64667 91 4617
64668 92 2065
64669 93 1498
64670 94 3607
64671 95 3822
64672 96 2163
64673 97 5089
64674 98 3732
64675 99 2003
64676 100 2898
64677 101 5125
64678 102 3400
64679 103 2686
64680 104 5110
64681 105 1758
64682 106 4231
64683 107 4837
64684 108 2102
64685 109 2875
64686 110 1930
64687 111 2663
64688 112 4266
64689 113 6427
64690 114 3954
64691 115 4383
64692 116 1239
64693 117 1892
64694 118 4839
64695 119 2035
64696 120 2142
64697 121 2068
64698 122 1276
64699 123 5158
64700 124 1912
64701 125 3549
64702 126 3758
64703 127 5620
64704 128 2144
64705 129 1613
64706 130 2643
64707 131 2649
64708 132 4123
64709 133 0
64710 134 2108
64711 135 2731
64712 136 2367
64713 137 4684
64714 138 2080
64715 139 4301
64716 140 4019
64717 141 2197
64718 142 1382
64719 143 5724
64720 144 4105
64721 145 2244
64722 146 1411
64723 147 1754
64724 148 5707
64725 149 4027
64726 150 5376
64727 151 4031
64728 152 6368
64729 153 1911
64730 154 2857
64731 155 3193
64732 156 1421
64733 157 3864
64734 158 3170
64735 159 4892
64736 160 2003
64737 161 2258
64738 162 3664
64739 163 2358
64740 164 4162
64741 165 7003
64742 166 2205
64743 167 3618
64744 168 1518
64745 169 3228
64746 170 3358
64747 171 3804
64748 172 2003
