2500
64577 1 2075
64578 2 3512
64579 3 2009
64580 4 2234
64581 5 5289
64582 6 1845
64583 7 1521
64584 8 3751
64585 9 2598
64586 10 5942
64587 11 2139
64588 12 2255
64589 13 4306
64590 14 2332
64591 15 5409
64592 16 2166
64593 17 2358
64594 18 1435
64595 19 5541
64596 20 1725
64597 21 2956
64598 22 3126
64599 23 3206
64600 24 3160
64601 25 2131
64602 26 2175
64603 27 2295
64604 28 3923
64605 29 4078
64606 30 0
64607 31 3583
64608 32 1522
64609 33 5135
64610 34 2199
64611 35 1792
64612 36 3254
64613 37 4263
64614 38 0
64615 39 3570
64616 40 1408
64617 41 4420
64618 42 2145
64619 43 3708
64620 44 2239
64621 45 2636
64622 46 5747
64623 47 2239
64624 48 2425
64625 49 3728
64626 50 3304
64627 51 3244
64628 52 5882
64629 53 2003
64630 54 4735
64631 55 3040
64632 56 5882
64633 57 2253
64634 58 1597
64635 59 5212
64636 60 3170
64637 61 4428
64638 62 2194
64639 63 2725
64640 64 3877
64641 65 2460
64642 66 3004
64643 67 3098
64644 68 6205
64645 69 2231
64646 70 4142
64647 71 7494
64648 72 6128
64649 73 2176
64650 74 2258
64651 75 4185
64652 76 2017
64653 77 4020
64654 78 8393
64655 79 2218
64656 80 3992
64657 81 5147
64658 82 2312
64659 83 6429
64660 84 2223
64661 85 4208
64662 86 3423
64663 87 5239
64664 88 2260
64665 89 4648
64666 90 4341
64667 91 4646
64668 92 5541
64669 93 2003
64670 94 3988
64671 95 4584
64672 96 5985
64673 97 3511
64674 98 2056
64675 99 8992
64676 100 3170
64677 101 2132
64678 102 2905
64679 103 2003
64680 104 2467
64681 105 3193
64682 106 2843
64683 107 6797
64684 108 2210
64685 109 3846
64686 110 9143
64687 111 5258
64688 112 3124
64689 113 1594
64690 114 2037
64691 115 3386
64692 116 6399
64693 117 5563
64694 118 2995
64695 119 3641
64696 120 2207
64697 121 4262
64698 122 3319
64699 123 3828
64700 124 1811
64701 125 3631
64702 126 4766
64703 127 4023
64704 128 2226
64705 129 4325
64706 130 3604
64707 131 2014
64708 132 2843
64709 133 4355
64710 134 5533
64711 135 6248
64712 136 2072
64713 137 5008
64714 138 4311
64715 139 5354
64716 140 2073
64717 141 2208
64718 142 3157
64719 143 3236
64720 144 4018
64721 145 2003
