2500
64577 1 7003
64578 2 0
64579 3 2423
64580 4 5310
64581 5 1219
64582 6 5081
64583 7 2499
64584 8 4391
64585 9 4974
64586 10 4514
64587 11 2003
64588 12 6992
64589 13 4308
64590 14 2108
64591 15 6142
64592 16 2547
64593 17 3374
64594 18 2172
64595 19 3008
64596 20 1214
64597 21 3897
64598 22 3594
64599 23 1729
64600 24 4767
64601 25 1605
64602 26 2762
64603 27 0
64604 28 3545
64605 29 3168
64606 30 2145
64607 31 3763
64608 32 5459
64609 33 2223
64610 34 3570
64611 35 1988
64612 36 2611
64613 37 3542
64614 38 2069
64615 39 3342
64616 40 4110
64617 41 2053
64618 42 445
64619 43 2229
64620 44 4975
64621 45 3093
64622 46 3749
64623 47 1795
64624 48 2075
64625 49 3047
64626 50 3411
64627 51 4553
64628 52 2183
64629 53 2792
64630 54 3291
64631 55 3527
64632 56 3769
64633 57 1853
64634 58 2611
64635 59 6518
64636 60 1921
64637 61 4045
64638 62 2012
64639 63 2070
64640 64 6491
64641 65 5233
64642 66 2203
64643 67 4342
64644 68 1550
64645 69 3994
64646 70 2512
64647 71 3747
64648 72 1971
64649 73 5342
64650 74 7025
64651 75 2145
64652 76 4375
64653 77 5623
64654 78 3106
64655 79 3726
64656 80 2086
64657 81 3875
64658 82 1586
64659 83 2070
64660 84 3681
64661 85 3690
64662 86 6060
64663 87 1732
64664 88 2228
64665 89 4337
64666 90 3784
64667 91 2448
64668 92 4688
64669 93 2213
64670 94 5642
64671 95 2619
64672 96 6515
64673 97 6011
64674 98 1695
64675 99 2417
64676 100 2599
64677 101 5955
64678 102 1317
64679 103 1478
64680 104 6705
64681 105 4670
64682 106 3833
64683 107 2463
64684 108 5348
64685 109 2151
64686 110 2333
64687 111 3606
64688 112 3056
64689 113 2966
64690 114 4978
64691 115 1579
64692 116 4962
64693 117 2003
64694 118 4208
64695 119 1624
64696 120 5897
64697 121 5608
64698 122 3813
64699 123 2206
64700 124 4175
64701 125 1527
64702 126 5800
64703 127 4398
64704 128 2084
64705 129 4192
64706 130 1656
64707 131 2284
64708 132 5549
64709 133 5623
64710 134 2172
64711 135 4082
64712 136 1495
64713 137 3635
64714 138 4895
64715 139 2003
64716 140 2805
64717 141 2695
64718 142 4050
64719 143 4083
64720 144 6316
64721 145 2280
64722 146 2409
64723 147 5222
64724 148 3392
64725 149 5610
64726 150 3620
64727 151 2140
64728 152 3344
64729 153 2455
64730 154 3488
64731 155 3571
64732 156 1551
64733 157 2963
64734 158 3049
64735 159 2501
64736 160 1580
64737 161 2556
64738 162 0
64739 163 1637
64740 164 5090
64741 165 2581
64742 166 5382
64743 167 2168
64744 168 2427
64745 169 3580
64746 170 3060
64747 171 5711
64748 172 5875
64749 173 1781
64750 174 5151
64751 175 2003
