2500
64336 3 81
64577 4 3265
64578 5 4322
64579 6 3233
64580 7 4447
64581 8 6108
64582 9 5992
64583 10 9112
64584 11 2340
64585 12 6785
64586 13 2423
64587 14 5758
64588 15 4442
64589 16 2635
64590 17 0
64591 18 3442
64592 19 3943
64593 20 9434
64594 21 2122
64595 22 1886
64596 23 2563
64597 24 2607
64598 25 5495
64599 26 2507
64600 27 6291
64601 28 7092
64602 29 2605
64603 30 5775
64604 31 2311
64605 32 4071
64606 33 7151
64607 34 5075
64608 35 5516
64609 36 6093
64610 37 2934
64611 38 5508
64612 39 6662
64613 40 2610
64614 41 3021
64615 42 6315
64616 43 0
64617 44 2370
64618 45 2639
64619 46 9596
64620 47 5610
64621 48 4378
64622 49 3942
64623 50 6072
64624 51 3113
64625 52 7061
64626 53 2414
64627 54 2763
64628 55 4533
64629 56 4746
64630 57 7490
64631 58 5224
64632 59 6026
64633 60 1896
64634 61 5352
64635 62 7208
64636 63 2558
64637 64 3194
64638 65 2527
64639 66 5996
64640 67 2210
64641 68 3208
64642 69 6031
64643 70 4768
64644 71 6475
64645 72 7706
64646 73 6068
64647 74 6445
64648 75 0
64649 76 3175
64650 77 1414
64651 78 3617
64652 79 7328
64653 80 2486
64654 81 4619
64655 82 3773
64656 83 4345
64657 84 2359
64658 85 6024
64659 86 7275
64660 87 8425
64661 88 2067
64662 89 4465
64663 90 3832
64664 91 4349
64665 92 3359
64666 93 2844
64667 94 7347
64668 95 3732
64669 96 0
64670 97 5412
64671 98 2310
64672 99 3712
64673 100 1552
64674 101 2418
64675 102 2097
64676 103 2636
64677 104 5402
64678 105 2335
64679 106 3672
64680 107 2348
64681 108 4620
64682 109 2320
64683 110 5824
64684 111 2148
64685 112 8361
64686 113 2392
64687 114 2475
64688 115 4542
64689 116 2631
64690 117 2407
64691 118 3280
64692 119 1579
64693 120 4946
64694 121 2367
64695 122 4486
64696 123 3477
64697 124 4287
64698 125 3266
64699 126 4712
64700 127 9608
64701 128 6608
64702 129 7675
64703 130 6908
64704 131 7192
64705 132 2136
64706 133 4613
64707 134 6006
64708 135 4122
64709 136 2631
64710 137 2507
64711 138 7907
64712 139 2003
64858 140 1361
64859 141 1361
64860 142 1441
64861 143 1463
64862 144 1562
64863 145 1516
64864 146 1359
64865 147 1365
64866 148 979
64867 149 1029
64868 150 1196
64869 151 1194
64870 152 1329
64871 153 1381
64872 154 1292
64873 155 1306
64874 156 1535
64875 157 1541
64876 158 1355
64877 159 1355
64878 160 1530
64879 161 1537
64880 162 1348
64881 163 1382
64882 164 1368
64883 165 1362
64884 166 1139
64885 167 1153
64886 168 1638
64887 169 1665
64888 170 1665
64889 171 1672
