2500
64577 1 2467
64578 2 2104
64579 3 4259
64580 4 3649
64581 5 4705
64582 6 2692
64583 7 3033
64584 8 8126
64585 9 2303
64586 10 5312
64587 11 5906
64588 12 5175
64589 13 3253
64590 14 3696
64591 15 4743
64592 16 4158
64593 17 7857
64594 18 1998
64595 19 2580
64596 20 5986
64597 21 2384
64598 22 6862
64599 23 3803
64600 24 4626
64601 25 2404
64602 26 3881
64603 27 6886
64604 28 2003
64605 29 5175
64606 30 4816
64607 31 5091
64608 32 2144
64609 33 553
64610 34 3089
64611 35 3442
64612 36 3189
64613 37 3728
64614 38 5945
64615 39 2003
64616 40 2027
64617 41 4667
64618 42 2622
64619 43 2543
64620 44 4135
64621 45 2000
64622 46 3215
64623 47 4703
64624 48 2269
64625 49 3032
64626 50 1835
64627 51 5808
64628 52 4721
64629 53 3144
64630 54 2174
64631 55 2417
64632 56 3697
64633 57 2400
64634 58 2461
64635 59 2929
64636 60 6010
64637 61 2341
64638 62 1876
64639 63 4874
64640 64 2722
64641 65 5375
64642 66 6725
64643 67 2096
64644 68 3667
64645 69 2340
64646 70 2559
64647 71 7764
64648 72 5708
64649 73 2457
64650 74 2868
64651 75 4819
64652 76 0
64653 77 2272
64654 78 3004
64655 79 2505
64656 80 1889
64657 81 2842
64658 82 1512
64659 83 3560
64660 84 0
64661 85 644
64662 86 3577
64663 87 5091
64664 88 2003
64665 89 2598
64666 90 2451
64667 91 2780
64668 92 4707
64669 93 3642
64670 94 3285
64671 95 4875
64672 96 2198
64673 97 1964
64674 98 4269
64675 99 3812
64676 100 2145
64677 101 4220
64678 102 2408
64679 103 2542
64680 104 3719
64681 105 5649
64682 106 4020
64683 107 3266
64684 108 5402
64685 109 6125
64686 110 1721
64687 111 5787
64688 112 7075
64689 113 5641
64690 114 5542
64691 115 8258
64692 116 6967
64693 117 2187
64694 118 1685
64695 119 2580
64696 120 5857
64697 121 5575
64698 122 2348
64699 123 1667
64700 124 2584
64701 125 4783
64702 126 3386
64703 127 6458
64704 128 2959
64705 129 5448
64706 130 2339
64707 131 4243
64708 132 7833
64709 133 3507
64710 134 2619
64711 135 3496
64712 136 4555
64713 137 2003
