2500
64577 1 4175
64578 2 5068
64579 3 3885
64580 4 4847
64581 5 2289
64582 6 5675
64583 7 4124
64584 8 4275
64585 9 4725
64586 10 2237
64587 11 4336
64588 12 4742
64589 13 2590
64590 14 3864
64591 15 2260
64592 16 1639
64593 17 2364
64594 18 1496
64595 19 4796
64596 20 2575
64597 21 4282
64598 22 2003
64599 23 2525
64600 24 4920
64601 25 4752
64602 26 2335
64603 27 1894
64604 28 2228
64605 29 4370
64606 30 3391
64607 31 2903
64608 32 4257
64609 33 5207
64610 34 3806
64611 35 2183
64612 36 4675
64613 37 4041
64614 38 4491
64615 39 3079
64616 40 4775
64617 41 5798
64618 42 4310
64619 43 2003
64620 44 3575
64621 45 4814
64622 46 2379
64623 47 5353
64624 48 3284
64625 49 2247
64626 50 1629
64627 51 7613
64628 52 3054
64629 53 5275
64630 54 4847
64631 55 2114
64632 56 3642
64633 57 4192
64634 58 2519
64635 59 5483
64636 60 5262
64637 61 1907
64638 62 6160
64639 63 3233
64640 64 3911
64641 65 4497
64642 66 2208
64643 67 2593
64644 68 2728
64645 69 2374
64646 70 3788
64647 71 5728
64648 72 4642
64649 73 2166
64650 74 998
64651 75 3050
64652 76 3560
64653 77 4642
64654 78 2224
64655 79 5244
64656 80 2227
64657 81 5358
64658 82 4876
64659 83 4171
64660 84 2276
64661 85 4158
64662 86 1516
64663 87 4400
64664 88 5901
64665 89 2525
64666 90 4338
64667 91 2321
64668 92 2175
64669 93 3992
64670 94 2042
64671 95 4924
64672 96 4608
64673 97 5092
64674 98 2315
64675 99 3108
64676 100 3970
64677 101 4740
64678 102 0
64679 103 2842
64680 104 2718
64681 105 6210
64682 106 1904
64683 107 4142
64684 108 2003
64685 109 2834
64686 110 7097
64687 111 4669
64688 112 5264
64689 113 2780
64690 114 2071
64691 115 4837
64692 116 3020
64693 117 3009
64694 118 3248
64695 119 2835
64696 120 5142
64697 121 2170
64698 122 3775
64699 123 2764
64700 124 2937
64701 125 1500
64702 126 2924
64703 127 2434
64704 128 5207
64705 129 1825
64706 130 5373
64707 131 3693
64708 132 1908
64709 133 2823
64710 134 2308
64711 135 4567
64712 136 4574
64713 137 5403
64714 138 2475
64715 139 4449
64716 140 2678
64717 141 3911
64718 142 6456
64719 143 2307
64720 144 2658
64721 145 3499
64722 146 2186
64723 147 5808
64724 148 3942
64725 149 3727
64726 150 3630
64727 151 4388
64728 152 9025
64729 153 8808
64730 154 0
64731 155 2642
64732 156 3268
64733 157 6859
64734 158 2669
64735 159 3747
64736 160 2003
