2500
64577 1 2096
64578 2 3685
64579 3 2807
64580 4 2108
64581 5 5201
64582 6 2156
64583 7 2410
64584 8 3466
64585 9 4182
64586 10 2076
64587 11 4942
64588 12 3563
64589 13 2969
64590 14 2123
64591 15 4308
64592 16 2504
64593 17 4496
64594 18 3817
64595 19 2822
64596 20 0
64597 21 2892
64598 22 4080
64599 23 3656
64600 24 3311
64601 25 2003
64602 26 3725
64603 27 2703
64604 28 2819
64605 29 3186
64606 30 1723
64607 31 4394
64608 32 6038
64609 33 2775
64610 34 3221
64611 35 2223
64612 36 2758
64613 37 3095
64614 38 3927
64615 39 5363
64616 40 2474
64617 41 2949
64618 42 4813
64619 43 2218
64620 44 2458
64621 45 3340
64622 46 1856
64623 47 1541
64624 48 3313
64625 49 4779
64626 50 3758
64627 51 2489
64628 52 1932
64629 53 3903
64630 54 2162
64631 55 2725
64632 56 3425
64633 57 3654
64634 58 2143
64635 59 4460
64636 60 4735
64637 61 3807
64638 62 2305
64639 63 3254
64640 64 5267
64641 65 3664
64642 66 2121
64643 67 3825
64644 68 2927
64645 69 2901
64646 70 4377
64647 71 2000
64648 72 1889
64649 73 4332
64650 74 2772
64651 75 3940
64652 76 2327
64653 77 2908
64654 78 4750
64655 79 5936
64656 80 6953
64657 81 4397
64658 82 4810
64659 83 5215
64660 84 5158
64661 85 2241
64662 86 1992
64663 87 2696
64664 88 3845
64665 89 3628
64666 90 4907
64667 91 5685
64668 92 0
64669 93 3332
64670 94 5011
64671 95 3566
64672 96 2650
64673 97 2284
64674 98 4208
64675 99 4480
64676 100 2252
64677 101 2642
64678 102 1471
64679 103 4312
64680 104 3303
64681 105 2784
64682 106 2928
64683 107 1740
64684 108 5411
64685 109 1501
64686 110 2391
64687 111 3335
64688 112 4141
64689 113 4535
64690 114 2120
64691 115 2208
64692 116 2415
64693 117 6498
64694 118 3308
64695 119 3347
64696 120 2883
64697 121 0
64698 122 2334
64699 123 4691
64700 124 3814
64701 125 2294
64702 126 2675
64703 127 4118
64704 128 2019
64705 129 2067
64706 130 5287
64707 131 2316
64708 132 1703
64709 133 5268
64710 134 2975
64711 135 5466
64712 136 2994
64713 137 2219
64714 138 2842
64715 139 2501
64716 140 5363
64717 141 5429
64718 142 3583
64719 143 2837
64720 144 0
64721 145 3245
64722 146 3822
64723 147 4676
64724 148 2331
64725 149 4630
64726 150 4421
64727 151 2492
64728 152 4741
64729 153 2003
