2500
64577 1 2242
64578 2 2545
64579 3 7391
64580 4 3442
64581 5 7564
64582 6 0
64583 7 3755
64584 8 4751
64585 9 7148
64586 10 4466
64587 11 4592
64588 12 2195
64589 13 3042
64590 14 7666
64591 15 4253
64592 16 5587
64593 17 5004
64594 18 2003
64595 19 2725
64596 20 6939
64597 21 2228
64598 22 6274
64599 23 7398
64600 24 2189
64601 25 3535
64602 26 2012
64603 27 5995
64604 28 2878
64605 29 0
64606 30 3108
64607 31 4502
64608 32 2476
64609 33 2581
64610 34 3408
64611 35 5883
64612 36 3685
64613 37 5430
64614 38 2502
64615 39 2558
64616 40 6110
64617 41 2334
64618 42 2246
64619 43 3918
64620 44 1851
64621 45 2803
64622 46 3517
64623 47 2366
64624 48 3775
64625 49 2363
64626 50 2487
64627 51 2898
64628 52 2506
64629 53 3562
64630 54 4161
64631 55 5231
64632 56 3334
64633 57 3340
64634 58 2206
64635 59 1852
64636 60 3455
64637 61 3526
64638 62 2362
64639 63 2775
64640 64 3289
64641 65 2887
64642 66 3392
64643 67 2278
64644 68 1737
64645 69 2507
64646 70 2023
64647 71 3884
64648 72 2558
64649 73 3253
64650 74 2858
64651 75 5059
64652 76 2369
64653 77 2090
64654 78 2166
64655 79 1821
64656 80 4950
64657 81 2122
64658 82 2857
64659 83 3055
64660 84 2742
64661 85 2925
64662 86 2590
64663 87 4022
64664 88 5125
64665 89 1813
64666 90 2204
64667 91 2724
64668 92 2343
64669 93 2778
64670 94 6992
64671 95 0
64672 96 3192
64673 97 3853
64674 98 2801
64675 99 5892
64676 100 2535
64677 101 2222
64678 102 1709
64679 103 4804
64680 104 5211
64681 105 3611
64682 106 2968
64683 107 2266
64684 108 3088
64685 109 2295
64686 110 2745
64687 111 1271
64688 112 6501
64689 113 8640
64690 114 2161
64691 115 4840
64692 116 4059
64693 117 3125
64694 118 3779
64695 119 2303
64696 120 1799
64697 121 2105
64698 122 3645
64699 123 3810
64700 124 1522
64701 125 5563
64702 126 1404
64703 127 4306
64704 128 2425
64705 129 2703
64706 130 3221
64707 131 2330
64708 132 3147
64709 133 5473
64710 134 2183
64711 135 4507
64712 136 2426
64713 137 4405
64714 138 4216
64715 139 2100
64716 140 2759
64717 141 2315
64718 142 5370
64719 143 2731
64720 144 4685
64721 145 4805
64722 146 4821
64723 147 2527
64724 148 2429
64725 149 4527
64726 150 3408
64727 151 6318
64728 152 5529
64729 153 1838
64730 154 4327
64731 155 2088
64732 156 2030
64733 157 3894
64734 158 4977
64735 159 4829
64736 160 5275
64737 161 3359
64738 162 5623
64739 163 6308
64740 164 4884
64741 165 2946
64742 166 3797
64743 167 2003
