2500
64577 1 3689
64578 2 4899
64579 3 2189
64580 4 1145
64581 5 3244
64582 6 2155
64583 7 3524
64584 8 2010
64585 9 5589
64586 10 1030
64587 11 3685
64588 12 2653
64589 13 3362
64590 14 2121
64591 15 1481
64592 16 1817
64593 17 3399
64594 18 3808
64595 19 5574
64596 20 4398
64597 21 1870
64598 22 1874
64599 23 5019
64600 24 4969
64601 25 2539
64602 26 4045
64603 27 1797
64604 28 2084
64605 29 4414
64606 30 2937
64607 31 2247
64608 32 3126
64609 33 3185
64610 34 3458
64611 35 3529
64612 36 1856
64613 37 2236
64614 38 2648
64615 39 1623
64616 40 4237
64617 41 4069
64618 42 4685
64619 43 2285
64620 44 3075
64621 45 3013
64622 46 3336
64623 47 4225
64624 48 3042
64625 49 5279
64626 50 2003
64627 51 2341
64628 52 5601
64629 53 6125
64630 54 1318
64631 55 2249
64632 56 2399
64633 57 2207
64634 58 4793
64635 59 4736
64636 60 2281
64637 61 5008
64638 62 2360
64639 63 1277
64640 64 5235
64641 65 7800
64642 66 3681
64643 67 4767
64644 68 2257
64645 69 4375
64646 70 8108
64647 71 3021
64648 72 5594
64649 73 6208
64650 74 3804
64651 75 1708
64652 76 2565
64653 77 4026
64654 78 4438
64655 79 5792
64656 80 2003
64657 81 5125
64658 82 1278
64659 83 4373
64660 84 5175
64661 85 3796
64662 86 2116
64663 87 2530
64664 88 4755
64665 89 4944
64666 90 4842
64667 91 4158
64668 92 4318
64669 93 4051
64670 94 4683
64671 95 1848
64672 96 2465
64673 97 4655
64674 98 4192
64675 99 4321
64676 100 4060
64677 101 3771
64678 102 3181
64679 103 4524
64680 104 2645
64681 105 5127
64682 106 4469
64683 107 2208
64684 108 3976
64685 109 4483
64686 110 4618
64687 111 6195
64688 112 3553
64689 113 4469
64690 114 2334
64691 115 5271
64692 116 4862
64693 117 2629
64694 118 6554
64695 119 2859
64696 120 4262
64697 121 5305
64698 122 4127
64699 123 1915
64700 124 5213
64701 125 5013
64702 126 1307
64703 127 0
64704 128 3363
64705 129 4114
64706 130 4409
64707 131 1801
64708 132 2537
64709 133 4594
64710 134 4726
64711 135 0
64712 136 3591
64713 137 3476
64714 138 3819
64715 139 2971
64716 140 3707
64717 141 5537
64718 142 2003
