2500
64577 1 829
64578 2 2025
64579 3 3079
64580 4 2428
64581 5 2427
64582 6 3281
64583 7 2639
64584 8 1964
64585 9 2406
64586 10 3049
64587 11 4992
64588 12 4308
64589 13 5308
64590 14 2113
64591 15 3900
64592 16 3618
64593 17 0
64594 18 3442
64595 19 3382
64596 20 3262
64597 21 4675
64598 22 0
64599 23 2367
64600 24 1839
64601 25 1551
64602 26 5132
64603 27 3366
64604 28 4034
64605 29 0
64606 30 5078
64607 31 1543
64608 32 3432
64609 33 2259
64610 34 5798
64611 35 0
64612 36 2403
64613 37 1974
64614 38 5204
64615 39 3266
64616 40 3717
64617 41 6642
64618 42 5672
64619 43 1704
64620 44 4995
64621 45 4911
64622 46 2226
64623 47 3741
64624 48 2865
64625 49 6092
64626 50 5089
64627 51 1808
64628 52 4007
64629 53 2797
64630 54 0
64631 55 5033
64632 56 1556
64633 57 3303
64634 58 2585
64635 59 0
64636 60 4592
64637 61 4725
64638 62 3692
64639 63 3972
64640 64 5308
64641 65 2746
64642 66 3313
64643 67 4162
64644 68 0
64645 69 2192
64646 70 3973
64647 71 5772
64648 72 1660
64649 73 2339
64650 74 3696
64651 75 2907
64652 76 2469
64653 77 1716
64654 78 2891
64655 79 4875
64656 80 1987
64657 81 661
64658 82 6592
64659 83 934
64660 84 880
64661 85 1999
64662 86 2320
64663 87 3586
64664 88 3848
64665 89 2003
64666 90 3397
64667 91 4669
64668 92 2242
64669 93 1128
64670 94 3971
64671 95 2184
64672 96 3992
64673 97 3494
64674 98 2050
64675 99 5425
64676 100 4785
64677 101 2003
64678 102 4158
64679 103 4605
64680 104 2015
64681 105 2558
64682 106 3218
64683 107 5276
64684 108 2129
64685 109 4025
64686 110 4494
64687 111 1995
64688 112 2434
64689 113 2691
64690 114 1465
64691 115 5103
64692 116 2142
64693 117 3600
64694 118 4085
64695 119 2272
64696 120 4294
64697 121 2076
64698 122 2031
64699 123 5582
64700 124 2015
64701 125 3503
64702 126 2003
64703 127 3044
64704 128 2958
64705 129 4626
64706 130 4457
64707 131 2245
64708 132 5592
64709 133 2142
64710 134 2889
64711 135 5021
64712 136 2220
64713 137 3925
64714 138 4711
64715 139 2140
64716 140 6558
64717 141 2139
64718 142 5005
64719 143 2251
64720 144 1021
64721 145 3803
64722 146 1815
64723 147 2937
64724 148 1407
64725 149 2519
64726 150 0
64727 151 2852
64728 152 3001
64729 153 4935
64730 154 4102
64731 155 2269
64732 156 6662
64733 157 5181
64734 158 1806
64735 159 3156
64736 160 2739
64737 161 3975
64738 162 2003
