2500
64577 1 2724
64578 2 3948
64579 3 2958
64580 4 2174
64581 5 1387
64582 6 1896
64583 7 3969
64584 8 3134
64585 9 2140
64586 10 1335
64587 11 2923
64588 12 2060
64589 13 1234
64590 14 3656
64591 15 3942
64592 16 2108
64593 17 1404
64594 18 2749
64595 19 6775
64596 20 2142
64597 21 3222
64598 22 2259
64599 23 2480
64600 24 2559
64601 25 3405
64602 26 3238
64603 27 1672
64604 28 2334
64605 29 2771
64606 30 2523
64607 31 2497
64608 32 4637
64609 33 2221
64610 34 6187
64611 35 3571
64612 36 2400
64613 37 2908
64614 38 5228
64615 39 1642
64616 40 3642
64617 41 2003
64618 42 1563
64619 43 2668
64620 44 2308
64621 45 2673
64622 46 1973
64623 47 3446
64624 48 4090
64625 49 2144
64626 50 3085
64627 51 3795
64628 52 3284
64629 53 2132
64630 54 2208
64631 55 4000
64632 56 4332
64633 57 3056
64634 58 2321
64635 59 5174
64636 60 0
64637 61 2258
64638 62 4246
64639 63 4603
64640 64 2036
64641 65 2992
64642 66 3603
64643 67 4487
64644 68 6372
64645 69 3901
64646 70 2990
64647 71 5358
64648 72 4175
64649 73 3649
64650 74 3805
64651 75 3579
64652 76 1758
64653 77 3418
64654 78 3474
64655 79 3100
64656 80 5272
64657 81 7358
64658 82 5175
64659 83 3989
64660 84 1890
64661 85 4871
64662 86 3833
64663 87 6858
64664 88 2959
64665 89 2509
64666 90 2312
64667 91 4170
64668 92 3271
64669 93 0
64670 94 4267
64671 95 3868
64672 96 2765
64673 97 2192
64674 98 3809
64675 99 5192
64676 100 2169
64677 101 3520
64678 102 0
64679 103 2242
64680 104 2629
64681 105 3745
64682 106 2757
64683 107 2306
64684 108 2110
64685 109 0
64686 110 2192
64687 111 2174
64688 112 2181
64689 113 5546
64690 114 4149
64691 115 1594
64692 116 2579
64693 117 4358
64694 118 2145
64695 119 3542
64696 120 1602
64697 121 2709
64698 122 2153
64699 123 4892
64700 124 1964
64701 125 3261
64702 126 1750
64703 127 2596
64704 128 4936
64705 129 4161
64706 130 2077
64707 131 2810
64708 132 4090
64709 133 1842
64710 134 2827
64711 135 2538
64712 136 3293
64713 137 1426
64714 138 4165
64715 139 1171
64716 140 4273
64717 141 1599
64718 142 2674
64719 143 3294
64720 144 1295
64721 145 5087
64722 146 4205
64723 147 1753
64724 148 2702
64725 149 4456
64726 150 4706
64727 151 2038
64728 152 1534
64729 153 3837
64730 154 6690
64731 155 2201
64732 156 2242
64733 157 6965
64734 158 2175
64735 159 1426
64736 160 5073
64737 161 1706
64738 162 3190
64739 163 2119
64740 164 2641
64741 165 998
64742 166 2032
64743 167 2183
64744 168 6525
64745 169 2201
64746 170 2142
64747 171 2552
64748 172 3785
64749 173 6974
64750 174 2157
64751 175 4842
64752 176 3971
64753 177 2064
64754 178 7084
64755 179 2186
64756 180 2758
64757 181 4186
64758 182 3413
64759 183 4260
64760 184 2206
64761 185 3163
64762 186 3151
64763 187 4831
64764 188 2003
