2500
64577 1 1762
64578 2 4977
64579 3 4218
64580 4 6364
64581 5 2352
64582 6 1918
64583 7 2777
64584 8 2401
64585 9 5656
64586 10 6398
64587 11 1782
64588 12 4867
64589 13 3699
64590 14 7237
64591 15 2249
64592 16 3047
64593 17 2765
64594 18 5406
64595 19 2189
64596 20 2043
64597 21 3479
64598 22 2574
64599 23 4066
64600 24 4737
64601 25 1780
64602 26 3282
64603 27 4950
64604 28 5143
64605 29 1680
64606 30 2809
64607 31 0
64608 32 1917
64609 33 1359
64610 34 4825
64611 35 5261
64612 36 1582
64613 37 2730
64614 38 3120
64615 39 4153
64616 40 2385
64617 41 2563
64618 42 2963
64619 43 3812
64620 44 2305
64621 45 2425
64622 46 5808
64623 47 2979
64624 48 1895
64625 49 4507
64626 50 2013
64627 51 1064
64628 52 2167
64629 53 3769
64630 54 6214
64631 55 4875
64632 56 7423
64633 57 2003
64634 58 1689
64635 59 3411
64636 60 2897
64637 61 4859
64638 62 2124
64639 63 2692
64640 64 3570
64641 65 5242
64642 66 4848
64643 67 2201
64644 68 5226
64645 69 5296
64646 70 2272
64647 71 3439
64648 72 5281
64649 73 2034
64650 74 2089
64651 75 3899
64652 76 2468
64653 77 1728
64654 78 3726
64655 79 3592
64656 80 2005
64657 81 1777
64658 82 2961
64659 83 5174
64660 84 4296
64661 85 4173
64662 86 2064
64663 87 3796
64664 88 2683
64665 89 2277
64666 90 4781
64667 91 2243
64668 92 2313
64669 93 2325
64670 94 3899
64671 95 2193
64672 96 4992
64673 97 3479
64674 98 2014
64675 99 3292
64676 100 5074
64677 101 4325
64678 102 1981
64679 103 3399
64680 104 5081
64681 105 4428
64682 106 1905
64683 107 3842
64684 108 1500
64685 109 2894
64686 110 1410
64687 111 3139
64688 112 1689
64689 113 2328
64690 114 2605
64691 115 3734
64692 116 5200
64693 117 2007
64694 118 3170
64695 119 5107
64696 120 4079
64697 121 2152
64698 122 2505
64699 123 3708
64700 124 2148
64701 125 1635
64702 126 5144
64703 127 2201
64704 128 4637
64705 129 4275
64706 130 2003
64707 131 2225
64708 132 2964
64709 133 5556
64710 134 1930
64711 135 1394
64712 136 3032
64713 137 2307
64714 138 4248
64715 139 4712
64716 140 2605
64717 141 1766
64718 142 2439
64719 143 4420
64720 144 3742
64721 145 5108
64722 146 2160
64723 147 2205
64724 148 3257
64725 149 3445
64726 150 4688
64727 151 2183
64728 152 1066
64729 153 2182
64730 154 3657
64731 155 3842
64732 156 2003
