2500
64577 1 2475
64578 2 1860
64579 3 4280
64580 4 5092
64581 5 2028
64582 6 5692
64583 7 4577
64584 8 2197
64585 9 3581
64586 10 4167
64587 11 3850
64588 12 1795
64589 13 2426
64590 14 2766
64591 15 4040
64592 16 2180
64593 17 4408
64594 18 3936
64595 19 4231
64596 20 2117
64597 21 3154
64598 22 1775
64599 23 4134
64600 24 2373
64601 25 3364
64602 26 1596
64603 27 2410
64604 28 2009
64605 29 3610
64606 30 4550
64607 31 2153
64608 32 3425
64609 33 2024
64610 34 0
64611 35 2861
64612 36 2173
64613 37 3625
64614 38 1914
64615 39 3898
64616 40 2120
64617 41 4975
64618 42 4421
64619 43 5269
64620 44 1716
64621 45 2361
64622 46 2984
64623 47 5072
64624 48 5923
64625 49 2164
64626 50 2349
64627 51 4506
64628 52 1942
64629 53 3115
64630 54 2159
64631 55 2925
64632 56 4103
64633 57 4108
64634 58 2337
64635 59 1163
64636 60 2979
64637 61 2320
64638 62 3306
64639 63 4216
64640 64 2229
64641 65 2962
64642 66 2433
64643 67 3914
64644 68 2197
64645 69 2255
64646 70 3039
64647 71 2380
64648 72 4043
64649 73 2121
64650 74 5211
64651 75 6258
64652 76 1716
64653 77 4022
64654 78 4827
64655 79 2139
64656 80 1851
64657 81 2670
64658 82 4285
64659 83 2561
64660 84 2799
64661 85 3957
64662 86 2248
64663 87 1136
64664 88 4783
64665 89 4411
64666 90 5026
64667 91 4770
64668 92 2280
64669 93 4914
64670 94 2765
64671 95 7755
64672 96 6821
64673 97 6142
64674 98 2241
64675 99 4276
64676 100 4227
64677 101 5116
64678 102 2558
64679 103 1992
64680 104 3848
64681 105 6611
64682 106 2003
64683 107 2325
64684 108 1842
64685 109 2009
64686 110 4900
64687 111 3032
64688 112 1915
64689 113 3787
64690 114 1114
64691 115 2721
64692 116 3074
64693 117 4459
64694 118 1857
64695 119 2089
64696 120 3969
64697 121 5480
64698 122 2164
64699 123 3831
64700 124 4880
64701 125 4429
64702 126 5414
64703 127 4931
64704 128 4519
64705 129 1745
64706 130 2138
64707 131 4155
64708 132 5126
64709 133 2141
64710 134 3619
64711 135 1925
64712 136 4048
64713 137 1791
64714 138 2008
64715 139 3988
64716 140 5709
64717 141 4926
64718 142 4125
64719 143 4808
64720 144 1790
64721 145 2079
64722 146 4240
64723 147 5039
64724 148 1170
64725 149 3397
64726 150 3013
64727 151 3685
64728 152 4242
64729 153 2003
