2500
64577 1 2609
64578 2 3991
64579 3 2301
64580 4 3182
64581 5 2351
64582 6 6358
64583 7 4530
64584 8 1969
64585 9 3297
64586 10 3969
64587 11 4725
64588 12 2121
64589 13 3366
64590 14 3513
64591 15 6492
64592 16 2205
64593 17 6525
64594 18 4605
64595 19 2024
64596 20 3478
64597 21 4906
64598 22 4475
64599 23 4458
64600 24 1676
64601 25 2670
64602 26 4826
64603 27 3286
64604 28 2338
64605 29 1398
64606 30 2476
64607 31 3146
64608 32 3013
64609 33 1958
64610 34 3809
64611 35 1815
64612 36 1681
64613 37 3452
64614 38 2162
64615 39 2242
64616 40 2822
64617 41 4841
64618 42 4590
64619 43 2188
64620 44 4284
64621 45 2816
64622 46 2477
64623 47 3655
64624 48 3272
64625 49 4875
64626 50 3680
64627 51 5058
64628 52 2184
64629 53 4958
64630 54 1862
64631 55 4147
64632 56 3104
64633 57 4258
64634 58 2003
64635 59 5106
64636 60 2934
64637 61 2088
64638 62 5683
64639 63 0
64640 64 1328
64641 65 3420
64642 66 3080
64643 67 4863
64644 68 2458
64645 69 5873
64646 70 2003
64647 71 4158
64648 72 3939
64649 73 4317
64650 74 4558
64651 75 4398
64652 76 4349
64653 77 2124
64654 78 4442
64655 79 3561
64656 80 3667
64657 81 2154
64658 82 3315
64659 83 4508
64660 84 3639
64661 85 3985
64662 86 2094
64663 87 3589
64664 88 2126
64665 89 3466
64666 90 4546
64667 91 3963
64668 92 2003
64669 93 5342
64670 94 2155
64671 95 3055
64672 96 3134
64673 97 4276
64674 98 4621
64675 99 2173
64676 100 2446
64677 101 2768
64678 102 3518
64679 103 5999
64680 104 2134
64681 105 915
64682 106 4592
64683 107 3705
64684 108 3523
64685 109 4962
64686 110 2143
64687 111 3748
64688 112 6177
64689 113 3083
64690 114 4575
64691 115 2145
64692 116 2692
64693 117 3357
64694 118 1180
64695 119 3505
64696 120 3518
64697 121 3292
64698 122 4158
64699 123 2230
64700 124 4358
64701 125 3712
64702 126 5070
64703 127 3922
64704 128 6675
64705 129 0
64706 130 4092
64707 131 4077
64708 132 2332
64709 133 3829
64710 134 6408
64711 135 3901
64712 136 3595
64713 137 4612
64714 138 1668
64715 139 2451
64716 140 2422
64717 141 3035
64718 142 2498
64719 143 3575
64720 144 3425
64721 145 5389
64722 146 6011
64723 147 1821
64724 148 2374
64725 149 2675
64726 150 3182
64727 151 4133
64728 152 5396
64729 153 4382
64730 154 2305
64731 155 4610
64732 156 4056
64733 157 3305
64734 158 2458
64735 159 2433
64736 160 3981
64737 161 4267
64738 162 1283
64739 163 6538
64740 164 2212
64741 165 3642
64742 166 3234
64743 167 3364
64744 168 3470
64745 169 5525
64746 170 2003
