2500
64577 1 2408
64578 2 3286
64579 3 2607
64580 4 6240
64581 5 3781
64582 6 0
64583 7 2425
64584 8 2322
64585 9 2977
64586 10 2742
64587 11 2623
64588 12 0
64589 13 2525
64590 14 2297
64591 15 3045
64592 16 4803
64593 17 7854
64594 18 2375
64595 19 2508
64596 20 3246
64597 21 2629
64598 22 2613
64599 23 4231
64600 24 8614
64601 25 2394
64602 26 1975
64603 27 4479
64604 28 7740
64605 29 4144
64606 30 2498
64607 31 6574
64608 32 4189
64609 33 4812
64610 34 7892
64611 35 2195
64612 36 3255
64613 37 2767
64614 38 2676
64615 39 2725
64616 40 4212
64617 41 2877
64618 42 3466
64619 43 2275
64620 44 4361
64621 45 4772
64622 46 4387
64623 47 4286
64624 48 2555
64625 49 3311
64626 50 2479
64627 51 0
64628 52 2550
64629 53 3215
64630 54 4276
64631 55 6945
64632 56 3729
64633 57 6951
64634 58 2299
64635 59 4556
64636 60 7586
64637 61 1555
64638 62 5914
64639 63 1269
64640 64 5639
64641 65 3208
64642 66 4266
64643 67 5553
64644 68 7158
64645 69 2576
64646 70 2478
64647 71 4932
64648 72 0
64649 73 2886
64650 74 5671
64651 75 2235
64652 76 5562
64653 77 5160
64654 78 7204
64655 79 4687
64656 80 5245
64657 81 2764
64658 82 2847
64659 83 3182
64660 84 7897
64661 85 3806
64662 86 3399
64663 87 5667
64664 88 2669
64665 89 2880
64666 90 0
64667 91 3525
64668 92 4230
64669 93 4925
64670 94 1560
64671 95 8267
64672 96 2326
64673 97 1567
64674 98 5265
64675 99 5972
64676 100 6390
64677 101 2542
64678 102 5029
64679 103 4125
64680 104 5663
64681 105 4783
64682 106 4940
64683 107 2508
64684 108 5360
64685 109 2437
64686 110 7341
64687 111 2003
64688 112 2403
64689 113 2952
64690 114 4635
64691 115 6909
64692 116 3860
64693 117 4968
64694 118 4558
64695 119 4327
64696 120 4458
64697 121 4542
64698 122 0
64699 123 3392
64700 124 2514
64701 125 7178
64702 126 2467
64703 127 3749
64704 128 4625
64705 129 2458
64706 130 2817
64707 131 5351
64708 132 1222
64709 133 6456
64710 134 2342
64711 135 5132
64712 136 2860
64713 137 5383
64714 138 2075
64715 139 7025
64716 140 2367
64717 141 4172
64718 142 7754
64719 143 2112
64720 144 6427
64721 145 5913
64722 146 2621
64723 147 4625
64724 148 7560
64725 149 2003
