2500
64577 1 3242
64578 2 3555
64579 3 5823
64580 4 2154
64581 5 6825
64582 6 3407
64583 7 5029
64584 8 1752
64585 9 2483
64586 10 4567
64587 11 4550
64588 12 5759
64589 13 6475
64590 14 5005
64591 15 3071
64592 16 3929
64593 17 2177
64594 18 2777
64595 19 5707
64596 20 6225
64597 21 5206
64598 22 0
64599 23 3292
64600 24 4335
64601 25 4297
64602 26 6489
64603 27 5141
64604 28 1781
64605 29 2089
64606 30 4359
64607 31 4285
64608 32 0
64609 33 2718
64610 34 2936
64611 35 3332
64612 36 2641
64613 37 3567
64614 38 5118
64615 39 2247
64616 40 2358
64617 41 5284
64618 42 2948
64619 43 1800
64620 44 3965
64621 45 2521
64622 46 0
64623 47 2359
64624 48 2822
64625 49 5669
64626 50 4918
64627 51 5672
64628 52 2046
64629 53 4396
64630 54 2260
64631 55 3899
64632 56 1918
64633 57 3965
64634 58 1743
64635 59 7992
64636 60 3092
64637 61 3283
64638 62 4431
64639 63 4084
64640 64 2003
64641 65 7225
64642 66 3038
64643 67 2065
64644 68 7430
64645 69 4801
64646 70 2067
64647 71 6875
64648 72 3922
64649 73 2003
64650 74 6262
64651 75 2927
64652 76 2179
64653 77 7319
64654 78 3345
64655 79 2408
64656 80 3993
64657 81 1522
64658 82 3774
64659 83 1842
64660 84 3314
64661 85 5934
64662 86 3674
64663 87 2137
64664 88 2290
64665 89 4736
64666 90 5903
64667 91 2238
64668 92 2658
64669 93 5539
64670 94 4205
64671 95 2143
64672 96 2708
64673 97 4696
64674 98 4794
64675 99 2106
64676 100 2675
64677 101 4622
64678 102 3797
64679 103 1863
64680 104 3340
64681 105 2636
64682 106 3815
64683 107 1785
64684 108 3201
64685 109 5286
64686 110 2179
64687 111 2625
64688 112 4770
64689 113 1102
64690 114 2449
64691 115 5424
64692 116 2132
64693 117 3397
64694 118 5079
64695 119 8003
64696 120 2364
64697 121 1853
64698 122 4344
64699 123 5816
64700 124 2265
64701 125 2228
64702 126 5589
64703 127 6889
64704 128 1533
64705 129 4882
64706 130 4118
64707 131 8411
64708 132 2084
64709 133 3384
64710 134 4715
64711 135 8009
64712 136 2003
