2500
64577 1 1735
64578 2 4769
64579 3 2509
64580 4 2397
64581 5 4016
64582 6 2109
64583 7 5191
64584 8 1880
64585 9 2876
64586 10 4341
64587 11 1941
64588 12 2600
64589 13 3044
64590 14 4454
64591 15 2279
64592 16 4842
64593 17 3034
64594 18 6861
64595 19 2195
64596 20 2629
64597 21 3954
64598 22 6718
64599 23 2003
64600 24 1715
64601 25 3910
64602 26 4361
64603 27 3952
64604 28 2042
64605 29 4073
64606 30 4393
64607 31 2178
64608 32 4885
64609 33 3299
64610 34 4377
64611 35 6470
64612 36 7586
64613 37 2619
64614 38 3438
64615 39 2265
64616 40 3012
64617 41 4454
64618 42 7011
64619 43 2003
64620 44 5044
64621 45 2696
64622 46 744
64623 47 3838
64624 48 2540
64625 49 5633
64626 50 2102
64627 51 4959
64628 52 2428
64629 53 3033
64630 54 2427
64631 55 3393
64632 56 4400
64633 57 2171
64634 58 1399
64635 59 4211
64636 60 2504
64637 61 3212
64638 62 2239
64639 63 4895
64640 64 1852
64641 65 3167
64642 66 3664
64643 67 5414
64644 68 6237
64645 69 1626
64646 70 3983
64647 71 4651
64648 72 4228
64649 73 2213
64650 74 2797
64651 75 4599
64652 76 6849
64653 77 2003
64654 78 2674
64655 79 2740
64656 80 1431
64657 81 5871
64658 82 2055
64659 83 2103
64660 84 3541
64661 85 2659
64662 86 7324
64663 87 2171
64664 88 2518
64665 89 4059
64666 90 7223
64667 91 2170
64668 92 2526
64669 93 2557
64670 94 4815
64671 95 0
64672 96 5884
64673 97 6427
64674 98 2211
64675 99 2009
64676 100 3097
64677 101 2119
64678 102 3332
64679 103 6541
64680 104 2189
64681 105 2940
64682 106 4511
64683 107 7278
64684 108 1867
64685 109 2122
64686 110 5893
64687 111 1532
64688 112 3459
64689 113 5278
64690 114 2199
64691 115 3900
64692 116 2628
64693 117 6390
64694 118 1568
64695 119 3062
64696 120 5241
64697 121 3678
64698 122 1868
64699 123 4063
64700 124 5625
64701 125 1815
64702 126 1295
64703 127 4894
64704 128 4124
64705 129 10820
64706 130 2167
64707 131 2662
64708 132 4583
64709 133 7366
64710 134 1621
64711 135 3148
64712 136 5387
64713 137 3377
64714 138 3004
64715 139 5401
64716 140 2173
64717 141 3058
64718 142 4569
64719 143 7560
64720 144 2251
64721 145 2687
64722 146 3103
64723 147 3114
64724 148 6740
64725 149 1410
64726 150 5832
64727 151 2003
64728 152 2971
64729 153 4952
64730 154 9991
64731 155 2162
64732 156 3655
64733 157 4621
64734 158 3882
64735 159 5006
64736 160 2003
