2500
64577 1 2248
64578 2 6716
64579 3 2186
64580 4 2212
64581 5 2946
64582 6 4989
64583 7 2152
64584 8 3699
64585 9 2370
64586 10 2235
64587 11 5452
64588 12 2003
64589 13 2719
64590 14 6682
64591 15 2166
64592 16 894
64593 17 2719
64594 18 6805
64595 19 2115
64596 20 1572
64597 21 3736
64598 22 4548
64599 23 3571
64600 24 2003
64601 25 5242
64602 26 3647
64603 27 2145
64604 28 6108
64605 29 3913
64606 30 2220
64607 31 5225
64608 32 6684
64609 33 3728
64610 34 2154
64611 35 4875
64612 36 3238
64613 37 4174
64614 38 2176
64615 39 5442
64616 40 4422
64617 41 5184
64618 42 2221
64619 43 5125
64620 44 4280
64621 45 3886
64622 46 4840
64623 47 2237
64624 48 5542
64625 49 4609
64626 50 4826
64627 51 2150
64628 52 4375
64629 53 2079
64630 54 7492
64631 55 2348
64632 56 4235
64633 57 2090
64634 58 4952
64635 59 2686
64636 60 3345
64637 61 4508
64638 62 2223
64639 63 5192
64640 64 4192
64641 65 1839
64642 66 2179
64643 67 2392
64644 68 5017
64645 69 3594
64646 70 4607
64647 71 1966
64648 72 2579
64649 73 3641
64650 74 1687
64651 75 5208
64652 76 4801
64653 77 3977
64654 78 2162
64655 79 5842
64656 80 5600
64657 81 4305
64658 82 3090
64659 83 2192
64660 84 6708
64661 85 5225
64662 86 4770
64663 87 3899
64664 88 1823
64665 89 2234
64666 90 3999
64667 91 3758
64668 92 5303
64669 93 1842
64670 94 6277
64671 95 3438
64672 96 2188
64673 97 3910
64674 98 3650
64675 99 4961
64676 100 1931
64677 101 1378
64678 102 5536
64679 103 3382
64680 104 3205
64681 105 2342
64682 106 3162
64683 107 1944
64684 108 2291
64685 109 4971
64686 110 5975
64687 111 2337
64688 112 5120
64689 113 4998
64690 114 1871
64691 115 3994
64692 116 5630
64693 117 1305
64694 118 5041
64695 119 5459
64696 120 2184
64697 121 4608
64698 122 5391
64699 123 6429
64700 124 2296
64701 125 3075
64702 126 3222
64703 127 6249
64704 128 4555
64705 129 2288
64706 130 5665
64707 131 2969
64708 132 8391
64709 133 2436
64710 134 4293
64711 135 2003
