2500
64577 1 2104
64578 2 5827
64579 3 3843
64580 4 2146
64581 5 4538
64582 6 4575
64583 7 2061
64584 8 5325
64585 9 3116
64586 10 2112
64587 11 3942
64588 12 4358
64589 13 2040
64590 14 1318
64591 15 6016
64592 16 2936
64593 17 2591
64594 18 1658
64595 19 3843
64596 20 2204
64597 21 3508
64598 22 2131
64599 23 3020
64600 24 3643
64601 25 4752
64602 26 2071
64603 27 2757
64604 28 6401
64605 29 5908
64606 30 2325
64607 31 4312
64608 32 4692
64609 33 0
64610 34 1296
64611 35 4681
64612 36 3119
64613 37 4840
64614 38 2064
64615 39 2418
64616 40 3508
64617 41 4515
64618 42 7242
64619 43 3763
64620 44 0
64621 45 1528
64622 46 6114
64623 47 2494
64624 48 2382
64625 49 2723
64626 50 1671
64627 51 4894
64628 52 3592
64629 53 4521
64630 54 2191
64631 55 3304
64632 56 3865
64633 57 4634
64634 58 0
64635 59 3010
64636 60 3040
64637 61 3390
64638 62 2875
64639 63 3334
64640 64 3465
64641 65 1809
64642 66 2068
64643 67 5326
64644 68 3739
64645 69 2999
64646 70 2597
64647 71 4165
64648 72 4189
64649 73 1549
64650 74 4800
64651 75 3649
64652 76 4792
64653 77 4962
64654 78 4933
64655 79 5577
64656 80 2469
64657 81 2003
64658 82 6458
64659 83 3146
64660 84 2039
64661 85 7208
64662 86 3994
64663 87 2158
64664 88 8108
64665 89 4251
64666 90 2003
64667 91 6760
64668 92 3791
64669 93 2198
64670 94 6600
64671 95 2540
64672 96 2045
64673 97 2307
64674 98 4618
64675 99 6472
64676 100 2003
64677 101 4290
64678 102 4949
64679 103 2242
64680 104 3329
64681 105 4161
64682 106 5211
64683 107 2130
64684 108 5647
64685 109 5289
64686 110 2003
64687 111 4699
64688 112 2359
64689 113 6715
64690 114 1561
64691 115 4816
64692 116 2199
64693 117 1880
64694 118 2291
64695 119 4011
64696 120 3319
64697 121 2168
64698 122 3550
64699 123 2506
64700 124 1701
64701 125 2737
64702 126 4770
64703 127 2028
64704 128 3035
64705 129 2481
64706 130 3446
64707 131 3953
64708 132 2133
64709 133 2330
64710 134 2186
64711 135 6382
64712 136 2176
64713 137 2398
64714 138 3447
64715 139 4630
64716 140 3971
64717 141 1761
64718 142 1568
64719 143 3331
64720 144 2510
64721 145 3353
64722 146 5126
64723 147 3144
64724 148 2003
