2500
64577 1 4056
64578 2 2157
64579 3 4306
64580 4 2794
64581 5 3186
64582 6 2168
64583 7 2812
64584 8 2446
64585 9 1736
64586 10 2258
64587 11 1492
64588 12 2762
64589 13 2209
64590 14 5025
64591 15 2281
64592 16 2980
64593 17 5115
64594 18 2205
64595 19 3282
64596 20 3657
64597 21 5299
64598 22 2156
64599 23 4596
64600 24 4708
64601 25 2122
64602 26 1324
64603 27 2576
64604 28 4241
64605 29 2197
64606 30 3803
64607 31 4301
64608 32 2197
64609 33 3452
64610 34 1553
64611 35 3006
64612 36 4655
64613 37 2208
64614 38 5343
64615 39 2546
64616 40 3468
64617 41 4987
64618 42 5608
64619 43 1743
64620 44 2208
64621 45 1989
64622 46 3302
64623 47 3571
64624 48 3158
64625 49 4597
64626 50 2003
64627 51 3606
64628 52 3239
64629 53 3636
64630 54 1236
64631 55 5128
64632 56 0
64633 57 3622
64634 58 2229
64635 59 3208
64636 60 5801
64637 61 5417
64638 62 2003
64639 63 5992
64640 64 3534
64641 65 4925
64642 66 4829
64643 67 2205
64644 68 6058
64645 69 2666
64646 70 2981
64647 71 4050
64648 72 2003
64649 73 3588
64650 74 3357
64651 75 4203
64652 76 5825
64653 77 2229
64654 78 5525
64655 79 5475
64656 80 2173
64657 81 4098
64658 82 2833
64659 83 7125
64660 84 2244
64661 85 2292
64662 86 4391
64663 87 5267
64664 88 5233
64665 89 2014
64666 90 2332
64667 91 3580
64668 92 4982
64669 93 1518
64670 94 3675
64671 95 2205
64672 96 5292
64673 97 4859
64674 98 2780
64675 99 3423
64676 100 2099
64677 101 2763
64678 102 1549
64679 103 3204
64680 104 2162
64681 105 3958
64682 106 4491
64683 107 4250
64684 108 2249
64685 109 2531
64686 110 5133
64687 111 2407
64688 112 5550
64689 113 2235
64690 114 3075
64691 115 3337
64692 116 3787
64693 117 3498
64694 118 3421
64695 119 4208
64696 120 4580
64697 121 2546
64698 122 5160
64699 123 2320
64700 124 2474
64701 125 3331
64702 126 2374
64703 127 4950
64704 128 2057
64705 129 7533
64706 130 2389
64707 131 6019
64708 132 4012
64709 133 6492
64710 134 1952
64711 135 3603
64712 136 2631
64713 137 2199
64714 138 6987
64715 139 1957
64716 140 2545
64717 141 4424
64718 142 5499
64719 143 1872
64720 144 2896
64721 145 2801
64722 146 3644
64723 147 1870
64724 148 4834
64725 149 2200
64726 150 6624
64727 151 2549
64728 152 5098
64729 153 1346
64730 154 4373
64731 155 2556
64732 156 5169
64733 157 1333
64734 158 5738
64735 159 2003
