2500
64577 1 3712
64578 2 4325
64579 3 2178
64580 4 1798
64581 5 3633
64582 6 5459
64583 7 2153
64584 8 2275
64585 9 4622
64586 10 3273
64587 11 3479
64588 12 2003
64589 13 1265
64590 14 3269
64591 15 5278
64592 16 5283
64593 17 2146
64594 18 1955
64595 19 2066
64596 20 5363
64597 21 2134
64598 22 3430
64599 23 2024
64600 24 4905
64601 25 2143
64602 26 2225
64603 27 3792
64604 28 1843
64605 29 3144
64606 30 2216
64607 31 2825
64608 32 1919
64609 33 4174
64610 34 3878
64611 35 2097
64612 36 2808
64613 37 4248
64614 38 2003
64615 39 3172
64616 40 2922
64617 41 3993
64618 42 1483
64619 43 2615
64620 44 2749
64621 45 3504
64622 46 2259
64623 47 2361
64624 48 2767
64625 49 3375
64626 50 2019
64627 51 1618
64628 52 4594
64629 53 5088
64630 54 2250
64631 55 4728
64632 56 5296
64633 57 1930
64634 58 4758
64635 59 4222
64636 60 1605
64637 61 3338
64638 62 3985
64639 63 2003
64640 64 2522
64641 65 5500
64642 66 1554
64643 67 6532
64644 68 2100
64645 69 2359
64646 70 2109
64647 71 3310
64648 72 4609
64649 73 2128
64650 74 2550
64651 75 4024
64652 76 4313
64653 77 5079
64654 78 2181
64655 79 1216
64656 80 5302
64657 81 4073
64658 82 2158
64659 83 1407
64660 84 4050
64661 85 4416
64662 86 2142
64663 87 1083
64664 88 1943
64665 89 2715
64666 90 4334
64667 91 1662
64668 92 2839
64669 93 1824
64670 94 3761
64671 95 1753
64672 96 3389
64673 97 2133
64674 98 3660
64675 99 4800
64676 100 1859
64677 101 4781
64678 102 2149
64679 103 1487
64680 104 3929
64681 105 3633
64682 106 3055
64683 107 2248
64684 108 1274
64685 109 4391
64686 110 5284
64687 111 3030
64688 112 2128
64689 113 4032
64690 114 2697
64691 115 2550
64692 116 2062
64693 117 3758
64694 118 4408
64695 119 2138
64696 120 4475
64697 121 3858
64698 122 2073
64699 123 4858
64700 124 2645
64701 125 2173
64702 126 4642
64703 127 2458
64704 128 2213
64705 129 3330
64706 130 2595
64707 131 7208
64708 132 2127
64709 133 2452
64710 134 4070
64711 135 5767
64712 136 1989
64713 137 2139
64714 138 3063
64715 139 4062
64716 140 2516
64717 141 3671
64718 142 2031
64719 143 4475
64720 144 4042
64721 145 2161
64722 146 7675
64723 147 3842
64724 148 1839
64725 149 3015
64726 150 4062
64727 151 4300
64728 152 5025
64729 153 3767
64730 154 4330
64731 155 2288
64732 156 4215
64733 157 5171
64734 158 5956
64735 159 2216
64736 160 9204
64737 161 7334
64738 162 2221
64739 163 5125
64740 164 4264
64741 165 3739
64742 166 3164
64743 167 2003
