2500
64577 1 5869
64578 2 3744
64579 3 2275
64580 4 6442
64581 5 1761
64582 6 7312
64583 7 5516
64584 8 2003
64585 9 1847
64586 10 4878
64587 11 4781
64588 12 2164
64589 13 2642
64590 14 4686
64591 15 6473
64592 16 2172
64593 17 2925
64594 18 6432
64595 19 5059
64596 20 2167
64597 21 2858
64598 22 4996
64599 23 5586
64600 24 2330
64601 25 2625
64602 26 6338
64603 27 6432
64604 28 2167
64605 29 2775
64606 30 5106
64607 31 6044
64608 32 2317
64609 33 2875
64610 34 6280
64611 35 5750
64612 36 2460
64613 37 2958
64614 38 6748
64615 39 5588
64616 40 1832
64617 41 3129
64618 42 3190
64619 43 3817
64620 44 2093
64621 45 2575
64622 46 6395
64623 47 4082
64624 48 2115
64625 49 2625
64626 50 4567
64627 51 5855
64628 52 2244
64629 53 2675
64630 54 5163
64631 55 4743
64632 56 2209
64633 57 2708
64634 58 4407
64635 59 4709
64636 60 2224
64637 61 4369
64638 62 3835
64639 63 1785
64640 64 6292
64641 65 2155
64642 66 2424
64643 67 3613
64644 68 5807
64645 69 2003
64646 70 3808
64647 71 5512
64648 72 2168
64649 73 3775
64650 74 2332
64651 75 5589
64652 76 2221
64653 77 5458
64654 78 1924
64655 79 4448
64656 80 2003
64657 81 2979
64658 82 3340
64659 83 3638
64660 84 3560
64661 85 2158
64662 86 2349
64663 87 2128
64664 88 3249
64665 89 2262
64666 90 4295
64667 91 3914
64668 92 2224
64669 93 3342
64670 94 1369
64671 95 3587
64672 96 2229
64673 97 2792
64674 98 6482
64675 99 5780
64676 100 2104
64677 101 3342
64678 102 2404
64679 103 4643
64680 104 4435
64681 105 2186
64682 106 2442
64683 107 1754
64684 108 2410
64685 109 3920
64686 110 5537
64687 111 2224
64688 112 2392
64689 113 1660
64690 114 3922
64691 115 4731
64692 116 4156
64693 117 2003
64694 118 3028
64695 119 5922
64696 120 1739
64697 121 2360
64698 122 1650
64699 123 2399
64700 124 2668
64701 125 6597
64702 126 2052
64703 127 3234
64704 128 2889
64705 129 3214
64706 130 1474
64707 131 6047
64708 132 2150
64709 133 2725
64710 134 7121
64711 135 3041
64712 136 1835
64713 137 3707
64714 138 2658
64715 139 2372
64716 140 5562
64717 141 2003
