2500
64577 1 2081
64578 2 4982
64579 3 6014
64580 4 2059
64581 5 2808
64582 6 5783
64583 7 5394
64584 8 2224
64585 9 2708
64586 10 5388
64587 11 5211
64588 12 2166
64589 13 2908
64590 14 5227
64591 15 5388
64592 16 2287
64593 17 5403
64594 18 4086
64595 19 1668
64596 20 4485
64597 21 5692
64598 22 2058
64599 23 4276
64600 24 6264
64601 25 1592
64602 26 3473
64603 27 4006
64604 28 5262
64605 29 2146
64606 30 4019
64607 31 5190
64608 32 5505
64609 33 5837
64610 34 2073
64611 35 1931
64612 36 2148
64613 37 4916
64614 38 1547
64615 39 3209
64616 40 4508
64617 41 2003
64618 42 2643
64619 43 2231
64620 44 5206
64621 45 4717
64622 46 2066
64623 47 2892
64624 48 4437
64625 49 6780
64626 50 2265
64627 51 5926
64628 52 5450
64629 53 1988
64630 54 5435
64631 55 1533
64632 56 5375
64633 57 1771
64634 58 2134
64635 59 5117
64636 60 2426
64637 61 3287
64638 62 2217
64639 63 2658
64640 64 5124
64641 65 2104
64642 66 4342
64643 67 2227
64644 68 5475
64645 69 2204
64646 70 3860
64647 71 2189
64648 72 2242
64649 73 1579
64650 74 2711
64651 75 5271
64652 76 2201
64653 77 2642
64654 78 5345
64655 79 1357
64656 80 2720
64657 81 4201
64658 82 2290
64659 83 2080
64660 84 1787
64661 85 6332
64662 86 1427
64663 87 2823
64664 88 3712
64665 89 1966
64666 90 2581
64667 91 1629
64668 92 4542
64669 93 3905
64670 94 4716
64671 95 2339
64672 96 1386
64673 97 5825
64674 98 5020
64675 99 2761
64676 100 2003
64677 101 3070
64678 102 8519
64679 103 2053
64680 104 3884
64681 105 2481
64682 106 4688
64683 107 2218
64684 108 4495
64685 109 5735
64686 110 2003
64687 111 1975
64688 112 4102
64689 113 1212
64690 114 4171
64691 115 5557
64692 116 2081
64693 117 1739
64694 118 3429
64695 119 4694
64696 120 2931
64697 121 5675
64698 122 2003
