2500
64577 1 3062
64578 2 4357
64579 3 2067
64580 4 2467
64581 5 3340
64582 6 4656
64583 7 3136
64584 8 6361
64585 9 1656
64586 10 2530
64587 11 1750
64588 12 3844
64589 13 4756
64590 14 2534
64591 15 4756
64592 16 2223
64593 17 2458
64594 18 4367
64595 19 1523
64596 20 4808
64597 21 1567
64598 22 4215
64599 23 4267
64600 24 2003
64601 25 2669
64602 26 4246
64603 27 7201
64604 28 1976
64605 29 3704
64606 30 4642
64607 31 3144
64608 32 3850
64609 33 2140
64610 34 1875
64611 35 3843
64612 36 2165
64613 37 2461
64614 38 2498
64615 39 3995
64616 40 3009
64617 41 1772
64618 42 2083
64619 43 2257
64620 44 3300
64621 45 4075
64622 46 2482
64623 47 4367
64624 48 4998
64625 49 1572
64626 50 2656
64627 51 0
64628 52 1991
64629 53 3
64630 54 2502
64631 55 2367
64632 56 4928
64633 57 856
64634 58 3140
64635 59 5978
64636 60 1561
64637 61 2580
64638 62 3368
64639 63 2243
64640 64 3704
64641 65 4643
64642 66 7961
64643 67 2173
64644 68 1397
64645 69 3436
64646 70 4514
64647 71 4991
64648 72 2198
64649 73 2026
64650 74 3422
64651 75 2425
64652 76 3219
64653 77 3598
64654 78 2251
64655 79 5494
64656 80 1652
64657 81 2555
64658 82 1657
64659 83 4031
64660 84 4985
64661 85 2558
64662 86 5015
64663 87 2003
64664 88 2625
64665 89 4427
64666 90 1063
64667 91 4689
64668 92 1562
64669 93 4112
64670 94 4088
64671 95 2089
64672 96 5322
64673 97 7532
64674 98 2003
64675 99 1992
64676 100 4701
64677 101 2330
64678 102 3467
64679 103 2349
64680 104 2261
64681 105 6033
64682 106 7864
64683 107 2252
64684 108 4232
64685 109 1685
64686 110 6749
64687 111 4101
64688 112 4715
64689 113 2063
64690 114 4778
64691 115 2175
64692 116 3777
64693 117 4133
64694 118 2182
64695 119 4811
64696 120 4653
64697 121 0
64698 122 2858
64699 123 3454
64700 124 7025
64701 125 10368
64702 126 2170
64703 127 6292
64704 128 2024
64705 129 4977
64706 130 2304
64707 131 3020
64708 132 4233
64709 133 2544
64710 134 6782
64711 135 1797
64712 136 2184
64713 137 4008
64714 138 4288
64715 139 3130
64716 140 2295
64717 141 3873
64718 142 4212
64719 143 7215
64720 144 2165
64721 145 3042
64722 146 3539
64723 147 3555
64724 148 7136
64725 149 2003
64726 150 2708
64727 151 4741
64728 152 2793
64729 153 4989
64730 154 5559
64731 155 5671
64732 156 2205
64733 157 3092
64734 158 4070
64735 159 3095
64736 160 2427
64737 161 5026
64738 162 8178
64739 163 2372
64740 164 2758
64741 165 4978
64742 166 4488
64743 167 6777
64744 168 2003
