2500
64577 1 4251
64578 2 5761
64579 3 4334
64580 4 2415
64581 5 7303
64582 6 9822
64583 7 2249
64584 8 2568
64585 9 6134
64586 10 6090
64587 11 2362
64588 12 2747
64589 13 3291
64590 14 5090
64591 15 841
64592 16 3831
64593 17 6847
64594 18 2003
64595 19 1949
64596 20 4948
64597 21 5235
64598 22 2203
64599 23 4058
64600 24 3380
64601 25 5092
64602 26 2136
64603 27 2375
64604 28 4890
64605 29 3162
64606 30 2248
64607 31 4492
64608 32 1155
64609 33 3163
64610 34 4708
64611 35 2312
64612 36 4592
64613 37 4095
64614 38 5308
64615 39 2169
64616 40 4882
64617 41 5352
64618 42 2609
64619 43 4166
64620 44 2609
64621 45 2659
64622 46 4626
64623 47 5923
64624 48 2344
64625 49 3564
64626 50 2477
64627 51 2679
64628 52 4443
64629 53 6362
64630 54 2273
64631 55 4437
64632 56 5522
64633 57 4522
64634 58 4357
64635 59 2254
64636 60 5325
64637 61 2489
64638 62 4090
64639 63 5645
64640 64 2118
64641 65 2892
64642 66 2160
64643 67 2275
64644 68 4670
64645 69 2683
64646 70 4217
64647 71 2193
64648 72 4219
64649 73 4150
64650 74 3210
64651 75 2196
64652 76 4625
64653 77 4365
64654 78 1762
64655 79 2387
64656 80 3097
64657 81 1976
64658 82 4152
64659 83 5452
64660 84 2003
64661 85 2564
64662 86 2546
64663 87 1799
64664 88 1730
64665 89 3706
64666 90 2124
64667 91 1940
64668 92 0
64669 93 2082
64670 94 2095
64671 95 3204
64672 96 2579
64673 97 4424
64674 98 2251
64675 99 2496
64676 100 3835
64677 101 6426
64678 102 2478
64679 103 5025
64680 104 3208
64681 105 4692
64682 106 2483
64683 107 5675
64684 108 2256
64685 109 4555
64686 110 2003
64687 111 4647
64688 112 3417
64689 113 2314
64690 114 3628
64691 115 2219
64692 116 2533
64693 117 3060
64694 118 1448
64695 119 6928
64696 120 2277
64697 121 2958
64698 122 3646
64699 123 4992
64700 124 5988
64701 125 1406
64702 126 7191
64703 127 0
64704 128 1202
64705 129 2179
64706 130 2016
64707 131 2931
64708 132 4921
64709 133 6560
64710 134 2347
64711 135 3758
64712 136 3499
64713 137 2629
64714 138 6894
64715 139 2272
64716 140 6183
64717 141 5522
64718 142 3618
64719 143 2003
