2500
64577 1 4537
64578 2 7513
64579 3 1935
64580 4 5476
64581 5 3454
64582 6 5793
64583 7 6208
64584 8 3830
64585 9 3725
64586 10 5381
64587 11 2346
64588 12 4458
64589 13 4754
64590 14 2580
64591 15 2874
64592 16 8419
64593 17 4354
64594 18 4661
64595 19 2965
64596 20 2636
64597 21 4112
64598 22 4585
64599 23 3260
64600 24 5056
64601 25 6458
64602 26 5340
64603 27 4602
64604 28 6336
64605 29 2464
64606 30 2475
64607 31 4446
64608 32 2360
64609 33 3365
64610 34 3247
64611 35 6551
64612 36 1637
64613 37 1651
64614 38 5818
64615 39 4322
64616 40 2870
64617 41 1569
64618 42 3517
64619 43 2874
64620 44 3433
64621 45 1728
64622 46 5108
64623 47 1209
64624 48 6582
64625 49 3368
64626 50 4495
64627 51 0
64628 52 1884
64629 53 2435
64630 54 5884
64631 55 2959
64632 56 2357
64633 57 5022
64634 58 2347
64635 59 4758
64636 60 0
64637 61 3158
64638 62 3874
64639 63 4056
64640 64 2547
64641 65 4668
64642 66 7094
64643 67 2328
64644 68 3872
64645 69 0
64646 70 3475
64647 71 1599
64648 72 5259
64649 73 5696
64650 74 2377
64651 75 1414
64652 76 3308
64653 77 3190
64654 78 7760
64655 79 2054
64656 80 2216
64657 81 4720
64658 82 6076
64659 83 3980
64660 84 4250
64661 85 5242
64662 86 2109
64663 87 2449
64664 88 4227
64665 89 5932
64666 90 1503
64667 91 4346
64668 92 5068
64669 93 2525
64670 94 1539
64671 95 4051
64672 96 3898
64673 97 4367
64674 98 0
64675 99 4268
64676 100 5048
64677 101 3374
64678 102 3176
64679 103 5148
64680 104 1575
64681 105 6208
64682 106 4727
64683 107 6108
64684 108 2435
64685 109 2543
64686 110 7790
64687 111 3742
64688 112 5337
64689 113 2304
64690 114 2226
64691 115 0
64692 116 2315
64693 117 4128
64694 118 6300
64695 119 4658
64696 120 2661
64697 121 2488
64698 122 3961
64699 123 8061
64700 124 2046
64701 125 2261
64702 126 3742
64703 127 7809
64704 128 4930
64705 129 2814
64706 130 7708
64707 131 4069
64708 132 3855
64709 133 5249
64710 134 1130
64711 135 3814
64712 136 3132
64713 137 1652
64714 138 6126
64715 139 2575
64716 140 6625
64717 141 2554
64718 142 2408
64719 143 3730
64720 144 5016
64721 145 2885
64722 146 6285
64723 147 2408
64724 148 8372
64725 149 4242
64726 150 4998
64727 151 3284
64728 152 2003
