2500
64577 1 2730
64578 2 4108
64579 3 4869
64580 4 5242
64581 5 7640
64582 6 2999
64583 7 2328
64584 8 2539
64585 9 4911
64586 10 2003
64587 11 6075
64588 12 2953
64589 13 5142
64590 14 2141
64591 15 4008
64592 16 5780
64593 17 2192
64594 18 5192
64595 19 6175
64596 20 2233
64597 21 2818
64598 22 4429
64599 23 6589
64600 24 2081
64601 25 3276
64602 26 2941
64603 27 4427
64604 28 1833
64605 29 1837
64606 30 2507
64607 31 4269
64608 32 3699
64609 33 2217
64610 34 2575
64611 35 2325
64612 36 1457
64613 37 5273
64614 38 7355
64615 39 4810
64616 40 2229
64617 41 2408
64618 42 4522
64619 43 4135
64620 44 2723
64621 45 1671
64622 46 4513
64623 47 3256
64624 48 4572
64625 49 6712
64626 50 2077
64627 51 3904
64628 52 2207
64629 53 3111
64630 54 6899
64631 55 6108
64632 56 0
64633 57 3408
64634 58 1781
64635 59 2584
64636 60 3812
64637 61 5506
64638 62 1941
64639 63 2271
64640 64 4360
64641 65 3169
64642 66 6485
64643 67 7275
64644 68 1367
64645 69 1128
64646 70 3801
64647 71 3714
64648 72 4302
64649 73 4184
64650 74 3842
64651 75 4377
64652 76 4995
64653 77 1742
64654 78 2322
64655 79 4204
64656 80 5008
64657 81 5792
64658 82 7434
64659 83 3198
64660 84 4064
64661 85 4147
64662 86 2292
64663 87 3819
64664 88 4892
64665 89 0
64666 90 2937
64667 91 3599
64668 92 4853
64669 93 1874
64670 94 2355
64671 95 3914
64672 96 3268
64673 97 5240
64674 98 1867
64675 99 2646
64676 100 1627
64677 101 4250
64678 102 4392
64679 103 2229
64680 104 2658
64681 105 4545
64682 106 4552
64683 107 2003
64684 108 1472
64685 109 4520
64686 110 5397
64687 111 2200
64688 112 3282
64689 113 1993
64690 114 3182
64691 115 2189
64692 116 2581
64693 117 3353
64694 118 4588
64695 119 4564
64696 120 2013
64697 121 4957
64698 122 4408
64699 123 2230
64700 124 1917
64701 125 3179
64702 126 4887
64703 127 2115
64704 128 5931
64705 129 2238
64706 130 3275
64707 131 2185
64708 132 5394
64709 133 4239
64710 134 2238
64711 135 1894
64712 136 2070
64713 137 4459
64714 138 3980
64715 139 2125
64716 140 1913
64717 141 2875
64718 142 6137
64719 143 2003
