2500
64577 1 5925
64578 2 6242
64579 3 2260
64580 4 2508
64581 5 4328
64582 6 1419
64583 7 5312
64584 8 2118
64585 9 4185
64586 10 4733
64587 11 1704
64588 12 1500
64589 13 2479
64590 14 3399
64591 15 2001
64592 16 3517
64593 17 4941
64594 18 2237
64595 19 4251
64596 20 5798
64597 21 2139
64598 22 3273
64599 23 2003
64600 24 3197
64601 25 2313
64602 26 2360
64603 27 3667
64604 28 2128
64605 29 3801
64606 30 2315
64607 31 2484
64608 32 5323
64609 33 5492
64610 34 1785
64611 35 2369
64612 36 2152
64613 37 4724
64614 38 4555
64615 39 2080
64616 40 2271
64617 41 2451
64618 42 5548
64619 43 2274
64620 44 1867
64621 45 2101
64622 46 2344
64623 47 2507
64624 48 2425
64625 49 4358
64626 50 2251
64627 51 6192
64628 52 2911
64629 53 4476
64630 54 2312
64631 55 6342
64632 56 3355
64633 57 6068
64634 58 1983
64635 59 3402
64636 60 3713
64637 61 4300
64638 62 2297
64639 63 2608
64640 64 2185
64641 65 5697
64642 66 1934
64643 67 4180
64644 68 5730
64645 69 4497
64646 70 2003
64647 71 5875
64648 72 4413
64649 73 2263
64650 74 4114
64651 75 8225
64652 76 7104
64653 77 4931
64654 78 2003
64655 79 3076
64656 80 2759
64657 81 2909
64658 82 4371
64659 83 2005
64660 84 3507
64661 85 3277
64662 86 4215
64663 87 2204
64664 88 4142
64665 89 2579
64666 90 4077
64667 91 2146
64668 92 4475
64669 93 3646
64670 94 5122
64671 95 2215
64672 96 4811
64673 97 3568
64674 98 4439
64675 99 2296
64676 100 6541
64677 101 2145
64678 102 3938
64679 103 1842
64680 104 2305
64681 105 1493
64682 106 2541
64683 107 2168
64684 108 0
64685 109 2764
64686 110 2847
64687 111 3950
64688 112 2192
64689 113 3892
64690 114 2204
64691 115 5175
64692 116 5720
64693 117 2347
64694 118 2793
64695 119 2348
64696 120 4297
64697 121 5196
64698 122 2348
64699 123 5506
64700 124 2279
64701 125 4498
64702 126 2003
