2500
64577 1 6192
64578 2 5352
64579 3 2006
64580 4 3810
64581 5 3615
64582 6 3135
64583 7 5576
64584 8 2159
64585 9 1986
64586 10 1426
64587 11 4029
64588 12 3070
64589 13 2558
64590 14 3413
64591 15 2259
64592 16 1745
64593 17 3208
64594 18 2148
64595 19 3178
64596 20 2211
64597 21 2792
64598 22 3188
64599 23 3355
64600 24 4217
64601 25 2003
64602 26 1945
64603 27 4894
64604 28 5459
64605 29 4937
64606 30 2325
64607 31 6192
64608 32 3810
64609 33 4842
64610 34 1861
64611 35 2220
64612 36 3334
64613 37 2594
64614 38 6712
64615 39 4925
64616 40 2237
64617 41 5079
64618 42 6815
64619 43 4975
64620 44 2003
64621 45 2496
64622 46 3649
64623 47 4532
64624 48 6020
64625 49 2308
64626 50 3822
64627 51 4384
64628 52 5396
64629 53 2296
64630 54 4383
64631 55 5045
64632 56 2280
64633 57 3571
64634 58 2227
64635 59 4945
64636 60 2213
64637 61 3951
64638 62 2217
64639 63 3205
64640 64 3930
64641 65 2315
64642 66 3540
64643 67 2558
64644 68 3785
64645 69 2140
64646 70 2260
64647 71 4086
64648 72 2077
64649 73 1212
64650 74 4290
64651 75 2192
64652 76 2615
64653 77 1829
64654 78 3351
64655 79 2238
64656 80 4319
64657 81 4870
64658 82 4269
64659 83 1977
64660 84 5135
64661 85 4714
64662 86 2054
64663 87 1606
64664 88 3309
64665 89 4103
64666 90 2057
64667 91 1506
64668 92 3971
64669 93 2850
64670 94 3382
64671 95 1969
64672 96 2716
64673 97 2779
64674 98 4277
64675 99 1990
64676 100 2945
64677 101 3271
64678 102 4872
64679 103 2094
64680 104 6442
64681 105 5994
64682 106 2091
64683 107 4825
64684 108 5783
64685 109 2256
64686 110 4492
64687 111 4408
64688 112 2061
64689 113 2476
64690 114 4765
64691 115 2092
64692 116 3286
64693 117 4039
64694 118 4706
64695 119 2124
64696 120 2808
64697 121 5380
64698 122 5935
64699 123 4352
64700 124 2005
64701 125 2925
64702 126 3842
64703 127 4006
64704 128 5315
64705 129 2158
64706 130 3042
64707 131 5609
64708 132 6065
64709 133 6698
64710 134 2003
64711 135 3399
64712 136 4009
64713 137 3001
64714 138 7186
64715 139 2283
64716 140 4354
64717 141 4993
64718 142 7442
64719 143 2003
