2500
64577 1 2419
64578 2 2153
64579 3 3095
64580 4 6125
64581 5 2290
64582 6 5635
64583 7 2761
64584 8 5881
64585 9 7032
64586 10 2003
64587 11 1886
64588 12 3945
64589 13 6725
64590 14 2486
64591 15 2044
64592 16 2173
64593 17 4304
64594 18 7266
64595 19 2003
64596 20 5358
64597 21 2156
64598 22 3575
64599 23 3816
64600 24 2157
64601 25 4925
64602 26 4308
64603 27 2176
64604 28 3775
64605 29 1958
64606 30 3407
64607 31 2003
64608 32 2472
64609 33 1788
64610 34 3238
64611 35 3317
64612 36 3402
64613 37 4343
64614 38 2254
64615 39 1796
64616 40 671
64617 41 3906
64618 42 3419
64619 43 2666
64620 44 3600
64621 45 2003
64622 46 2742
64623 47 2982
64624 48 4984
64625 49 1918
64626 50 2814
64627 51 1302
64628 52 3609
64629 53 3912
64630 54 1654
64631 55 4262
64632 56 2198
64633 57 3875
64634 58 3270
64635 59 3465
64636 60 5311
64637 61 3873
64638 62 2257
64639 63 5408
64640 64 2452
64641 65 5290
64642 66 2009
64643 67 3812
64644 68 3749
64645 69 1468
64646 70 4391
64647 71 2138
64648 72 7316
64649 73 3184
64650 74 5024
64651 75 2269
64652 76 4296
64653 77 4006
64654 78 3130
64655 79 3568
64656 80 4521
64657 81 1830
64658 82 2374
64659 83 3118
64660 84 7336
64661 85 2287
64662 86 2661
64663 87 5729
64664 88 2284
64665 89 1595
64666 90 5175
64667 91 3045
64668 92 7715
64669 93 5775
64670 94 4063
64671 95 2432
64672 96 4230
64673 97 2080
64674 98 2258
64675 99 2336
64676 100 1378
64677 101 3815
64678 102 3836
64679 103 3692
64680 104 4444
64681 105 4250
64682 106 2439
64683 107 4158
64684 108 2341
64685 109 5178
64686 110 0
64687 111 1950
64688 112 1578
64689 113 4801
64690 114 5947
64691 115 2305
64692 116 2425
64693 117 6312
64694 118 2563
64695 119 3742
64696 120 6820
64697 121 2026
64698 122 6842
64699 123 5236
64700 124 5715
64701 125 2587
64702 126 2189
64703 127 5525
64704 128 4321
64705 129 3126
64706 130 3852
64707 131 1688
64708 132 2931
64709 133 0
64710 134 2097
64711 135 3256
64712 136 5456
64713 137 4613
64714 138 2301
64715 139 2243
64716 140 3708
64717 141 3211
64718 142 5308
64719 143 3234
64720 144 3432
64721 145 2003
