2500
64577 1 5525
64578 2 5361
64579 3 5289
64580 4 0
64581 5 5155
64582 6 7176
64583 7 6221
64584 8 4025
64585 9 1568
64586 10 7887
64587 11 2129
64588 12 4032
64589 13 5500
64590 14 4659
64591 15 5478
64592 16 2295
64593 17 5538
64594 18 1449
64595 19 5323
64596 20 5668
64597 21 3522
64598 22 2234
64599 23 2392
64600 24 3693
64601 25 4894
64602 26 3124
64603 27 2106
64604 28 4426
64605 29 5238
64606 30 8278
64607 31 2161
64608 32 4705
64609 33 2731
64610 34 3552
64611 35 5332
64612 36 5098
64613 37 2003
64614 38 5511
64615 39 1693
64616 40 5774
64617 41 2197
64618 42 5592
64619 43 5148
64620 44 2003
64621 45 1728
64622 46 3541
64623 47 3439
64624 48 3879
64625 49 2146
64626 50 3242
64627 51 2495
64628 52 3432
64629 53 3870
64630 54 2280
64631 55 4025
64632 56 2558
64633 57 2309
64634 58 2371
64635 59 2594
64636 60 4104
64637 61 5764
64638 62 931
64639 63 3504
64640 64 2213
64641 65 5956
64642 66 1958
64643 67 1466
64644 68 4033
64645 69 3752
64646 70 3142
64647 71 2108
64648 72 3909
64649 73 5627
64650 74 3356
64651 75 3055
64652 76 2230
64653 77 5056
64654 78 1933
64655 79 1061
64656 80 3491
64657 81 3659
64658 82 2216
64659 83 1684
64660 84 4178
64661 85 2295
64662 86 5443
64663 87 2135
64664 88 5242
64665 89 7225
64666 90 2228
64667 91 6142
64668 92 6479
64669 93 2185
64670 94 2282
64671 95 4377
64672 96 4916
64673 97 2216
64674 98 2642
64675 99 4905
64676 100 1650
64677 101 5446
64678 102 2003
64679 103 2454
64680 104 3721
64681 105 2211
64682 106 1191
64683 107 4405
64684 108 1511
64685 109 2642
64686 110 2681
64687 111 5591
64688 112 2108
64689 113 4076
64690 114 1479
64691 115 4823
64692 116 2198
64693 117 1093
64694 118 5831
64695 119 1578
64696 120 4100
64697 121 2250
64698 122 1421
64699 123 3202
64700 124 2522
64701 125 4131
64702 126 5366
64703 127 5575
64704 128 5653
64705 129 5658
64706 130 7567
64707 131 2293
64708 132 4989
64709 133 4360
64710 134 6523
64711 135 2003
