2500
64577 1 3525
64578 2 4041
64579 3 4489
64580 4 1757
64581 5 4532
64582 6 5868
64583 7 2251
64584 8 3740
64585 9 2062
64586 10 5391
64587 11 2003
64588 12 6825
64589 13 6725
64590 14 2268
64591 15 4342
64592 16 2096
64593 17 3303
64594 18 2262
64595 19 4808
64596 20 2186
64597 21 4500
64598 22 2297
64599 23 4308
64600 24 2078
64601 25 6200
64602 26 2227
64603 27 6508
64604 28 2758
64605 29 4240
64606 30 2325
64607 31 5875
64608 32 2642
64609 33 5398
64610 34 2072
64611 35 5042
64612 36 2675
64613 37 4873
64614 38 2327
64615 39 6959
64616 40 6787
64617 41 6292
64618 42 2310
64619 43 2031
64620 44 3458
64621 45 2432
64622 46 4299
64623 47 2414
64624 48 3092
64625 49 4181
64626 50 2706
64627 51 5510
64628 52 1557
64629 53 4976
64630 54 3683
64631 55 6197
64632 56 1846
64633 57 1717
64634 58 4754
64635 59 5527
64636 60 2332
64637 61 3513
64638 62 3205
64639 63 4670
64640 64 2786
64641 65 3078
64642 66 3114
64643 67 5908
64644 68 2330
64645 69 5314
64646 70 6925
64647 71 4725
64648 72 5047
64649 73 4316
64650 74 5967
64651 75 6110
64652 76 2346
64653 77 2708
64654 78 4730
64655 79 5356
64656 80 2003
64657 81 3942
64658 82 1944
64659 83 4425
64660 84 2176
64661 85 4242
64662 86 2009
64663 87 3032
64664 88 2213
64665 89 2108
64666 90 2928
64667 91 3525
64668 92 5075
64669 93 2003
64670 94 2203
64671 95 4661
64672 96 3711
64673 97 2169
64674 98 2793
64675 99 2163
64676 100 3785
64677 101 3858
64678 102 2161
64679 103 4675
64680 104 5353
64681 105 2003
64682 106 6329
64683 107 5220
64684 108 2179
64685 109 2792
64686 110 1863
64687 111 2717
64688 112 5592
64689 113 2155
64690 114 3625
64691 115 5067
64692 116 2003
