2500
64577 1 6798
64578 2 5975
64579 3 2175
64580 4 2108
64581 5 2691
64582 6 3014
64583 7 2998
64584 8 2233
64585 9 3899
64586 10 1783
64587 11 2114
64588 12 3481
64589 13 5073
64590 14 2174
64591 15 2692
64592 16 1887
64593 17 4994
64594 18 5558
64595 19 2217
64596 20 6465
64597 21 2612
64598 22 3874
64599 23 2003
64600 24 1484
64601 25 5301
64602 26 2644
64603 27 6075
64604 28 2043
64605 29 2966
64606 30 4268
64607 31 4175
64608 32 2185
64609 33 8008
64610 34 4917
64611 35 1982
64612 36 3633
64613 37 3129
64614 38 3324
64615 39 3956
64616 40 2206
64617 41 2325
64618 42 3990
64619 43 4256
64620 44 2157
64621 45 3692
64622 46 4405
64623 47 1868
64624 48 2754
64625 49 4799
64626 50 3380
64627 51 2787
64628 52 4757
64629 53 2215
64630 54 5525
64631 55 4357
64632 56 2003
64633 57 6775
64634 58 2168
64635 59 4025
64636 60 2366
64637 61 4391
64638 62 2332
64639 63 1531
64640 64 4829
64641 65 3516
64642 66 2458
64643 67 2284
64644 68 2003
64645 69 6208
64646 70 3330
64647 71 2191
64648 72 2544
64649 73 5173
64650 74 2229
64651 75 6158
64652 76 7683
64653 77 3282
64654 78 5229
64655 79 2124
64656 80 2131
64657 81 4663
64658 82 4146
64659 83 4651
64660 84 2243
64661 85 5625
64662 86 4003
64663 87 4405
64664 88 2169
64665 89 6575
64666 90 4568
64667 91 4879
64668 92 2287
64669 93 2820
64670 94 5597
64671 95 2557
64672 96 5324
64673 97 2003
64674 98 3158
64675 99 5962
64676 100 2712
64677 101 4302
64678 102 2273
64679 103 2842
64680 104 6075
64681 105 3975
64682 106 5374
64683 107 2003
64684 108 2255
64685 109 5104
64686 110 3548
64687 111 6772
64688 112 2197
64689 113 6725
64690 114 4406
64691 115 5598
64692 116 2003
