2500
64577 1 3721
64578 2 3749
64579 3 4616
64580 4 2112
64581 5 4025
64582 6 2301
64583 7 3743
64584 8 2231
64585 9 2449
64586 10 1926
64587 11 3852
64588 12 2914
64589 13 2003
64590 14 1719
64591 15 1958
64592 16 3837
64593 17 3257
64594 18 2201
64595 19 2493
64596 20 4051
64597 21 5183
64598 22 2153
64599 23 2858
64600 24 3185
64601 25 4584
64602 26 2003
64603 27 4708
64604 28 6042
64605 29 2232
64606 30 3858
64607 31 5214
64608 32 2185
64609 33 3458
64610 34 4000
64611 35 5401
64612 36 2003
64613 37 2492
64614 38 3859
64615 39 5431
64616 40 1656
64617 41 4207
64618 42 3737
64619 43 2279
64620 44 1496
64621 45 4487
64622 46 4468
64623 47 4630
64624 48 1777
64625 49 2369
64626 50 3691
64627 51 4360
64628 52 4508
64629 53 7106
64630 54 3637
64631 55 2467
64632 56 2400
64633 57 4894
64634 58 2003
64635 59 2253
64636 60 5648
64637 61 2649
64638 62 5194
64639 63 2244
64640 64 3768
64641 65 2621
64642 66 4904
64643 67 7422
64644 68 2003
64645 69 2883
64646 70 4025
64647 71 3432
64648 72 4088
64649 73 3473
64650 74 2317
64651 75 3312
64652 76 5684
64653 77 1975
64654 78 3076
64655 79 2061
64656 80 2763
64657 81 4592
64658 82 8125
64659 83 2334
64660 84 4182
64661 85 3086
64662 86 5321
64663 87 2576
64664 88 2654
64665 89 5777
64666 90 1671
64667 91 1320
64668 92 4278
64669 93 1875
64670 94 2938
64671 95 2384
64672 96 6673
64673 97 4775
64674 98 2273
64675 99 2002
64676 100 2867
64677 101 5773
64678 102 1899
64679 103 2166
64680 104 2685
64681 105 3642
64682 106 6136
64683 107 2340
64684 108 4951
64685 109 4326
64686 110 4165
64687 111 2293
64688 112 4231
64689 113 2351
64690 114 3784
64691 115 2242
64692 116 4406
64693 117 1927
64694 118 3472
64695 119 2230
64696 120 5375
64697 121 2224
64698 122 1300
64699 123 2303
64700 124 5785
64701 125 2003
