2500
64577 1 4213
64578 2 1455
64579 3 4525
64580 4 3892
64581 5 2014
64582 6 1671
64583 7 3122
64584 8 2414
64585 9 2367
64586 10 2928
64587 11 1589
64588 12 2730
64589 13 2565
64590 14 1078
64591 15 2876
64592 16 4606
64593 17 6857
64594 18 2062
64595 19 4277
64596 20 4417
64597 21 4971
64598 22 2188
64599 23 3907
64600 24 4236
64601 25 2003
64602 26 5150
64603 27 6142
64604 28 2284
64605 29 5660
64606 30 1693
64607 31 4009
64608 32 5192
64609 33 0
64610 34 5392
64611 35 1334
64612 36 2003
64613 37 2133
64614 38 3820
64615 39 1894
64616 40 2977
64617 41 5232
64618 42 2426
64619 43 2808
64620 44 5066
64621 45 1683
64622 46 3313
64623 47 5972
64624 48 2003
64625 49 2952
64626 50 4210
64627 51 2781
64628 52 2318
64629 53 3037
64630 54 3793
64631 55 2213
64632 56 3058
64633 57 6722
64634 58 4792
64635 59 2846
64636 60 4443
64637 61 4034
64638 62 1875
64639 63 2768
64640 64 2974
64641 65 2387
64642 66 3686
64643 67 2295
64644 68 3372
64645 69 4217
64646 70 5360
64647 71 2003
64648 72 1168
64649 73 2739
64650 74 2821
64651 75 4275
64652 76 2498
64653 77 2664
64654 78 5514
64655 79 7808
64656 80 5866
64657 81 3038
64658 82 4448
64659 83 4635
64660 84 2193
64661 85 3804
64662 86 2091
64663 87 2531
64664 88 3152
64665 89 3771
64666 90 4783
64667 91 1984
64668 92 2218
64669 93 3661
64670 94 3779
64671 95 2271
64672 96 2525
64673 97 3664
64674 98 3859
64675 99 2974
64676 100 5469
64677 101 2506
64678 102 2535
64679 103 2892
64680 104 1305
64681 105 5475
64682 106 4857
64683 107 2203
64684 108 2808
64685 109 3518
64686 110 2449
64687 111 6240
64688 112 2972
64689 113 7595
64690 114 1616
64691 115 4650
64692 116 5021
64693 117 5542
64694 118 6048
64695 119 4225
64696 120 4647
64697 121 0
64698 122 4158
64699 123 2407
64700 124 5074
64701 125 2003
