2500
64577 1 2061
64578 2 4088
64579 3 6675
64580 4 2532
64581 5 3119
64582 6 5447
64583 7 7392
64584 8 1452
64585 9 1902
64586 10 4545
64587 11 5477
64588 12 3658
64589 13 0
64590 14 5256
64591 15 2148
64592 16 2803
64593 17 5243
64594 18 1892
64595 19 2152
64596 20 6239
64597 21 4352
64598 22 5792
64599 23 8410
64600 24 5358
64601 25 2766
64602 26 3182
64603 27 4898
64604 28 2297
64605 29 6290
64606 30 3516
64607 31 4662
64608 32 4847
64609 33 3866
64610 34 4526
64611 35 2368
64612 36 4096
64613 37 5550
64614 38 5437
64615 39 3469
64616 40 1635
64617 41 1258
64618 42 3309
64619 43 2713
64620 44 3805
64621 45 5025
64622 46 2187
64623 47 915
64624 48 3133
64625 49 3106
64626 50 4000
64627 51 3029
64628 52 2003
64629 53 2101
64630 54 4237
64631 55 5234
64632 56 4713
64633 57 2237
64634 58 6225
64635 59 5138
64636 60 4393
64637 61 2133
64638 62 2958
64639 63 5564
64640 64 1571
64641 65 2005
64642 66 2046
64643 67 4467
64644 68 4487
64645 69 5476
64646 70 1974
64647 71 2841
64648 72 3355
64649 73 3465
64650 74 2081
64651 75 2156
64652 76 4508
64653 77 4623
64654 78 4748
64655 79 4072
64656 80 3900
64657 81 5751
64658 82 2274
64659 83 2549
64660 84 4328
64661 85 4619
64662 86 2984
64663 87 3171
64664 88 3200
64665 89 2222
64666 90 3125
64667 91 4526
64668 92 4596
64669 93 2769
64670 94 3220
64671 95 3104
64672 96 2003
64673 97 7892
64674 98 4725
64675 99 2183
64676 100 8317
64677 101 4473
64678 102 2503
64679 103 8524
64680 104 5119
64681 105 2374
64682 106 4435
64683 107 2942
64684 108 4191
64685 109 2402
64686 110 6435
64687 111 3150
64688 112 5376
64689 113 2003
