2500
64577 1 2336
64578 2 2617
64579 3 3914
64580 4 8887
64581 5 2557
64582 6 4223
64583 7 1636
64584 8 5252
64585 9 4715
64586 10 0
64587 11 3023
64588 12 4870
64589 13 3295
64590 14 2236
64591 15 4390
64592 16 3460
64593 17 7023
64594 18 4483
64595 19 4143
64596 20 4908
64597 21 6654
64598 22 6502
64599 23 3601
64600 24 0
64601 25 2230
64602 26 2777
64603 27 2850
64604 28 1616
64605 29 1621
64606 30 5837
64607 31 2235
64608 32 3408
64609 33 3120
64610 34 6597
64611 35 5654
64612 36 2213
64613 37 6287
64614 38 2261
64615 39 8665
64616 40 3909
64617 41 4512
64618 42 6130
64619 43 4515
64620 44 2221
64621 45 5900
64622 46 5465
64623 47 2162
64624 48 3048
64625 49 5454
64626 50 1299
64627 51 2598
64628 52 1701
64629 53 2431
64630 54 1535
64631 55 5019
64632 56 0
64633 57 3387
64634 58 2764
64635 59 4991
64636 60 5424
64637 61 2118
64638 62 2216
64639 63 3603
64640 64 5373
64641 65 8071
64642 66 0
64643 67 3271
64644 68 5257
64645 69 8863
64646 70 2703
64647 71 2310
64648 72 3004
64649 73 4420
64650 74 2641
64651 75 2833
64652 76 3518
64653 77 7397
64654 78 5981
64655 79 4293
64656 80 1649
64657 81 6017
64658 82 2443
64659 83 5801
64660 84 6283
64661 85 2175
64662 86 2673
64663 87 2383
64664 88 8299
64665 89 5495
64666 90 3303
64667 91 5743
64668 92 2403
64669 93 4687
64670 94 2305
64671 95 6916
64672 96 3408
64673 97 1970
64674 98 6498
64675 99 2047
64676 100 3132
64677 101 4074
64678 102 4737
64679 103 2894
64680 104 5844
64681 105 4244
64682 106 5262
64683 107 3423
64684 108 4572
64685 109 3848
64686 110 4982
64687 111 2612
64688 112 3480
64689 113 3530
64690 114 6091
64691 115 4170
64692 116 2044
64693 117 5725
64694 118 2113
64695 119 4493
64696 120 5921
64697 121 3483
64698 122 6821
64699 123 2651
64700 124 2849
64701 125 2917
64702 126 0
64703 127 3837
64704 128 5235
64705 129 5434
64706 130 4960
64707 131 3560
64708 132 0
64709 133 3806
64710 134 1666
64711 135 5442
64712 136 5433
64713 137 3791
64714 138 2002
64715 139 3020
64716 140 2211
64717 141 3676
64718 142 3300
64719 143 2398
64720 144 2974
64721 145 5464
64722 146 4325
64723 147 3589
64724 148 0
64725 149 3621
64726 150 1778
64727 151 4805
64728 152 5109
64729 153 2003
