2500
64577 1 2758
64578 2 4228
64579 3 4402
64580 4 4081
64581 5 6689
64582 6 8586
64583 7 7997
64584 8 2203
64585 9 7795
64586 10 2675
64587 11 2106
64588 12 2398
64589 13 8829
64590 14 8442
64591 15 2106
64592 16 2235
64593 17 3338
64594 18 2650
64595 19 2808
64596 20 1987
64597 21 2488
64598 22 3349
64599 23 2622
64600 24 6608
64601 25 2426
64602 26 2888
64603 27 7737
64604 28 3558
64605 29 6208
64606 30 2489
64607 31 1560
64608 32 5117
64609 33 4097
64610 34 1823
64611 35 4484
64612 36 2346
64613 37 7037
64614 38 8458
64615 39 5992
64616 40 2268
64617 41 3837
64618 42 4601
64619 43 3873
64620 44 4954
64621 45 2724
64622 46 2106
64623 47 3605
64624 48 2691
64625 49 4375
64626 50 3840
64627 51 5724
64628 52 2904
64629 53 7518
64630 54 8003
64631 55 7817
64632 56 3992
64633 57 6315
64634 58 6508
64635 59 2473
64636 60 2508
64637 61 7489
64638 62 1692
64639 63 6006
64640 64 7043
64641 65 6442
64642 66 4817
64643 67 0
64644 68 7928
64645 69 4496
64646 70 2301
64647 71 1788
64648 72 3165
64649 73 6784
64650 74 2376
64651 75 2542
64652 76 2948
64653 77 2537
64654 78 4107
64655 79 5243
64656 80 1996
64657 81 6016
64658 82 2513
64659 83 7005
64660 84 6308
64661 85 2237
64662 86 7525
64663 87 4762
64664 88 5804
64665 89 2665
64666 90 6925
64667 91 5258
64668 92 2900
64669 93 8975
64670 94 0
64671 95 2724
64672 96 6795
64673 97 5358
64674 98 2590
64675 99 6405
64676 100 4844
64677 101 0
64678 102 3344
64679 103 4214
64680 104 0
64681 105 2614
64682 106 7048
64683 107 3275
64684 108 4782
64685 109 2341
64686 110 9829
64687 111 2365
64688 112 3195
64689 113 3280
64690 114 3644
64691 115 5023
64692 116 6515
64693 117 3030
64694 118 7773
64695 119 2442
64696 120 4153
64697 121 2769
64698 122 2727
64699 123 6664
64700 124 3292
64701 125 4040
64702 126 2251
64703 127 2871
64704 128 7539
64705 129 6242
64706 130 3911
64707 131 6892
64708 132 3958
64709 133 8557
64710 134 2003
