2500
64577 1 1694
64578 2 5734
64579 3 3652
64580 4 3865
64581 5 2137
64582 6 3108
64583 7 2415
64584 8 3103
64585 9 4858
64586 10 2117
64587 11 3058
64588 12 3720
64589 13 4063
64590 14 6169
64591 15 2168
64592 16 1215
64593 17 2975
64594 18 4049
64595 19 2412
64596 20 3843
64597 21 1453
64598 22 2023
64599 23 6962
64600 24 2003
64601 25 6475
64602 26 1302
64603 27 1875
64604 28 7400
64605 29 1776
64606 30 2282
64607 31 3718
64608 32 3195
64609 33 5034
64610 34 4312
64611 35 2003
64612 36 7031
64613 37 2183
64614 38 1501
64615 39 6705
64616 40 2190
64617 41 2725
64618 42 4797
64619 43 1543
64620 44 6603
64621 45 1978
64622 46 2132
64623 47 3802
64624 48 5288
64625 49 9162
64626 50 7077
64627 51 2190
64628 52 5292
64629 53 5756
64630 54 5847
64631 55 7578
64632 56 2204
64633 57 3065
64634 58 2572
64635 59 4412
64636 60 6286
64637 61 2207
64638 62 3176
64639 63 1454
64640 64 4934
64641 65 5350
64642 66 2145
64643 67 2992
64644 68 2043
64645 69 4751
64646 70 6140
64647 71 2168
64648 72 4328
64649 73 4415
64650 74 2128
64651 75 3158
64652 76 7107
64653 77 1351
64654 78 4437
64655 79 2119
64656 80 2292
64657 81 5487
64658 82 2003
64659 83 4414
64660 84 4817
64661 85 2183
64662 86 3159
64663 87 2908
64664 88 5071
64665 89 1539
64666 90 2590
64667 91 3809
64668 92 5004
64669 93 2198
64670 94 1813
64671 95 2404
64672 96 3863
64673 97 4850
64674 98 1744
64675 99 2593
64676 100 1083
64677 101 4502
64678 102 1998
64679 103 4437
64680 104 2142
64681 105 3559
64682 106 4736
64683 107 2003
64684 108 1414
64685 109 5241
64686 110 3067
64687 111 5191
64688 112 2212
64689 113 1499
64690 114 5453
64691 115 4766
64692 116 2527
64693 117 5630
64694 118 2003
