2500
64577 1 6192
64578 2 1751
64579 3 2386
64580 4 6110
64581 5 2499
64582 6 5188
64583 7 2184
64584 8 2641
64585 9 4760
64586 10 4859
64587 11 5692
64588 12 7827
64589 13 6125
64590 14 5216
64591 15 5708
64592 16 6191
64593 17 2003
64594 18 3068
64595 19 6155
64596 20 4714
64597 21 3872
64598 22 2164
64599 23 4152
64600 24 4184
64601 25 3256
64602 26 5642
64603 27 2003
64604 28 5415
64605 29 2023
64606 30 4151
64607 31 4896
64608 32 1767
64609 33 3110
64610 34 0
64611 35 7264
64612 36 1662
64613 37 6652
64614 38 2003
64615 39 2792
64616 40 4987
64617 41 1641
64618 42 6393
64619 43 2090
64620 44 1961
64621 45 2957
64622 46 7098
64623 47 2067
64624 48 3104
64625 49 3887
64626 50 2204
64627 51 5843
64628 52 1804
64629 53 3142
64630 54 4698
64631 55 6084
64632 56 2007
64633 57 1852
64634 58 4113
64635 59 5507
64636 60 2003
64637 61 1977
64638 62 1733
64639 63 6181
64640 64 3187
64641 65 3671
64642 66 7784
64643 67 5625
64644 68 2117
64645 69 1984
64646 70 4528
64647 71 7777
64648 72 1757
64649 73 5689
64650 74 2329
64651 75 5692
64652 76 4966
64653 77 3773
64654 78 4834
64655 79 2003
64656 80 5262
64657 81 5795
64658 82 2279
64659 83 4925
64660 84 2280
64661 85 4553
64662 86 5704
64663 87 6478
64664 88 2003
