2500
64577 1 6090
64578 2 5014
64579 3 2193
64580 4 6717
64581 5 4729
64582 6 6856
64583 7 7225
64584 8 2278
64585 9 7613
64586 10 3109
64587 11 3726
64588 12 5627
64589 13 2415
64590 14 6181
64591 15 7641
64592 16 2485
64593 17 4365
64594 18 7942
64595 19 2699
64596 20 4802
64597 21 2003
64598 22 5231
64599 23 4322
64600 24 7690
64601 25 5344
64602 26 2518
64603 27 5413
64604 28 4409
64605 29 3521
64606 30 6369
64607 31 2712
64608 32 2775
64609 33 4650
64610 34 2614
64611 35 4744
64612 36 8169
64613 37 2464
64614 38 4140
64615 39 10129
64616 40 2202
64617 41 4656
64618 42 3109
64619 43 2598
64620 44 8443
64621 45 7733
64622 46 1887
64623 47 5810
64624 48 2662
64625 49 6258
64626 50 2272
64627 51 7108
64628 52 6915
64629 53 2003
64630 54 2470
64631 55 7653
64632 56 8338
64633 57 2405
64634 58 4556
64635 59 6231
64636 60 5475
64637 61 2003
64638 62 2580
64639 63 8079
64640 64 1813
64641 65 5425
64642 66 2003
