2500
64577 1 2078
64578 2 4949
64579 3 10597
64580 4 2457
64581 5 2147
64582 6 5553
64583 7 1742
64584 8 7400
64585 9 2003
64586 10 2958
64587 11 3629
64588 12 6442
64589 13 1796
64590 14 4021
64591 15 2266
64592 16 3042
64593 17 1878
64594 18 3577
64595 19 1613
64596 20 5449
64597 21 2003
64598 22 3008
64599 23 3265
64600 24 6268
64601 25 1736
64602 26 4307
64603 27 2553
64604 28 2577
64605 29 7490
64606 30 2625
64607 31 3006
64608 32 2003
64609 33 2230
64610 34 5052
64611 35 4713
64612 36 3130
64613 37 7908
64614 38 2559
64615 39 7558
64616 40 5402
64617 41 7017
64618 42 2075
64619 43 3415
64620 44 3432
64621 45 4728
64622 46 2414
64623 47 5183
64624 48 5633
64625 49 4604
64626 50 7808
64627 51 510
64628 52 3708
64629 53 7493
64630 54 4321
64631 55 2003
64632 56 3400
64633 57 2872
64634 58 2215
64635 59 3702
64636 60 3775
64637 61 2250
64638 62 1764
64639 63 3262
64640 64 3433
64641 65 4101
64642 66 1592
64643 67 4981
64644 68 2003
64645 69 6147
64646 70 2955
64647 71 3283
64648 72 4109
64649 73 2329
64650 74 7175
64651 75 5077
64652 76 5864
64653 77 2003
64654 78 1835
64655 79 6827
64656 80 5063
64657 81 2828
64658 82 5801
64659 83 2003
