2500
64577 1 2163
64578 2 2052
64579 3 3170
64580 4 4069
64581 5 2488
64582 6 2839
64583 7 6585
64584 8 2239
64585 9 1270
64586 10 3043
64587 11 2442
64588 12 3878
64589 13 2003
64590 14 2625
64591 15 4065
64592 16 2364
64593 17 6709
64594 18 3737
64595 19 2003
64596 20 2246
64597 21 3561
64598 22 4060
64599 23 4942
64600 24 2329
64601 25 2617
64602 26 2858
64603 27 1860
64604 28 4406
64605 29 2407
64606 30 3858
64607 31 3137
64608 32 5069
64609 33 2653
64610 34 4590
64611 35 2301
64612 36 3808
64613 37 3007
64614 38 7474
64615 39 1811
64616 40 5697
64617 41 2003
64618 42 3675
64619 43 3490
64620 44 4836
64621 45 2376
64622 46 5072
64623 47 2003
64624 48 2288
64625 49 3900
64626 50 4313
64627 51 6939
64628 52 2435
64629 53 5456
64630 54 7624
64631 55 2287
64632 56 3355
64633 57 6754
64634 58 2427
64635 59 2679
64636 60 3582
64637 61 7142
64638 62 9547
64639 63 2257
64640 64 4200
64641 65 6923
64642 66 2208
64643 67 7109
64644 68 8079
64645 69 2003
64646 70 2664
64647 71 6881
64648 72 8075
64649 73 2003
