2500
64577 1 1961
64578 2 4372
64579 3 3440
64580 4 2925
64581 5 3362
64582 6 4734
64583 7 2958
64584 8 4054
64585 9 3212
64586 10 7909
64587 11 8325
64588 12 6742
64589 13 6842
64590 14 8075
64591 15 2708
64592 16 2916
64593 17 3743
64594 18 5392
64595 19 8525
64596 20 2468
64597 21 4756
64598 22 1699
64599 23 4939
64600 24 2894
64601 25 4082
64602 26 4571
64603 27 3925
64604 28 2384
64605 29 7251
64606 30 2445
64607 31 3275
64608 32 4041
64609 33 3022
64610 34 6424
64611 35 3320
64612 36 2634
64613 37 4382
64614 38 3066
64615 39 3225
64616 40 1440
64617 41 5997
64618 42 4410
64619 43 7538
64620 44 2437
64621 45 6375
64622 46 5259
64623 47 2889
64624 48 3256
64625 49 7342
64626 50 2913
64627 51 6581
64628 52 7625
64629 53 3205
64630 54 5649
64631 55 3241
64632 56 7025
64633 57 6216
64634 58 0
64635 59 3692
64636 60 1701
64637 61 7078
64638 62 4370
64639 63 9078
64640 64 2374
64641 65 5550
64642 66 7582
64643 67 2092
64644 68 5211
64645 69 4589
64646 70 2489
64647 71 10408
64648 72 5608
64649 73 5840
64650 74 2441
64651 75 5318
64652 76 3590
64653 77 1301
64654 78 4540
64655 79 4262
64656 80 6367
64657 81 2442
64658 82 2939
64659 83 6344
64660 84 1926
64661 85 2736
64662 86 4490
64663 87 4770
64664 88 2419
64665 89 3482
64666 90 3724
64667 91 7175
64668 92 2750
64669 93 2787
64670 94 5204
64671 95 5117
64672 96 1840
64673 97 2394
64674 98 4281
64675 99 5253
64676 100 3188
64677 101 6296
64678 102 2297
64679 103 5258
64680 104 6109
64681 105 1929
64682 106 3859
64683 107 5263
64684 108 6175
64685 109 2520
64686 110 7036
64687 111 1935
64688 112 2115
64689 113 4186
64690 114 7227
64691 115 4325
64692 116 3275
64693 117 6637
64694 118 2548
64695 119 4800
64696 120 2417
64697 121 7023
64698 122 3433
64699 123 5693
64700 124 3979
64701 125 2592
64702 126 4445
64703 127 2859
64704 128 0
64705 129 4890
64706 130 3070
64707 131 4732
64708 132 3390
64709 133 2625
64710 134 2783
64711 135 2292
64712 136 6178
64713 137 2003
