2500
64577 1 1654
64578 2 4546
64579 3 2397
64580 4 3299
64581 5 4692
64582 6 3225
64583 7 6129
64584 8 0
64585 9 2758
64586 10 4437
64587 11 2165
64588 12 3404
64589 13 2527
64590 14 2657
64591 15 2742
64592 16 4618
64593 17 2275
64594 18 537
64595 19 2456
64596 20 5918
64597 21 5754
64598 22 3505
64599 23 5771
64600 24 6194
64601 25 2504
64602 26 1453
64603 27 4021
64604 28 6118
64605 29 2418
64606 30 5452
64607 31 2398
64608 32 3289
64609 33 1759
64610 34 3325
64611 35 6275
64612 36 0
64613 37 1972
64614 38 3584
64615 39 6778
64616 40 5736
64617 41 2303
64618 42 6236
64619 43 6068
64620 44 2183
64621 45 2791
64622 46 4587
64623 47 2192
64624 48 2332
64625 49 7970
64626 50 2389
64627 51 3372
64628 52 5033
64629 53 5998
64630 54 2323
64631 55 7218
64632 56 2285
64633 57 1995
64634 58 4492
64635 59 2717
64636 60 0
64637 61 5609
64638 62 2699
64639 63 5360
64640 64 4204
64641 65 0
64642 66 2342
64643 67 4921
64644 68 2200
64645 69 7493
64646 70 2150
64647 71 2297
64648 72 2633
64649 73 3397
64650 74 3581
64651 75 4502
64652 76 3397
64653 77 4620
64654 78 4689
64655 79 5175
64656 80 6563
64657 81 1988
64658 82 3026
64659 83 4787
64660 84 4628
64661 85 3462
64662 86 6217
64663 87 0
64664 88 3392
64665 89 4765
64666 90 5630
64667 91 3697
64668 92 0
64669 93 2942
64670 94 1944
64671 95 3875
64672 96 2610
64673 97 3958
64674 98 1961
64675 99 6125
64676 100 3376
64677 101 5156
64678 102 0
64679 103 2075
64680 104 4116
64681 105 2775
64682 106 2513
64683 107 2615
64684 108 2166
64685 109 5733
64686 110 2368
64687 111 1810
64688 112 4102
64689 113 6045
64690 114 1864
64691 115 6148
64692 116 5315
64693 117 2861
64694 118 3542
64695 119 4664
64696 120 2446
64697 121 1606
64698 122 7696
64699 123 2300
64700 124 1969
64701 125 4724
64702 126 7899
64703 127 1726
64704 128 6020
64705 129 2219
64706 130 4699
64707 131 2873
64708 132 2492
64709 133 4068
64710 134 5849
64711 135 4896
64712 136 4042
64713 137 5241
64714 138 0
64715 139 2342
64716 140 2412
64717 141 4272
64718 142 2665
64719 143 5612
64720 144 2264
64721 145 4313
64722 146 3891
64723 147 4389
64724 148 2292
64725 149 5653
64726 150 3917
64727 151 2400
64728 152 4248
64729 153 3293
64730 154 7236
64731 155 5270
64732 156 2801
64733 157 5797
64734 158 5984
64735 159 2003
