2500
64577 1 4525
64578 2 6139
64579 3 4042
64580 4 3004
64581 5 7017
64582 6 4770
64583 7 2548
64584 8 7092
64585 9 5380
64586 10 0
64587 11 3075
64588 12 5451
64589 13 3271
64590 14 3379
64591 15 4056
64592 16 2607
64593 17 4448
64594 18 5510
64595 19 2003
64596 20 3940
64597 21 3612
64598 22 4427
64599 23 3680
64600 24 2513
64601 25 2941
64602 26 4891
64603 27 2508
64604 28 4492
64605 29 2549
64606 30 3592
64607 31 6387
64608 32 2166
64609 33 7208
64610 34 4034
64611 35 2511
64612 36 4274
64613 37 2392
64614 38 4871
64615 39 0
64616 40 5042
64617 41 4753
64618 42 2768
64619 43 7012
64620 44 1199
64621 45 4314
64622 46 4818
64623 47 4492
64624 48 4504
64625 49 5146
64626 50 7034
64627 51 6273
64628 52 4593
64629 53 6258
64630 54 2529
64631 55 3376
64632 56 5358
64633 57 3448
64634 58 3581
64635 59 5761
64636 60 3540
64637 61 0
64638 62 4359
64639 63 3583
64640 64 2684
64641 65 5158
64642 66 5345
64643 67 5118
64644 68 6451
64645 69 2383
64646 70 4908
64647 71 4001
64648 72 2625
64649 73 4716
64650 74 2551
64651 75 4164
64652 76 6758
64653 77 7424
64654 78 5358
64655 79 2300
64656 80 5235
64657 81 0
64658 82 6175
64659 83 2359
64660 84 8169
64661 85 2003
64662 86 2258
64663 87 3756
64664 88 5192
64665 89 4381
64666 90 6325
64667 91 2396
64668 92 2943
64669 93 1307
64670 94 4847
64671 95 5560
64672 96 0
64673 97 5925
64674 98 2979
64675 99 5184
64676 100 5037
64677 101 2276
64678 102 3091
64679 103 5333
64680 104 4286
64681 105 4608
64682 106 4452
64683 107 0
64684 108 2926
64685 109 4169
64686 110 6185
64687 111 6902
64688 112 6787
64689 113 2342
64690 114 5375
64691 115 4715
64692 116 5774
64693 117 1572
64694 118 4594
64695 119 7074
64696 120 2205
64697 121 3192
64698 122 3806
64699 123 5844
64700 124 7501
64701 125 3288
64702 126 4176
64703 127 2918
64704 128 0
64705 129 2311
64706 130 2742
64707 131 6020
64708 132 2024
64709 133 3744
64710 134 4136
64711 135 2826
64712 136 4968
64713 137 4299
64714 138 4932
64715 139 0
64716 140 2592
64717 141 2687
64718 142 4052
64719 143 3881
64720 144 6595
64721 145 2003
