2500
64577 1 3550
64578 2 1437
64579 3 1793
64580 4 7931
64581 5 2742
64582 6 1650
64583 7 6200
64584 8 0
64585 9 3242
64586 10 2485
64587 11 3197
64588 12 5040
64589 13 1705
64590 14 4154
64591 15 3644
64592 16 3248
64593 17 6086
64594 18 5472
64595 19 6133
64596 20 8267
64597 21 7375
64598 22 2610
64599 23 8491
64600 24 6692
64601 25 3609
64602 26 0
64603 27 2525
64604 28 3945
64605 29 3362
64606 30 7915
64607 31 4277
64608 32 4007
64609 33 2891
64610 34 0
64611 35 3851
64612 36 7653
64613 37 8375
64614 38 9422
64615 39 2353
64616 40 1684
64617 41 8559
64618 42 2848
64619 43 3207
64620 44 0
64621 45 2758
64622 46 8204
64623 47 6789
64624 48 6332
64625 49 2311
64626 50 1576
64627 51 9005
64628 52 2421
64629 53 5086
64630 54 5607
64631 55 4292
64632 56 3945
64633 57 1596
64634 58 4237
64635 59 2326
64636 60 5125
64637 61 2253
64638 62 2678
64639 63 4758
64640 64 2187
64641 65 5507
64642 66 4958
64643 67 6104
64644 68 2556
64645 69 2928
64646 70 6325
64647 71 4876
64648 72 8181
64649 73 0
64650 74 2853
64651 75 3844
64652 76 3927
64653 77 8220
64654 78 5557
64655 79 2826
64656 80 8025
64657 81 6617
64658 82 3434
64659 83 3284
64660 84 0
64661 85 3173
64662 86 2927
64663 87 4984
64664 88 6625
64665 89 6508
64666 90 2427
64667 91 1507
64668 92 4333
64669 93 3816
64670 94 0
64671 95 2486
64672 96 3224
64673 97 8228
64674 98 3158
64675 99 4767
64676 100 6535
64677 101 4247
64678 102 2398
64679 103 4187
64680 104 3832
64681 105 3875
64682 106 9413
64683 107 2185
64684 108 6788
64685 109 3662
64686 110 5008
64687 111 4802
64688 112 8825
64689 113 8451
64690 114 7475
64691 115 2353
64692 116 7498
64693 117 8842
64694 118 1675
64695 119 6649
64696 120 0
64697 121 6392
64698 122 2437
64699 123 8479
64700 124 2374
64701 125 2292
64702 126 4872
64703 127 2410
64704 128 3417
64705 129 2613
64706 130 7756
64707 131 0
64708 132 3675
64709 133 4000
64710 134 8694
64711 135 2003
