2500
64577 1 2010
64578 2 3797
64579 3 7097
64580 4 1869
64581 5 3386
64582 6 4375
64583 7 6240
64584 8 3117
64585 9 4985
64586 10 2121
64587 11 3014
64588 12 4029
64589 13 0
64590 14 6592
64591 15 6416
64592 16 3753
64593 17 0
64594 18 2689
64595 19 3306
64596 20 7535
64597 21 2003
64598 22 3248
64599 23 1528
64600 24 5836
64601 25 1958
64602 26 3652
64603 27 4921
64604 28 4418
64605 29 6832
64606 30 3290
64607 31 2950
64608 32 2425
64609 33 5063
64610 34 4472
64611 35 2764
64612 36 4950
64613 37 6725
64614 38 9706
64615 39 0
64616 40 2525
64617 41 5618
64618 42 2762
64619 43 4592
64620 44 6093
64621 45 8658
64622 46 2116
64623 47 4291
64624 48 4610
64625 49 4679
64626 50 1723
64627 51 5526
64628 52 4827
64629 53 2728
64630 54 5151
64631 55 1534
64632 56 8460
64633 57 4328
64634 58 3550
64635 59 1553
64636 60 4203
64637 61 1964
64638 62 3697
64639 63 7948
64640 64 2406
64641 65 6993
64642 66 2542
64643 67 4037
64644 68 7540
64645 69 5707
64646 70 0
64647 71 1940
64648 72 3215
64649 73 2762
64650 74 5146
64651 75 0
64652 76 1538
64653 77 4654
64654 78 6331
64655 79 2207
64656 80 5112
64657 81 3797
64658 82 6726
64659 83 2542
64660 84 6175
64661 85 6342
64662 86 6203
64663 87 5731
64664 88 3125
64665 89 4334
64666 90 3240
64667 91 4622
64668 92 2892
64669 93 3528
64670 94 4735
64671 95 6889
64672 96 6570
64673 97 2175
64674 98 5672
64675 99 0
64676 100 2123
64677 101 3475
64678 102 5737
64679 103 0
64680 104 2036
64681 105 2725
64682 106 4103
64683 107 4269
64684 108 7474
64685 109 2066
64686 110 2356
64687 111 7439
64688 112 5749
64689 113 5521
64690 114 2975
64691 115 5359
64692 116 4876
64693 117 5781
64694 118 2660
64695 119 0
64696 120 3075
64697 121 5772
64698 122 5425
64699 123 1387
64700 124 4189
64701 125 6048
64702 126 3982
64703 127 0
64704 128 2259
64705 129 2529
64706 130 2936
64707 131 7001
64708 132 5538
64709 133 2202
64710 134 2392
64711 135 4577
64712 136 2251
64713 137 3227
64714 138 3793
64715 139 7841
64716 140 5463
64717 141 5791
64718 142 0
64719 143 3908
64720 144 5434
64721 145 4739
64722 146 2003
