2500
64577 1 2038
64578 2 4583
64579 3 6613
64580 4 4373
64581 5 1984
64582 6 5734
64583 7 3517
64584 8 4950
64585 9 0
64586 10 2892
64587 11 2376
64588 12 8324
64589 13 7215
64590 14 2114
64591 15 3792
64592 16 4625
64593 17 2223
64594 18 3921
64595 19 4092
64596 20 3043
64597 21 0
64598 22 4523
64599 23 2607
64600 24 7371
64601 25 8834
64602 26 1644
64603 27 2001
64604 28 3806
64605 29 8225
64606 30 2296
64607 31 8430
64608 32 1717
64609 33 4607
64610 34 3431
64611 35 4606
64612 36 4338
64613 37 2423
64614 38 7005
64615 39 5054
64616 40 2222
64617 41 2317
64618 42 0
64619 43 2211
64620 44 5754
64621 45 5392
64622 46 8658
64623 47 2592
64624 48 4577
64625 49 3155
64626 50 5801
64627 51 6015
64628 52 5690
64629 53 3814
64630 54 2237
64631 55 6187
64632 56 5788
64633 57 2351
64634 58 2475
64635 59 4519
64636 60 2035
64637 61 2631
64638 62 4488
64639 63 3036
64640 64 7192
64641 65 7469
64642 66 2652
64643 67 0
64644 68 2608
64645 69 4397
64646 70 2371
64647 71 2603
64648 72 3245
64649 73 2575
64650 74 5067
64651 75 6199
64652 76 1900
64653 77 4769
64654 78 3144
64655 79 2313
64656 80 3849
64657 81 7080
64658 82 1617
64659 83 8806
64660 84 6658
64661 85 6784
64662 86 2003
64663 87 3309
64664 88 3216
64665 89 2118
64666 90 4355
64667 91 4042
64668 92 1406
64669 93 4164
64670 94 4936
64671 95 1397
64672 96 6134
64673 97 3747
64674 98 5652
64675 99 2171
64676 100 3442
64677 101 1465
64678 102 1652
64679 103 8353
64680 104 2358
64681 105 1860
64682 106 5722
64683 107 0
64684 108 3426
64685 109 2881
64686 110 4371
64687 111 6575
64688 112 2266
64689 113 4604
64690 114 0
64691 115 3658
64692 116 4971
64693 117 6043
64694 118 2213
64695 119 4330
64696 120 5923
64697 121 4975
64698 122 1718
64699 123 7311
64700 124 4537
64701 125 6381
64702 126 7998
64703 127 0
64704 128 4525
64705 129 2587
64706 130 6345
64707 131 5572
64708 132 2125
64709 133 4808
64710 134 4324
64711 135 3269
64712 136 5702
64713 137 7343
64714 138 2170
64715 139 5992
64716 140 2698
64717 141 6892
64718 142 5029
64719 143 7334
64720 144 2003
