2500
64577 1 1464
64578 2 7242
64579 3 2693
64580 4 5920
64581 5 2747
64582 6 6928
64583 7 5192
64584 8 6113
64585 9 7456
64586 10 6675
64587 11 4418
64588 12 6754
64589 13 2044
64590 14 5766
64591 15 5782
64592 16 1734
64593 17 5718
64594 18 6308
64595 19 10808
64596 20 6091
64597 21 8325
64598 22 2295
64599 23 5154
64600 24 0
64601 25 3775
64602 26 3998
64603 27 8424
64604 28 2212
64605 29 6592
64606 30 2525
64607 31 4077
64608 32 6084
64609 33 1426
64610 34 5219
64611 35 6774
64612 36 6945
64613 37 2854
64614 38 9633
64615 39 6607
64616 40 3475
64617 41 3958
64618 42 5477
64619 43 2909
64620 44 3052
64621 45 3642
64622 46 6099
64623 47 2362
64624 48 1394
64625 49 3929
64626 50 3492
64627 51 7692
64628 52 2173
64629 53 5373
64630 54 7779
64631 55 5980
64632 56 2345
64633 57 4709
64634 58 5925
64635 59 4376
64636 60 2298
64637 61 4443
64638 62 6029
64639 63 4930
64640 64 2908
64641 65 0
64642 66 3592
64643 67 2719
64644 68 6525
64645 69 2158
64646 70 1902
64647 71 3940
64648 72 2660
64649 73 7390
64650 74 6259
64651 75 5393
64652 76 1719
64653 77 5894
64654 78 5912
64655 79 5864
64656 80 3536
64657 81 5131
64658 82 10756
64659 83 2211
64660 84 3486
64661 85 3774
64662 86 6007
64663 87 5808
64664 88 7425
64665 89 8388
64666 90 2003
64667 91 2542
64668 92 4324
64669 93 2358
64670 94 5205
64671 95 4408
64672 96 5920
64673 97 2404
64674 98 5674
64675 99 6004
64676 100 1837
64677 101 2240
64678 102 7921
64679 103 3272
64680 104 3015
64681 105 3051
64682 106 4571
64683 107 3398
64684 108 4918
64685 109 0
64686 110 4492
64687 111 5773
64688 112 5473
64689 113 4477
64690 114 5013
64691 115 5442
64692 116 2697
64693 117 5729
64694 118 4613
64695 119 5692
64696 120 6930
64697 121 5738
64698 122 0
64699 123 3592
64700 124 1654
64701 125 4079
64702 126 9694
64703 127 2003
