2500
64577 1 7650
64578 2 2621
64579 3 3927
64580 4 4804
64581 5 5658
64582 6 10439
64583 7 2130
64584 8 1928
64585 9 6337
64586 10 2052
64587 11 5226
64588 12 5433
64589 13 3108
64590 14 3763
64591 15 2645
64592 16 4468
64593 17 6010
64594 18 4367
64595 19 4325
64596 20 7197
64597 21 2305
64598 22 3092
64599 23 4605
64600 24 6350
64601 25 4745
64602 26 2025
64603 27 2784
64604 28 1866
64605 29 4396
64606 30 3078
64607 31 6260
64608 32 4125
64609 33 6519
64610 34 2246
64611 35 2858
64612 36 4800
64613 37 2634
64614 38 4601
64615 39 1851
64616 40 4156
64617 41 2569
64618 42 3168
64619 43 5801
64620 44 0
64621 45 4300
64622 46 4947
64623 47 1513
64624 48 3439
64625 49 5892
64626 50 2765
64627 51 6670
64628 52 0
64629 53 3425
64630 54 5241
64631 55 2693
64632 56 6298
64633 57 2321
64634 58 3902
64635 59 2839
64636 60 4380
64637 61 0
64638 62 7542
64639 63 2609
64640 64 9925
64641 65 2237
64642 66 2558
64643 67 6863
64644 68 5113
64645 69 2001
64646 70 4713
64647 71 2210
64648 72 4964
64649 73 2895
64650 74 6485
64651 75 5133
64652 76 0
64653 77 3058
64654 78 2378
64655 79 3895
64656 80 4740
64657 81 4219
64658 82 3813
64659 83 3142
64660 84 2955
64661 85 3629
64662 86 5537
64663 87 3807
64664 88 3128
64665 89 0
64666 90 7858
64667 91 8810
64668 92 2171
64669 93 6525
64670 94 2277
64671 95 2782
64672 96 4312
64673 97 4095
64674 98 3930
64675 99 4319
64676 100 2376
64677 101 4170
64678 102 2636
64679 103 5306
64680 104 1776
64681 105 4473
64682 106 2690
64683 107 2375
64684 108 5079
64685 109 2458
64686 110 7068
64687 111 0
64688 112 3192
64689 113 3512
64690 114 7150
64691 115 2160
64692 116 1625
64693 117 3379
64694 118 4415
64695 119 2611
64696 120 1471
64697 121 3017
64698 122 3021
64699 123 3524
64700 124 1985
64701 125 4056
64702 126 5908
64703 127 1878
64704 128 3440
64705 129 5192
64706 130 6730
64707 131 6242
64708 132 2250
64709 133 4264
64710 134 9108
64711 135 2317
64712 136 6554
64713 137 3022
64714 138 5313
64715 139 5018
64716 140 5525
64717 141 4001
64718 142 6359
64719 143 0
64720 144 3608
64721 145 3816
64722 146 8982
64723 147 2003
