2500
64577 1 4816
64578 2 5815
64579 3 4485
64580 4 2242
64581 5 6665
64582 6 6506
64583 7 8298
64584 8 9612
64585 9 2880
64586 10 10123
64587 11 7472
64588 12 8853
64589 13 2182
64590 14 2703
64591 15 2938
64592 16 8760
64593 17 0
64594 18 3300
64595 19 3775
64596 20 8317
64597 21 2256
64598 22 4673
64599 23 1794
64600 24 4080
64601 25 5231
64602 26 6698
64603 27 5101
64604 28 3657
64605 29 7629
64606 30 4646
64607 31 1855
64608 32 2098
64609 33 4607
64610 34 3525
64611 35 6866
64612 36 0
64613 37 7892
64614 38 5509
64615 39 0
64616 40 6292
64617 41 6184
64618 42 10259
64619 43 2344
64620 44 5908
64621 45 11262
64622 46 2623
64623 47 6197
64624 48 2187
64625 49 9070
64626 50 6717
64627 51 0
64628 52 5413
64629 53 2631
64630 54 6556
64631 55 7992
64632 56 1540
64633 57 5025
64634 58 8158
64635 59 2595
64636 60 4207
64637 61 1809
64638 62 7694
64639 63 1614
64640 64 7188
64641 65 0
64642 66 7462
64643 67 2395
64644 68 4057
64645 69 5097
64646 70 8358
64647 71 2325
64648 72 4148
64649 73 6604
64650 74 0
64651 75 2667
64652 76 7924
64653 77 5421
64654 78 12074
64655 79 0
64656 80 4342
64657 81 3694
64658 82 7601
64659 83 0
64660 84 3792
64661 85 2127
64662 86 5231
64663 87 2545
64664 88 9577
64665 89 2285
64666 90 792
64667 91 2400
64668 92 12867
64669 93 2775
64670 94 7899
64671 95 5065
64672 96 4780
64673 97 6758
64674 98 9533
64675 99 3553
64676 100 10339
64677 101 8980
64678 102 3738
64679 103 4113
64680 104 8225
64681 105 6422
64682 106 2610
64683 107 1854
64684 108 9170
64685 109 2725
64686 110 1904
64687 111 10492
64688 112 0
64689 113 3958
64690 114 5868
64691 115 3526
64692 116 10828
64693 117 2003
