2500
64577 1 2351
64578 2 4606
64579 3 3510
64580 4 3979
64581 5 0
64582 6 3046
64583 7 7967
64584 8 2874
64585 9 4553
64586 10 3476
64587 11 2555
64588 12 4802
64589 13 2227
64590 14 4563
64591 15 5068
64592 16 2635
64593 17 2767
64594 18 5752
64595 19 2164
64596 20 4349
64597 21 4607
64598 22 4667
64599 23 5714
64600 24 5450
64601 25 6109
64602 26 3918
64603 27 0
64604 28 2535
64605 29 3078
64606 30 5958
64607 31 2003
64608 32 3808
64609 33 6032
64610 34 4588
64611 35 4330
64612 36 3068
64613 37 4725
64614 38 4412
64615 39 3473
64616 40 4860
64617 41 3056
64618 42 5802
64619 43 4451
64620 44 6730
64621 45 2179
64622 46 5416
64623 47 2883
64624 48 3885
64625 49 4713
64626 50 2637
64627 51 4440
64628 52 2622
64629 53 5175
64630 54 2764
64631 55 6155
64632 56 2880
64633 57 0
64634 58 2444
64635 59 4678
64636 60 4754
64637 61 3159
64638 62 3968
64639 63 4171
64640 64 5741
64641 65 1940
64642 66 2724
64643 67 4369
64644 68 3269
64645 69 4827
64646 70 5200
64647 71 4197
64648 72 4616
64649 73 5616
64650 74 2225
64651 75 5136
64652 76 5782
64653 77 4540
64654 78 7194
64655 79 7867
64656 80 1824
64657 81 9178
64658 82 2139
64659 83 1340
64660 84 8063
64661 85 4660
64662 86 3707
64663 87 5962
64664 88 6089
64665 89 4603
64666 90 4135
64667 91 7722
64668 92 0
64669 93 3014
64670 94 5716
64671 95 2003
64672 96 7079
64673 97 5179
64674 98 5873
64675 99 0
64676 100 3778
64677 101 4547
64678 102 2623
64679 103 2382
64680 104 7271
64681 105 2064
64682 106 3805
64683 107 4963
64684 108 3792
64685 109 4175
64686 110 4063
64687 111 4629
64688 112 3451
64689 113 6329
64690 114 2003
64691 115 3519
64692 116 6110
64693 117 4399
64694 118 4286
64695 119 3194
64696 120 4909
64697 121 4358
64698 122 3054
64699 123 5541
64700 124 2087
64701 125 6666
64702 126 2168
64703 127 4857
64704 128 3419
64705 129 1510
64706 130 4728
64707 131 3574
64708 132 2395
64709 133 3864
64710 134 3496
64711 135 2305
64712 136 3618
64713 137 3230
64714 138 5052
64715 139 2559
64716 140 4079
64717 141 3399
64718 142 3535
64719 143 2406
64720 144 1804
64721 145 5523
64722 146 2003
