2500
64577 1 1941
64578 2 3450
64579 3 7089
64580 4 2404
64581 5 2940
64582 6 3552
64583 7 3764
64584 8 4554
64585 9 4244
64586 10 4952
64587 11 4412
64588 12 0
64589 13 6217
64590 14 2011
64591 15 6631
64592 16 6228
64593 17 6823
64594 18 3483
64595 19 3083
64596 20 3775
64597 21 2909
64598 22 6448
64599 23 0
64600 24 7460
64601 25 2789
64602 26 1952
64603 27 2527
64604 28 4529
64605 29 2684
64606 30 3936
64607 31 0
64608 32 1950
64609 33 2361
64610 34 4109
64611 35 3617
64612 36 2400
64613 37 0
64614 38 5239
64615 39 2124
64616 40 6141
64617 41 1356
64618 42 1692
64619 43 5137
64620 44 2475
64621 45 0
64622 46 5170
64623 47 1127
64624 48 3320
64625 49 1724
64626 50 2296
64627 51 4368
64628 52 3844
64629 53 1533
64630 54 3533
64631 55 3892
64632 56 0
64633 57 1965
64634 58 1094
64635 59 5028
64636 60 1814
64637 61 5658
64638 62 3396
64639 63 3470
64640 64 4376
64641 65 5057
64642 66 4616
64643 67 2699
64644 68 8096
64645 69 0
64646 70 5558
64647 71 2865
64648 72 1292
64649 73 2105
64650 74 10214
64651 75 7558
64652 76 1226
64653 77 2149
64654 78 5939
64655 79 0
64656 80 3425
64657 81 3990
64658 82 4498
64659 83 7302
64660 84 1882
64661 85 2201
64662 86 4278
64663 87 3351
64664 88 7768
64665 89 2961
64666 90 4510
64667 91 6156
64668 92 4075
64669 93 8073
64670 94 7864
64671 95 5345
64672 96 850
64673 97 5345
64674 98 0
64675 99 3492
64676 100 2722
64677 101 2624
64678 102 3876
64679 103 0
64680 104 1941
64681 105 2797
64682 106 4263
64683 107 4859
64684 108 2064
64685 109 3944
64686 110 4183
64687 111 4916
64688 112 1587
64689 113 4696
64690 114 4330
64691 115 4945
64692 116 4075
64693 117 7691
64694 118 2173
64695 119 4246
64696 120 1498
64697 121 5687
64698 122 1024
64699 123 3732
64700 124 4205
64701 125 1177
64702 126 5739
64703 127 5128
64704 128 1884
64705 129 4233
64706 130 2575
64707 131 3238
64708 132 5368
64709 133 2818
64710 134 3523
64711 135 4995
64712 136 3359
64713 137 6098
64714 138 0
64715 139 2992
64716 140 3725
64717 141 5175
64718 142 0
64719 143 3192
64720 144 2726
64721 145 5431
64722 146 4725
64723 147 2313
64724 148 3775
64725 149 4876
64726 150 1888
64727 151 4863
64728 152 2780
64729 153 1517
64730 154 3480
64731 155 5783
64732 156 2294
64733 157 2665
64734 158 5442
64735 159 3659
64736 160 2768
64737 161 6786
64738 162 2003
