2500
64577 1 3333
64578 2 3163
64579 3 1346
64580 4 4255
64581 5 3550
64582 6 2574
64583 7 6231
64584 8 2211
64585 9 3062
64586 10 4433
64587 11 2334
64588 12 2570
64589 13 3383
64590 14 2938
64591 15 0
64592 16 1575
64593 17 4220
64594 18 2720
64595 19 4018
64596 20 4984
64597 21 6138
64598 22 2233
64599 23 6844
64600 24 0
64601 25 4600
64602 26 4673
64603 27 7192
64604 28 3084
64605 29 6708
64606 30 1551
64607 31 4214
64608 32 0
64609 33 2432
64610 34 4330
64611 35 3909
64612 36 2421
64613 37 2478
64614 38 0
64615 39 2206
64616 40 2573
64617 41 3777
64618 42 7264
64619 43 1959
64620 44 2270
64621 45 7518
64622 46 2421
64623 47 2127
64624 48 4061
64625 49 5679
64626 50 0
64627 51 3158
64628 52 6378
64629 53 3423
64630 54 1429
64631 55 3999
64632 56 6068
64633 57 2212
64634 58 4665
64635 59 0
64636 60 3192
64637 61 2513
64638 62 6114
64639 63 7003
64640 64 2157
64641 65 2508
64642 66 5190
64643 67 4039
64644 68 1614
64645 69 3150
64646 70 0
64647 71 3242
64648 72 3669
64649 73 3148
64650 74 2755
64651 75 2439
64652 76 2831
64653 77 6686
64654 78 0
64655 79 2605
64656 80 3202
64657 81 5118
64658 82 3999
64659 83 882
64660 84 6414
64661 85 3608
64662 86 1585
64663 87 6628
64664 88 2351
64665 89 3711
64666 90 4381
64667 91 5067
64668 92 2196
64669 93 4006
64670 94 1825
64671 95 5991
64672 96 2373
64673 97 2620
64674 98 5225
64675 99 4845
64676 100 0
64677 101 4142
64678 102 5850
64679 103 2201
64680 104 2473
64681 105 5587
64682 106 3600
64683 107 2868
64684 108 0
64685 109 3525
64686 110 4381
64687 111 2259
64688 112 6158
64689 113 2274
64690 114 3386
64691 115 2125
64692 116 2714
64693 117 2162
64694 118 7040
64695 119 2081
64696 120 3439
64697 121 4694
64698 122 4615
64699 123 2639
64700 124 6920
64701 125 3574
64702 126 5136
64703 127 5927
64704 128 8942
64705 129 6908
64706 130 8443
64707 131 6708
64708 132 2958
64709 133 5777
64710 134 2596
64711 135 2895
64712 136 2647
64713 137 4754
64714 138 4193
64715 139 2330
64716 140 4233
64717 141 6924
64718 142 6537
64719 143 2158
64720 144 6315
64721 145 5502
64722 146 4450
64723 147 2489
64724 148 4283
64725 149 0
64726 150 2107
64727 151 2170
64728 152 2607
64729 153 3646
64730 154 6220
64731 155 0
64732 156 2417
64733 157 3025
64734 158 2249
64735 159 4900
64736 160 3667
64737 161 3911
64738 162 2003
