2500
64577 1 2867
64578 2 5718
64579 3 2846
64580 4 4004
64581 5 6518
64582 6 4239
64583 7 2528
64584 8 4175
64585 9 6140
64586 10 2214
64587 11 4508
64588 12 4187
64589 13 5012
64590 14 0
64591 15 3825
64592 16 2980
64593 17 4022
64594 18 4170
64595 19 1784
64596 20 4021
64597 21 2303
64598 22 1441
64599 23 4782
64600 24 0
64601 25 3286
64602 26 1370
64603 27 3249
64604 28 5328
64605 29 7793
64606 30 0
64607 31 1753
64608 32 4666
64609 33 4900
64610 34 4310
64611 35 4922
64612 36 5951
64613 37 0
64614 38 5217
64615 39 7041
64616 40 1581
64617 41 3090
64618 42 1666
64619 43 5226
64620 44 0
64621 45 3508
64622 46 3851
64623 47 2786
64624 48 8709
64625 49 1933
64626 50 3953
64627 51 2675
64628 52 6538
64629 53 5108
64630 54 1484
64631 55 6129
64632 56 1705
64633 57 3831
64634 58 0
64635 59 2141
64636 60 5532
64637 61 2527
64638 62 8565
64639 63 4726
64640 64 1974
64641 65 6713
64642 66 6823
64643 67 2158
64644 68 2408
64645 69 5418
64646 70 4175
64647 71 3344
64648 72 1864
64649 73 3935
64650 74 2310
64651 75 4036
64652 76 0
64653 77 2102
64654 78 5142
64655 79 3493
64656 80 4286
64657 81 5852
64658 82 2191
64659 83 4229
64660 84 3347
64661 85 4499
64662 86 2742
64663 87 2475
64664 88 5811
64665 89 10658
64666 90 6606
64667 91 1496
64668 92 5144
64669 93 3907
64670 94 2390
64671 95 5225
64672 96 1923
64673 97 4413
64674 98 4460
64675 99 2525
64676 100 1814
64677 101 5269
64678 102 2278
64679 103 1142
64680 104 7698
64681 105 6075
64682 106 4088
64683 107 2607
64684 108 6175
64685 109 5325
64686 110 2906
64687 111 1728
64688 112 5650
64689 113 4402
64690 114 7127
64691 115 1979
64692 116 3915
64693 117 6421
64694 118 2580
64695 119 6108
64696 120 2262
64697 121 2587
64698 122 1590
64699 123 4864
64700 124 4857
64701 125 0
64702 126 4378
64703 127 6104
64704 128 5231
64705 129 5775
64706 130 3827
64707 131 6841
64708 132 2003
64709 133 4118
64710 134 2621
64711 135 3057
64712 136 4576
64713 137 2436
64714 138 5116
64715 139 1795
64716 140 5686
64717 141 2860
64718 142 6908
64719 143 5684
64720 144 4953
64721 145 4108
64722 146 6024
64723 147 3039
64724 148 4942
64725 149 8121
64726 150 2003
