2500
64577 1 5311
64578 2 4932
64579 3 2347
64580 4 2670
64581 5 5300
64582 6 1421
64583 7 7839
64584 8 3666
64585 9 5025
64586 10 5001
64587 11 2837
64588 12 0
64589 13 3608
64590 14 2063
64591 15 4042
64592 16 5057
64593 17 1869
64594 18 3745
64595 19 3773
64596 20 6388
64597 21 4679
64598 22 6125
64599 23 2364
64600 24 6022
64601 25 5358
64602 26 1582
64603 27 4758
64604 28 5899
64605 29 2003
64606 30 2425
64607 31 4937
64608 32 3888
64609 33 6686
64610 34 1688
64611 35 4288
64612 36 0
64613 37 4302
64614 38 2051
64615 39 5540
64616 40 2489
64617 41 3224
64618 42 0
64619 43 3294
64620 44 2611
64621 45 1865
64622 46 4171
64623 47 2917
64624 48 3576
64625 49 1809
64626 50 5882
64627 51 0
64628 52 4325
64629 53 4715
64630 54 4730
64631 55 1948
64632 56 2133
64633 57 3559
64634 58 4917
64635 59 6894
64636 60 5697
64637 61 1630
64638 62 4454
64639 63 2195
64640 64 4066
64641 65 0
64642 66 4058
64643 67 4874
64644 68 3638
64645 69 2145
64646 70 2392
64647 71 5320
64648 72 3967
64649 73 6254
64650 74 1962
64651 75 3117
64652 76 2924
64653 77 3789
64654 78 7355
64655 79 0
64656 80 3254
64657 81 2812
64658 82 2829
64659 83 5450
64660 84 3215
64661 85 0
64662 86 3792
64663 87 4761
64664 88 4548
64665 89 2401
64666 90 1388
64667 91 5050
64668 92 2227
64669 93 3725
64670 94 6785
64671 95 2467
64672 96 1701
64673 97 3301
64674 98 3730
64675 99 3184
64676 100 3516
64677 101 5448
64678 102 2258
64679 103 5297
64680 104 0
64681 105 2275
64682 106 4963
64683 107 2042
64684 108 5875
64685 109 2294
64686 110 4652
64687 111 4442
64688 112 2670
64689 113 4180
64690 114 2242
64691 115 5191
64692 116 2019
64693 117 3431
64694 118 0
64695 119 4460
64696 120 2869
64697 121 5925
64698 122 0
64699 123 2825
64700 124 4265
64701 125 4725
64702 126 3697
64703 127 2769
64704 128 5222
64705 129 2328
64706 130 2175
64707 131 4573
64708 132 3802
64709 133 7336
64710 134 2844
64711 135 5522
64712 136 2641
64713 137 2474
64714 138 5601
64715 139 1856
64716 140 3450
64717 141 3224
64718 142 0
64719 143 1944
64720 144 2138
64721 145 2606
64722 146 3215
64723 147 0
64724 148 8261
64725 149 1669
64726 150 4652
64727 151 2632
64728 152 2635
64729 153 6043
64730 154 0
64731 155 2892
64732 156 4779
64733 157 7363
64734 158 6158
64735 159 0
64736 160 3358
64737 161 2845
64738 162 8189
64739 163 4507
64740 164 2003
