2500
64577 1 2852
64578 2 3653
64579 3 2724
64580 4 2520
64581 5 5715
64582 6 3100
64583 7 2163
64584 8 2864
64585 9 3998
64586 10 4217
64587 11 5128
64588 12 0
64589 13 6572
64590 14 1664
64591 15 3300
64592 16 6458
64593 17 7130
64594 18 4034
64595 19 4652
64596 20 4958
64597 21 4182
64598 22 6398
64599 23 6189
64600 24 2374
64601 25 3654
64602 26 3099
64603 27 5349
64604 28 7547
64605 29 4408
64606 30 2615
64607 31 3306
64608 32 5373
64609 33 5975
64610 34 2143
64611 35 4287
64612 36 3691
64613 37 4689
64614 38 2549
64615 39 4317
64616 40 4958
64617 41 2551
64618 42 5727
64619 43 5590
64620 44 3729
64621 45 5973
64622 46 5956
64623 47 6507
64624 48 4498
64625 49 0
64626 50 2273
64627 51 1900
64628 52 5426
64629 53 4561
64630 54 2495
64631 55 4020
64632 56 7137
64633 57 5975
64634 58 4134
64635 59 2340
64636 60 8221
64637 61 2170
64638 62 7153
64639 63 8596
64640 64 2319
64641 65 2918
64642 66 7967
64643 67 3167
64644 68 6863
64645 69 4299
64646 70 2467
64647 71 4284
64648 72 4641
64649 73 7161
64650 74 5358
64651 75 9542
64652 76 5937
64653 77 2356
64654 78 5110
64655 79 3749
64656 80 4914
64657 81 5044
64658 82 0
64659 83 4375
64660 84 5758
64661 85 8391
64662 86 3222
64663 87 7021
64664 88 0
64665 89 3372
64666 90 5001
64667 91 2365
64668 92 4558
64669 93 6075
64670 94 6614
64671 95 4039
64672 96 4189
64673 97 0
64674 98 2408
64675 99 5353
64676 100 4856
64677 101 2613
64678 102 3803
64679 103 7819
64680 104 2365
64681 105 1384
64682 106 8512
64683 107 2030
64684 108 7459
64685 109 9508
64686 110 8925
64687 111 2184
64688 112 6983
64689 113 3418
64690 114 8217
64691 115 2608
64692 116 6960
64693 117 3125
64694 118 4224
64695 119 5107
64696 120 2993
64697 121 5835
64698 122 0
64699 123 3108
64700 124 5934
64701 125 5942
64702 126 4725
64703 127 4700
64704 128 2421
64705 129 4218
64706 130 5939
64707 131 2003
