2500
64577 1 2617
64578 2 2848
64579 3 2479
64580 4 3930
64581 5 4154
64582 6 3211
64583 7 7527
64584 8 6833
64585 9 5202
64586 10 2458
64587 11 7645
64588 12 5721
64589 13 3224
64590 14 7348
64591 15 6592
64592 16 2889
64593 17 3147
64594 18 3890
64595 19 0
64596 20 4359
64597 21 1460
64598 22 8577
64599 23 2416
64600 24 1534
64601 25 5470
64602 26 3660
64603 27 5219
64604 28 2521
64605 29 3093
64606 30 5625
64607 31 1792
64608 32 5942
64609 33 3235
64610 34 1620
64611 35 5485
64612 36 3375
64613 37 8555
64614 38 6132
64615 39 2390
64616 40 6736
64617 41 0
64618 42 4208
64619 43 5344
64620 44 4441
64621 45 2299
64622 46 3592
64623 47 3947
64624 48 7636
64625 49 6725
64626 50 0
64627 51 3492
64628 52 2300
64629 53 5058
64630 54 3947
64631 55 4339
64632 56 1845
64633 57 2142
64634 58 1652
64635 59 3521
64636 60 7226
64637 61 6542
64638 62 7225
64639 63 4050
64640 64 5508
64641 65 4768
64642 66 4588
64643 67 6887
64644 68 2163
64645 69 4021
64646 70 8465
64647 71 2551
64648 72 4592
64649 73 5658
64650 74 3075
64651 75 6852
64652 76 10825
64653 77 1808
64654 78 3587
64655 79 7286
64656 80 5492
64657 81 3067
64658 82 1527
64659 83 5368
64660 84 3174
64661 85 4808
64662 86 7573
64663 87 3081
64664 88 4489
64665 89 3944
64666 90 2003
64667 91 2838
64668 92 3519
64669 93 2540
64670 94 4511
64671 95 3989
64672 96 3296
64673 97 6441
64674 98 0
64675 99 2425
64676 100 7221
64677 101 2024
64678 102 5329
64679 103 2536
64680 104 2728
64681 105 3226
64682 106 5653
64683 107 5134
64684 108 5037
64685 109 6270
64686 110 2856
64687 111 4264
64688 112 4833
64689 113 4527
64690 114 0
64691 115 3111
64692 116 4635
64693 117 2075
64694 118 4713
64695 119 7192
64696 120 3453
64697 121 6077
64698 122 4908
64699 123 2071
64700 124 5979
64701 125 2261
64702 126 3180
64703 127 4925
64704 128 1575
64705 129 5611
64706 130 2205
64707 131 5635
64708 132 2442
64709 133 4485
64710 134 2765
64711 135 5959
64712 136 0
64713 137 3677
64714 138 1571
64715 139 4985
64716 140 5665
64717 141 2003
