2500
64336 3 81
64577 4 7767
64578 5 3438
64579 6 4590
64580 7 2217
64581 8 2106
64582 9 4493
64583 10 4371
64584 11 4596
64585 12 3269
64586 13 2076
64587 14 4937
64588 15 1423
64589 16 3146
64590 17 0
64591 18 5696
64592 19 2541
64593 20 4314
64594 21 0
64595 22 4714
64596 23 6562
64597 24 5458
64598 25 2541
64599 26 5400
64600 27 4925
64601 28 1915
64602 29 5166
64603 30 5725
64604 31 5492
64605 32 7558
64606 33 5079
64607 34 8411
64608 35 9608
64609 36 5215
64610 37 4106
64611 38 2280
64612 39 4149
64613 40 5646
64614 41 3327
64615 42 2516
64616 43 3631
64617 44 2757
64618 45 0
64619 46 3525
64620 47 5455
64621 48 5088
64622 49 5186
64623 50 2003
64624 51 1457
64625 52 5814
64626 53 4508
64627 54 4034
64628 55 6620
64629 56 1762
64630 57 4620
64631 58 2270
64632 59 3586
64633 60 4108
64634 61 2234
64635 62 5153
64636 63 5070
64637 64 0
64638 65 4092
64639 66 6071
64640 67 2203
64641 68 5707
64642 69 4550
64643 70 3655
64644 71 4457
64645 72 3224
64646 73 4947
64647 74 4394
64648 75 2382
64649 76 4140
64650 77 5718
64651 78 6310
64652 79 3086
64653 80 3348
64654 81 2445
64655 82 3532
64656 83 2807
64657 84 0
64658 85 2658
64659 86 3688
64660 87 2701
64661 88 4276
64662 89 6567
64663 90 2184
64664 91 2625
64665 92 2012
64666 93 3665
64667 94 8925
64668 95 3085
64669 96 5830
64670 97 3361
64671 98 2975
64672 99 3586
64673 100 7162
64674 101 2842
64675 102 3149
64676 103 4662
64677 104 6939
64678 105 2524
64679 106 1727
64680 107 8978
64681 108 5746
64682 109 2350
64683 110 4229
64684 111 4472
64685 112 0
64686 113 5423
64687 114 3572
64688 115 6585
64689 116 3960
64690 117 4263
64691 118 0
64692 119 3619
64693 120 2579
64694 121 5408
64695 122 8679
64696 123 2251
64697 124 4942
64698 125 6298
64699 126 4612
64700 127 6432
64701 128 7358
64702 129 6008
64703 130 5492
64704 131 2617
64705 132 7583
64706 133 8199
64707 134 2003
64858 135 1361
64859 136 1361
64860 137 1441
64861 138 1463
64862 139 1562
64863 140 1516
64864 141 1359
64865 142 1365
64866 143 979
64867 144 1029
64868 145 1196
64869 146 1194
64870 147 1329
64871 148 1381
64872 149 1292
64873 150 1306
64874 151 1535
64875 152 1541
64876 153 1355
64877 154 1355
64878 155 1530
64879 156 1537
64880 157 1348
64881 158 1382
64882 159 1368
64883 160 1362
64884 161 1139
64885 162 1153
64886 163 1638
64887 164 1665
64888 165 1665
64889 166 1672
