2500
64577 1 3711
64578 2 4411
64579 3 3505
64580 4 3243
64581 5 3900
64582 6 4540
64583 7 2150
64584 8 3179
64585 9 4206
64586 10 3633
64587 11 2568
64588 12 4523
64589 13 3025
64590 14 4116
64591 15 3771
64592 16 3662
64593 17 4208
64594 18 0
64595 19 4075
64596 20 2227
64597 21 3812
64598 22 5404
64599 23 2588
64600 24 5492
64601 25 0
64602 26 2074
64603 27 1838
64604 28 3263
64605 29 4165
64606 30 3643
64607 31 2156
64608 32 4142
64609 33 5032
64610 34 5090
64611 35 0
64612 36 2425
64613 37 4730
64614 38 4670
64615 39 5534
64616 40 0
64617 41 2442
64618 42 6240
64619 43 4676
64620 44 2247
64621 45 3875
64622 46 0
64623 47 2416
64624 48 2560
64625 49 2838
64626 50 4094
64627 51 2327
64628 52 2742
64629 53 4724
64630 54 2113
64631 55 5424
64632 56 1610
64633 57 4953
64634 58 5759
64635 59 1464
64636 60 4031
64637 61 2351
64638 62 2265
64639 63 4687
64640 64 3190
64641 65 4325
64642 66 3608
64643 67 0
64644 68 2620
64645 69 4145
64646 70 1928
64647 71 4150
64648 72 4755
64649 73 1250
64650 74 1539
64651 75 5098
64652 76 5659
64653 77 0
64654 78 3306
64655 79 3319
64656 80 2210
64657 81 4490
64658 82 2324
64659 83 4708
64660 84 5062
64661 85 7447
64662 86 3634
64663 87 0
64664 88 2747
64665 89 3374
64666 90 2116
64667 91 2199
64668 92 3258
64669 93 2744
64670 94 3282
64671 95 3191
64672 96 3603
64673 97 3638
64674 98 2144
64675 99 2425
64676 100 3245
64677 101 5958
64678 102 5083
64679 103 2534
64680 104 4449
64681 105 2834
64682 106 3049
64683 107 3464
64684 108 6108
64685 109 3242
64686 110 5975
64687 111 4325
64688 112 2622
64689 113 2901
64690 114 4710
64691 115 2073
64692 116 4092
64693 117 4817
64694 118 2848
64695 119 2249
64696 120 3449
64697 121 5198
64698 122 2635
64699 123 5023
64700 124 4111
64701 125 3596
64702 126 4837
64703 127 4254
64704 128 5412
64705 129 0
64706 130 2342
64707 131 5350
64708 132 4554
64709 133 4742
64710 134 1631
64711 135 5319
64712 136 0
64713 137 2292
64714 138 3057
64715 139 3056
64716 140 8636
64717 141 0
64718 142 2708
64719 143 3398
64720 144 3742
64721 145 7188
64722 146 7342
64723 147 0
64724 148 2782
64725 149 4539
64726 150 4404
64727 151 5493
64728 152 6369
64729 153 4619
64730 154 0
64731 155 3958
64732 156 3162
64733 157 5006
64734 158 2003
