2500
64577 1 4983
64578 2 5048
64579 3 2746
64580 4 2830
64581 5 5662
64582 6 7892
64583 7 5625
64584 8 4436
64585 9 2878
64586 10 2957
64587 11 5555
64588 12 6992
64589 13 3173
64590 14 1958
64591 15 3310
64592 16 1324
64593 17 5088
64594 18 0
64595 19 5552
64596 20 6667
64597 21 2214
64598 22 2858
64599 23 4219
64600 24 6539
64601 25 3257
64602 26 5853
64603 27 6958
64604 28 11442
64605 29 7289
64606 30 3329
64607 31 4325
64608 32 3417
64609 33 3249
64610 34 5616
64611 35 2167
64612 36 6242
64613 37 4206
64614 38 1147
64615 39 5993
64616 40 2352
64617 41 6345
64618 42 4593
64619 43 5748
64620 44 3759
64621 45 5358
64622 46 6522
64623 47 2815
64624 48 6292
64625 49 3285
64626 50 6330
64627 51 1839
64628 52 3137
64629 53 4236
64630 54 7481
64631 55 3899
64632 56 5809
64633 57 4073
64634 58 3870
64635 59 8015
64636 60 1423
64637 61 6099
64638 62 2592
64639 63 0
64640 64 9342
64641 65 5289
64642 66 2208
64643 67 9203
64644 68 2486
64645 69 1776
64646 70 4968
64647 71 0
64648 72 6394
64649 73 3464
64650 74 3737
64651 75 7759
64652 76 0
64653 77 2856
64654 78 5329
64655 79 4315
64656 80 2832
64657 81 5242
64658 82 4131
64659 83 2839
64660 84 1582
64661 85 3354
64662 86 0
64663 87 2842
64664 88 6641
64665 89 5647
64666 90 3689
64667 91 6051
64668 92 0
64669 93 5958
64670 94 3409
64671 95 3560
64672 96 4893
64673 97 6550
64674 98 3045
64675 99 3487
64676 100 2023
64677 101 2955
64678 102 2253
64679 103 2664
64680 104 0
64681 105 2719
64682 106 1353
64683 107 3288
64684 108 2326
64685 109 2552
64686 110 5292
64687 111 3269
64688 112 3874
64689 113 4287
64690 114 0
64691 115 2165
64692 116 5208
64693 117 1831
64694 118 4155
64695 119 4377
64696 120 6543
64697 121 0
64698 122 2439
64699 123 3281
64700 124 4736
64701 125 3841
64702 126 2645
64703 127 1395
64704 128 2858
64705 129 0
64706 130 8732
64707 131 6758
64708 132 1636
64709 133 5890
64710 134 3911
64711 135 5111
64712 136 2534
64713 137 4198
64714 138 0
64715 139 5954
64716 140 2620
64717 141 2598
64718 142 0
64719 143 2271
64720 144 3000
64721 145 5590
64722 146 4470
64723 147 6404
64724 148 2003
