2500
64577 1 1219
64578 2 6742
64579 3 5706
64580 4 1683
64581 5 4383
64582 6 9544
64583 7 2555
64584 8 1544
64585 9 5229
64586 10 4808
64587 11 2802
64588 12 0
64589 13 3153
64590 14 7429
64591 15 3458
64592 16 2830
64593 17 6503
64594 18 4613
64595 19 3081
64596 20 7680
64597 21 0
64598 22 2416
64599 23 3981
64600 24 6190
64601 25 7891
64602 26 3515
64603 27 1470
64604 28 5589
64605 29 0
64606 30 5708
64607 31 3991
64608 32 3160
64609 33 6305
64610 34 2484
64611 35 1841
64612 36 6695
64613 37 5762
64614 38 2743
64615 39 0
64616 40 2783
64617 41 7772
64618 42 5876
64619 43 2833
64620 44 4084
64621 45 5466
64622 46 3401
64623 47 6643
64624 48 0
64625 49 2739
64626 50 3950
64627 51 5965
64628 52 7439
64629 53 3084
64630 54 1533
64631 55 3337
64632 56 0
64633 57 3208
64634 58 7613
64635 59 4709
64636 60 4930
64637 61 7261
64638 62 1323
64639 63 4328
64640 64 3258
64641 65 2392
64642 66 1475
64643 67 4339
64644 68 4883
64645 69 4328
64646 70 5463
64647 71 6884
64648 72 0
64649 73 2723
64650 74 6428
64651 75 5720
64652 76 2800
64653 77 4515
64654 78 3746
64655 79 7743
64656 80 3117
64657 81 5084
64658 82 0
64659 83 2785
64660 84 4181
64661 85 6304
64662 86 5837
64663 87 3236
64664 88 1490
64665 89 5482
64666 90 3234
64667 91 6656
64668 92 0
64669 93 6619
64670 94 5339
64671 95 3206
64672 96 0
64673 97 3642
64674 98 4547
64675 99 5335
64676 100 2233
64677 101 5695
64678 102 6036
64679 103 3000
64680 104 0
64681 105 5392
64682 106 3692
64683 107 2652
64684 108 7708
64685 109 7237
64686 110 5865
64687 111 7740
64688 112 2858
64689 113 7202
64690 114 6602
64691 115 8488
64692 116 4410
64693 117 0
64694 118 7608
64695 119 5188
64696 120 6745
64697 121 2301
64698 122 5392
64699 123 6299
64700 124 3084
64701 125 7442
64702 126 6625
64703 127 7820
64704 128 6150
64705 129 3652
64706 130 5275
64707 131 4231
64708 132 3508
64709 133 6884
64710 134 7385
64711 135 2003
