2500
64577 1 2579
64578 2 7298
64579 3 2390
64580 4 2584
64581 5 4808
64582 6 10228
64583 7 3313
64584 8 5762
64585 9 6463
64586 10 8156
64587 11 8035
64588 12 5034
64589 13 0
64590 14 2667
64591 15 5641
64592 16 3420
64593 17 2447
64594 18 6129
64595 19 4646
64596 20 2221
64597 21 2455
64598 22 3431
64599 23 5209
64600 24 5078
64601 25 7428
64602 26 5500
64603 27 2778
64604 28 6556
64605 29 4268
64606 30 6148
64607 31 2065
64608 32 2790
64609 33 4940
64610 34 3799
64611 35 5039
64612 36 3247
64613 37 2114
64614 38 6070
64615 39 5048
64616 40 2260
64617 41 4682
64618 42 4163
64619 43 6259
64620 44 2178
64621 45 2189
64622 46 4713
64623 47 4004
64624 48 2448
64625 49 3182
64626 50 3463
64627 51 7447
64628 52 7760
64629 53 2003
64630 54 2931
64631 55 4886
64632 56 4207
64633 57 6794
64634 58 6468
64635 59 5300
64636 60 6539
64637 61 2003
64638 62 2543
64639 63 2635
64640 64 4422
64641 65 5674
64642 66 4002
64643 67 3483
64644 68 4998
64645 69 5423
64646 70 5803
64647 71 5222
64648 72 4832
64649 73 2563
64650 74 8725
64651 75 5284
64652 76 6256
64653 77 6136
64654 78 3412
64655 79 5217
64656 80 3107
64657 81 8003
64658 82 4615
64659 83 4480
64660 84 0
64661 85 3784
64662 86 1673
64663 87 4750
64664 88 5720
64665 89 2338
64666 90 3089
64667 91 3833
64668 92 6012
64669 93 2101
64670 94 3838
64671 95 2467
64672 96 3453
64673 97 3593
64674 98 2693
64675 99 5532
64676 100 7173
64677 101 7032
64678 102 4127
64679 103 5672
64680 104 2286
64681 105 1709
64682 106 5461
64683 107 2379
64684 108 3360
64685 109 5329
64686 110 7259
64687 111 6624
64688 112 2246
64689 113 5078
64690 114 6890
64691 115 5179
64692 116 4708
64693 117 4719
64694 118 3477
64695 119 6908
64696 120 0
64697 121 5537
64698 122 2651
64699 123 6057
64700 124 1419
64701 125 6351
64702 126 0
64703 127 2649
64704 128 5089
64705 129 4286
64706 130 6142
64707 131 5579
64708 132 5755
64709 133 2003
