2500
64577 1 4083
64578 2 4241
64579 3 7210
64580 4 2453
64581 5 8244
64582 6 8473
64583 7 4265
64584 8 4792
64585 9 7749
64586 10 0
64587 11 2852
64588 12 5955
64589 13 9283
64590 14 2042
64591 15 5938
64592 16 3620
64593 17 7691
64594 18 5856
64595 19 1656
64596 20 5893
64597 21 2681
64598 22 3485
64599 23 6109
64600 24 2003
64601 25 5325
64602 26 6363
64603 27 7870
64604 28 7692
64605 29 0
64606 30 2892
64607 31 2618
64608 32 5992
64609 33 7176
64610 34 5404
64611 35 0
64612 36 2575
64613 37 2957
64614 38 8165
64615 39 3998
64616 40 6640
64617 41 2003
64618 42 3882
64619 43 6234
64620 44 2648
64621 45 2686
64622 46 6367
64623 47 7994
64624 48 4130
64625 49 5480
64626 50 2193
64627 51 6849
64628 52 2495
64629 53 4364
64630 54 8673
64631 55 5456
64632 56 3048
64633 57 5912
64634 58 0
64635 59 5692
64636 60 2967
64637 61 5037
64638 62 6750
64639 63 2225
64640 64 6025
64641 65 5489
64642 66 4356
64643 67 8707
64644 68 8136
64645 69 3411
64646 70 2479
64647 71 5285
64648 72 6042
64649 73 4865
64650 74 2298
64651 75 3084
64652 76 3924
64653 77 3897
64654 78 2992
64655 79 6394
64656 80 6180
64657 81 3808
64658 82 6370
64659 83 0
64660 84 5898
64661 85 5881
64662 86 3674
64663 87 5342
64664 88 4764
64665 89 2253
64666 90 5250
64667 91 5803
64668 92 4788
64669 93 1569
64670 94 3707
64671 95 5426
64672 96 1837
64673 97 4142
64674 98 4328
64675 99 3903
64676 100 0
64677 101 2592
64678 102 6740
64679 103 6692
64680 104 6038
64681 105 1699
64682 106 8984
64683 107 3193
64684 108 2063
64685 109 3848
64686 110 6884
64687 111 5018
64688 112 0
64689 113 8975
64690 114 8783
64691 115 0
64692 116 2014
64693 117 9844
64694 118 4065
64695 119 2042
64696 120 6242
64697 121 4513
64698 122 6025
64699 123 2573
64700 124 3278
64701 125 4987
64702 126 7230
64703 127 2003
