2500
64577 1 2967
64578 2 4837
64579 3 7782
64580 4 4014
64581 5 7859
64582 6 4300
64583 7 7175
64584 8 6661
64585 9 5521
64586 10 2522
64587 11 6455
64588 12 3840
64589 13 5039
64590 14 0
64591 15 8963
64592 16 4881
64593 17 5175
64594 18 4532
64595 19 2215
64596 20 7842
64597 21 7097
64598 22 2925
64599 23 3834
64600 24 8565
64601 25 2510
64602 26 4591
64603 27 5592
64604 28 6857
64605 29 4755
64606 30 5955
64607 31 2175
64608 32 2808
64609 33 9826
64610 34 1631
64611 35 4109
64612 36 9097
64613 37 3942
64614 38 5005
64615 39 2739
64616 40 1661
64617 41 2337
64618 42 4623
64619 43 0
64620 44 4421
64621 45 6108
64622 46 6565
64623 47 5358
64624 48 5025
64625 49 5657
64626 50 2264
64627 51 6277
64628 52 7939
64629 53 7070
64630 54 9642
64631 55 10192
64632 56 10442
64633 57 11642
64634 58 6458
64635 59 4333
64636 60 5608
64637 61 5974
64638 62 10742
64639 63 3990
64640 64 8425
64641 65 9758
64642 66 4747
64643 67 7175
64644 68 7058
64645 69 10219
64646 70 11242
64647 71 4068
64648 72 1833
64649 73 10051
64650 74 2617
64651 75 9081
64652 76 3741
64653 77 5742
64654 78 3832
64655 79 3296
64656 80 1647
64657 81 7637
64658 82 6241
64659 83 3843
64660 84 2836
64661 85 5713
64662 86 8346
64663 87 7675
64664 88 9245
64665 89 5253
64666 90 2386
64667 91 10614
64668 92 4842
64669 93 6535
64670 94 5197
64671 95 9218
64672 96 2509
64673 97 1671
64674 98 2839
64675 99 5159
64676 100 0
64677 101 4510
64678 102 2936
64679 103 7894
64680 104 5370
64681 105 6439
64682 106 2003
