2500
64577 1 1379
64578 2 10500
64579 3 2216
64580 4 4998
64581 5 2837
64582 6 1724
64583 7 8172
64584 8 6806
64585 9 0
64586 10 6870
64587 11 2803
64588 12 5058
64589 13 0
64590 14 4425
64591 15 3281
64592 16 1477
64593 17 3476
64594 18 4257
64595 19 1927
64596 20 5188
64597 21 9076
64598 22 6841
64599 23 2882
64600 24 7984
64601 25 0
64602 26 2199
64603 27 7890
64604 28 2236
64605 29 4683
64606 30 6272
64607 31 6538
64608 32 5917
64609 33 0
64610 34 2158
64611 35 4842
64612 36 4923
64613 37 3475
64614 38 6643
64615 39 2630
64616 40 2578
64617 41 3457
64618 42 7067
64619 43 0
64620 44 3880
64621 45 2815
64622 46 5594
64623 47 4248
64624 48 6046
64625 49 2156
64626 50 3575
64627 51 1701
64628 52 5736
64629 53 7393
64630 54 4307
64631 55 1829
64632 56 6212
64633 57 9487
64634 58 7379
64635 59 2955
64636 60 1636
64637 61 8213
64638 62 7256
64639 63 1991
64640 64 5883
64641 65 7968
64642 66 0
64643 67 3692
64644 68 3461
64645 69 10595
64646 70 0
64647 71 6935
64648 72 2631
64649 73 4416
64650 74 0
64651 75 8439
64652 76 4741
64653 77 5905
64654 78 7058
64655 79 5668
64656 80 9219
64657 81 8755
64658 82 2890
64659 83 7977
64660 84 3058
64661 85 6953
64662 86 5364
64663 87 0
64664 88 3427
64665 89 6162
64666 90 2915
64667 91 3162
64668 92 7339
64669 93 6144
64670 94 4342
64671 95 1507
64672 96 2557
64673 97 10011
64674 98 2506
64675 99 6182
64676 100 0
64677 101 3303
64678 102 3171
64679 103 4421
64680 104 5062
64681 105 7206
64682 106 0
64683 107 2925
64684 108 5972
64685 109 4379
64686 110 5453
64687 111 0
64688 112 3558
64689 113 4711
64690 114 4866
64691 115 2152
64692 116 3881
64693 117 2691
64694 118 5347
64695 119 5952
64696 120 10375
64697 121 4789
64698 122 3725
64699 123 2612
64700 124 7549
64701 125 5392
64702 126 8149
64703 127 0
64704 128 3708
64705 129 4082
64706 130 5383
64707 131 2003
