2500
64336 3 81
64577 4 3500
64578 5 4086
64579 6 1872
64580 7 4622
64581 8 7707
64582 9 4942
64583 10 6104
64584 11 6026
64585 12 7763
64586 13 1998
64587 14 4956
64588 15 3957
64589 16 5738
64590 17 2022
64591 18 3052
64592 19 2788
64593 20 1725
64594 21 5158
64595 22 6926
64596 23 0
64597 24 4358
64598 25 5915
64599 26 5983
64600 27 2126
64601 28 4342
64602 29 4115
64603 30 5056
64604 31 1552
64605 32 7432
64606 33 8054
64607 34 7487
64608 35 6262
64609 36 2803
64610 37 1669
64611 38 3452
64612 39 5569
64613 40 2455
64614 41 5147
64615 42 7149
64616 43 0
64617 44 2508
64618 45 6140
64619 46 8397
64620 47 0
64621 48 1607
64622 49 2726
64623 50 7289
64624 51 5674
64625 52 6165
64626 53 2174
64627 54 3142
64628 55 4461
64629 56 3364
64630 57 3955
64631 58 4975
64632 59 5015
64633 60 5851
64634 61 3309
64635 62 0
64636 63 8789
64637 64 5301
64638 65 2531
64639 66 2812
64640 67 4661
64641 68 1756
64642 69 2452
64643 70 6317
64644 71 6986
64645 72 1755
64646 73 6913
64647 74 3566
64648 75 4800
64649 76 4569
64650 77 9473
64651 78 10058
64652 79 6046
64653 80 6854
64654 81 2003
64655 82 2775
64656 83 5199
64657 84 1677
64658 85 4355
64659 86 2631
64660 87 3149
64661 88 6383
64662 89 2842
64663 90 4141
64664 91 0
64665 92 5751
64666 93 5229
64667 94 3211
64668 95 8338
64669 96 0
64670 97 5825
64671 98 5178
64672 99 2846
64673 100 8268
64674 101 0
64675 102 5742
64676 103 2666
64677 104 2808
64678 105 5400
64679 106 0
64680 107 4169
64681 108 2966
64682 109 5497
64683 110 6196
64684 111 3277
64685 112 4986
64686 113 2228
64687 114 7008
64688 115 5421
64689 116 3840
64690 117 3322
64691 118 4292
64692 119 7731
64693 120 8608
64694 121 0
64695 122 7158
64696 123 7155
64697 124 9447
64698 125 6417
64699 126 6809
64700 127 0
64701 128 3918
64702 129 2854
64703 130 7780
64704 131 2446
64705 132 5062
64706 133 3646
64707 134 4803
64708 135 2003
64858 136 1361
64859 137 1361
64860 138 1441
64861 139 1463
64862 140 1562
64863 141 1516
64864 142 1359
64865 143 1365
64866 144 979
64867 145 1029
64868 146 1196
64869 147 1194
64870 148 1329
64871 149 1381
64872 150 1292
64873 151 1306
64874 152 1535
64875 153 1541
64876 154 1355
64877 155 1355
64878 156 1530
64879 157 1537
64880 158 1348
64881 159 1382
64882 160 1368
64883 161 1362
64884 162 1139
64885 163 1153
64886 164 1638
64887 165 1665
64888 166 1665
64889 167 1672
