2500
64577 1 6352
64578 2 6624
64579 3 2454
64580 4 5116
64581 5 3237
64582 6 4438
64583 7 2958
64584 8 5621
64585 9 2285
64586 10 4454
64587 11 4400
64588 12 5136
64589 13 4215
64590 14 6152
64591 15 0
64592 16 9416
64593 17 5106
64594 18 7663
64595 19 6439
64596 20 3152
64597 21 5819
64598 22 3001
64599 23 0
64600 24 4658
64601 25 8161
64602 26 8913
64603 27 8627
64604 28 10158
64605 29 3577
64606 30 7449
64607 31 8675
64608 32 0
64609 33 3312
64610 34 9470
64611 35 2476
64612 36 4506
64613 37 5141
64614 38 5271
64615 39 0
64616 40 2266
64617 41 2960
64618 42 5674
64619 43 3383
64620 44 6381
64621 45 2225
64622 46 2875
64623 47 4716
64624 48 4367
64625 49 4350
64626 50 5488
64627 51 7090
64628 52 2817
64629 53 4626
64630 54 8375
64631 55 2888
64632 56 5488
64633 57 2037
64634 58 4409
64635 59 6415
64636 60 3807
64637 61 2812
64638 62 5035
64639 63 0
64640 64 4049
64641 65 2873
64642 66 5419
64643 67 4071
64644 68 5046
64645 69 2118
64646 70 1348
64647 71 8225
64648 72 2899
64649 73 2875
64650 74 9230
64651 75 2938
64652 76 4227
64653 77 0
64654 78 7508
64655 79 6479
64656 80 4792
64657 81 5158
64658 82 6608
64659 83 8342
64660 84 5958
64661 85 2762
64662 86 6980
64663 87 4625
64664 88 5045
64665 89 7842
64666 90 5475
64667 91 3242
64668 92 7037
64669 93 2975
64670 94 8355
64671 95 9961
64672 96 0
64673 97 4403
64674 98 2746
64675 99 1611
64676 100 4210
64677 101 2270
64678 102 6065
64679 103 5812
64680 104 5034
64681 105 2148
64682 106 4404
64683 107 7183
64684 108 8925
64685 109 5465
64686 110 6211
64687 111 11642
64688 112 1446
64689 113 5264
64690 114 2878
64691 115 2811
64692 116 5693
64693 117 0
64694 118 6375
64695 119 9633
64696 120 4434
64697 121 5287
64698 122 2003
