2500
64577 1 4633
64578 2 8032
64579 3 6248
64580 4 3360
64581 5 5044
64582 6 2558
64583 7 5648
64584 8 3331
64585 9 2542
64586 10 4875
64587 11 5258
64588 12 0
64589 13 3542
64590 14 4145
64591 15 7414
64592 16 2512
64593 17 4161
64594 18 4449
64595 19 3630
64596 20 2044
64597 21 4058
64598 22 4806
64599 23 1449
64600 24 4573
64601 25 3399
64602 26 4842
64603 27 5510
64604 28 4808
64605 29 3131
64606 30 5143
64607 31 2881
64608 32 0
64609 33 3492
64610 34 2308
64611 35 3630
64612 36 5055
64613 37 1650
64614 38 2334
64615 39 2867
64616 40 1645
64617 41 4830
64618 42 5334
64619 43 3229
64620 44 0
64621 45 3025
64622 46 2810
64623 47 5919
64624 48 8012
64625 49 4825
64626 50 2791
64627 51 3003
64628 52 4031
64629 53 5798
64630 54 2192
64631 55 5410
64632 56 2217
64633 57 4125
64634 58 2215
64635 59 4894
64636 60 2459
64637 61 5542
64638 62 4675
64639 63 3026
64640 64 2684
64641 65 5415
64642 66 6093
64643 67 1925
64644 68 5784
64645 69 2953
64646 70 5992
64647 71 5277
64648 72 5475
64649 73 6190
64650 74 1406
64651 75 4202
64652 76 3693
64653 77 5482
64654 78 2175
64655 79 5432
64656 80 2820
64657 81 5467
64658 82 2016
64659 83 4422
64660 84 5675
64661 85 4526
64662 86 1669
64663 87 4453
64664 88 5102
64665 89 3208
64666 90 7776
64667 91 3515
64668 92 5126
64669 93 1672
64670 94 7171
64671 95 2208
64672 96 4202
64673 97 2524
64674 98 4508
64675 99 4146
64676 100 3151
64677 101 6240
64678 102 0
64679 103 2875
64680 104 5759
64681 105 4470
64682 106 1282
64683 107 2562
64684 108 3782
64685 109 1324
64686 110 3196
64687 111 2764
64688 112 3798
64689 113 2469
64690 114 5464
64691 115 1356
64692 116 5677
64693 117 5629
64694 118 2436
64695 119 5848
64696 120 3658
64697 121 6506
64698 122 5586
64699 123 3275
64700 124 6600
64701 125 9959
64702 126 6858
64703 127 0
64704 128 2270
64705 129 2139
64706 130 3330
64707 131 3830
64708 132 4779
64709 133 2280
64710 134 1893
64711 135 2158
64712 136 2326
64713 137 3952
64714 138 2988
64715 139 4932
64716 140 2303
64717 141 5871
64718 142 6099
64719 143 6347
64720 144 6908
64721 145 1921
64722 146 4561
64723 147 5539
64724 148 2003
