2500
64577 1 3350
64578 2 3088
64579 3 6362
64580 4 0
64581 5 3492
64582 6 3438
64583 7 3142
64584 8 5675
64585 9 3552
64586 10 4881
64587 11 2003
64588 12 2257
64589 13 4070
64590 14 4200
64591 15 5841
64592 16 6081
64593 17 2646
64594 18 7847
64595 19 5825
64596 20 5188
64597 21 6375
64598 22 5125
64599 23 2614
64600 24 4837
64601 25 5325
64602 26 1910
64603 27 7411
64604 28 4292
64605 29 1874
64606 30 3929
64607 31 0
64608 32 2208
64609 33 3868
64610 34 2997
64611 35 5318
64612 36 4708
64613 37 4792
64614 38 4875
64615 39 4009
64616 40 4037
64617 41 3035
64618 42 4042
64619 43 4375
64620 44 3991
64621 45 2379
64622 46 5908
64623 47 2009
64624 48 5026
64625 49 2573
64626 50 4193
64627 51 2125
64628 52 4232
64629 53 4057
64630 54 3366
64631 55 7808
64632 56 4629
64633 57 2625
64634 58 3455
64635 59 5384
64636 60 2903
64637 61 7141
64638 62 2506
64639 63 3151
64640 64 1996
64641 65 5529
64642 66 5107
64643 67 4817
64644 68 2450
64645 69 5823
64646 70 1368
64647 71 4595
64648 72 3420
64649 73 3847
64650 74 6688
64651 75 5351
64652 76 0
64653 77 3258
64654 78 2372
64655 79 2909
64656 80 5485
64657 81 1850
64658 82 2214
64659 83 2671
64660 84 1280
64661 85 3976
64662 86 1863
64663 87 4115
64664 88 2816
64665 89 5492
64666 90 1574
64667 91 2709
64668 92 3069
64669 93 3510
64670 94 3858
64671 95 0
64672 96 3225
64673 97 4772
64674 98 3549
64675 99 3211
64676 100 4092
64677 101 3761
64678 102 5620
64679 103 2071
64680 104 1874
64681 105 1499
64682 106 2427
64683 107 3825
64684 108 4747
64685 109 5933
64686 110 0
64687 111 2158
64688 112 2756
64689 113 4388
64690 114 2418
64691 115 4885
64692 116 2375
64693 117 6016
64694 118 4146
64695 119 1924
64696 120 3143
64697 121 4363
64698 122 5817
64699 123 2488
64700 124 2660
64701 125 5991
64702 126 0
64703 127 5858
64704 128 2351
64705 129 3856
64706 130 4367
64707 131 2339
64708 132 1865
64709 133 2289
64710 134 2361
64711 135 4115
64712 136 3514
64713 137 5878
64714 138 2456
64715 139 8003
64716 140 5442
64717 141 6108
64718 142 8592
64719 143 8575
64720 144 4220
64721 145 5465
64722 146 5326
64723 147 5111
64724 148 2570
64725 149 4427
64726 150 5030
64727 151 5322
64728 152 2003
