2500
64577 1 4534
64578 2 3819
64579 3 4232
64580 4 2489
64581 5 0
64582 6 3400
64583 7 3506
64584 8 2617
64585 9 2371
64586 10 3117
64587 11 2264
64588 12 4781
64589 13 2003
64590 14 1491
64591 15 3174
64592 16 5426
64593 17 2367
64594 18 4860
64595 19 2755
64596 20 1349
64597 21 4396
64598 22 5008
64599 23 3679
64600 24 2213
64601 25 1976
64602 26 6685
64603 27 4606
64604 28 2548
64605 29 1527
64606 30 5193
64607 31 2530
64608 32 2527
64609 33 5620
64610 34 0
64611 35 3505
64612 36 4384
64613 37 2517
64614 38 5377
64615 39 6426
64616 40 6842
64617 41 7758
64618 42 3412
64619 43 4836
64620 44 2003
64621 45 4092
64622 46 2233
64623 47 3577
64624 48 2160
64625 49 4158
64626 50 2003
64627 51 2657
64628 52 2802
64629 53 0
64630 54 3258
64631 55 4698
64632 56 5101
64633 57 2003
64634 58 2001
64635 59 3092
64636 60 5084
64637 61 5584
64638 62 4290
64639 63 6519
64640 64 2948
64641 65 3732
64642 66 5836
64643 67 5986
64644 68 5304
64645 69 4258
64646 70 4242
64647 71 6047
64648 72 5516
64649 73 0
64650 74 2346
64651 75 2017
64652 76 3217
64653 77 3641
64654 78 5654
64655 79 2131
64656 80 4608
64657 81 4560
64658 82 4508
64659 83 6857
64660 84 7363
64661 85 4603
64662 86 4071
64663 87 2275
64664 88 4186
64665 89 5308
64666 90 5065
64667 91 3722
64668 92 2942
64669 93 0
64670 94 2988
64671 95 3887
64672 96 3997
64673 97 5726
64674 98 0
64675 99 7125
64676 100 3305
64677 101 4815
64678 102 2172
64679 103 943
64680 104 2266
64681 105 2813
64682 106 5819
64683 107 1869
64684 108 3826
64685 109 6930
64686 110 2824
64687 111 4350
64688 112 2775
64689 113 7147
64690 114 2549
64691 115 4931
64692 116 1521
64693 117 5619
64694 118 5127
64695 119 0
64696 120 2358
64697 121 2453
64698 122 3490
64699 123 5329
64700 124 2401
64701 125 0
64702 126 2191
64703 127 2204
64704 128 3269
64705 129 4660
64706 130 4246
64707 131 2037
64708 132 3792
64709 133 3670
64710 134 4874
64711 135 4693
64712 136 2462
64713 137 5075
64714 138 4648
64715 139 3608
64716 140 3775
64717 141 3502
64718 142 0
64719 143 2442
64720 144 4830
64721 145 1788
64722 146 3656
64723 147 3367
64724 148 2306
64725 149 2391
64726 150 5342
64727 151 1656
64728 152 4047
64729 153 5141
64730 154 3400
64731 155 4408
64732 156 4966
64733 157 0
64734 158 3479
64735 159 3843
64736 160 6675
64737 161 4909
64738 162 2003
