2500
64577 1 2313
64578 2 1841
64579 3 2275
64580 4 5299
64581 5 6688
64582 6 3587
64583 7 4734
64584 8 3575
64585 9 3663
64586 10 5016
64587 11 2817
64588 12 3475
64589 13 2678
64590 14 3907
64591 15 7583
64592 16 1647
64593 17 6973
64594 18 2603
64595 19 6963
64596 20 3208
64597 21 4329
64598 22 1910
64599 23 5890
64600 24 2971
64601 25 0
64602 26 4458
64603 27 7166
64604 28 1841
64605 29 6934
64606 30 5054
64607 31 5464
64608 32 2271
64609 33 2958
64610 34 4415
64611 35 3885
64612 36 4687
64613 37 4215
64614 38 1950
64615 39 3952
64616 40 2873
64617 41 3625
64618 42 5989
64619 43 4053
64620 44 8105
64621 45 8662
64622 46 5567
64623 47 6985
64624 48 2362
64625 49 7967
64626 50 2782
64627 51 7785
64628 52 7415
64629 53 3332
64630 54 5062
64631 55 5223
64632 56 2590
64633 57 5333
64634 58 7892
64635 59 3165
64636 60 2568
64637 61 4541
64638 62 2781
64639 63 6604
64640 64 7508
64641 65 2300
64642 66 7124
64643 67 6073
64644 68 5133
64645 69 2880
64646 70 1528
64647 71 1727
64648 72 6005
64649 73 8510
64650 74 5468
64651 75 7292
64652 76 3358
64653 77 4630
64654 78 1730
64655 79 7507
64656 80 3275
64657 81 4528
64658 82 2296
64659 83 3108
64660 84 6448
64661 85 4560
64662 86 4445
64663 87 2572
64664 88 6028
64665 89 7079
64666 90 2946
64667 91 0
64668 92 2625
64669 93 4651
64670 94 2268
64671 95 6754
64672 96 6842
64673 97 6579
64674 98 9416
64675 99 2643
64676 100 9842
64677 101 4260
64678 102 6064
64679 103 6465
64680 104 2943
64681 105 4899
64682 106 6891
64683 107 2316
64684 108 2421
64685 109 6342
64686 110 1500
64687 111 4983
64688 112 3266
64689 113 9287
64690 114 4487
64691 115 4823
64692 116 5339
64693 117 2689
64694 118 1403
64695 119 5814
64696 120 1906
64697 121 7210
64698 122 4814
64699 123 3522
64700 124 6364
64701 125 7758
64702 126 6980
64703 127 2003
