2500
64577 1 2400
64578 2 1680
64579 3 6243
64580 4 4830
64581 5 1707
64582 6 4368
64583 7 8471
64584 8 1482
64585 9 5496
64586 10 2229
64587 11 4641
64588 12 1553
64589 13 4152
64590 14 2805
64591 15 3668
64592 16 4376
64593 17 0
64594 18 2242
64595 19 3699
64596 20 4337
64597 21 1466
64598 22 6045
64599 23 2869
64600 24 5973
64601 25 4496
64602 26 3353
64603 27 4975
64604 28 4996
64605 29 2225
64606 30 3142
64607 31 7452
64608 32 2731
64609 33 4003
64610 34 3874
64611 35 5880
64612 36 2270
64613 37 8242
64614 38 4732
64615 39 7058
64616 40 2245
64617 41 3392
64618 42 3167
64619 43 3017
64620 44 6992
64621 45 6225
64622 46 2244
64623 47 4647
64624 48 4338
64625 49 2566
64626 50 4986
64627 51 2588
64628 52 6473
64629 53 9858
64630 54 7642
64631 55 7308
64632 56 0
64633 57 5892
64634 58 5746
64635 59 5486
64636 60 2232
64637 61 3504
64638 62 5796
64639 63 3967
64640 64 2380
64641 65 0
64642 66 3808
64643 67 3675
64644 68 5361
64645 69 2211
64646 70 4634
64647 71 6440
64648 72 4527
64649 73 5052
64650 74 7133
64651 75 5734
64652 76 4327
64653 77 1305
64654 78 4950
64655 79 4731
64656 80 2284
64657 81 2725
64658 82 4300
64659 83 3189
64660 84 5263
64661 85 2742
64662 86 6569
64663 87 6791
64664 88 2769
64665 89 1970
64666 90 3878
64667 91 2724
64668 92 2482
64669 93 1991
64670 94 1675
64671 95 5120
64672 96 4933
64673 97 5934
64674 98 2245
64675 99 3758
64676 100 5985
64677 101 4344
64678 102 2030
64679 103 2692
64680 104 3862
64681 105 2979
64682 106 1370
64683 107 3587
64684 108 5223
64685 109 5808
64686 110 4054
64687 111 7317
64688 112 6687
64689 113 4636
64690 114 4066
64691 115 3017
64692 116 6428
64693 117 2039
64694 118 1315
64695 119 6605
64696 120 1965
64697 121 5255
64698 122 2867
64699 123 5449
64700 124 6139
64701 125 5829
64702 126 4604
64703 127 7294
64704 128 0
64705 129 3458
64706 130 4949
64707 131 1852
64708 132 4927
64709 133 2988
64710 134 6007
64711 135 1826
64712 136 5098
64713 137 5691
64714 138 5126
64715 139 3647
64716 140 6620
64717 141 2003
