2500
64577 1 2657
64578 2 2949
64579 3 5211
64580 4 4230
64581 5 5714
64582 6 6170
64583 7 3380
64584 8 4046
64585 9 4758
64586 10 4195
64587 11 6137
64588 12 4855
64589 13 5204
64590 14 4389
64591 15 5621
64592 16 3631
64593 17 5056
64594 18 10210
64595 19 0
64596 20 6812
64597 21 10938
64598 22 2266
64599 23 4187
64600 24 4400
64601 25 5020
64602 26 3133
64603 27 2853
64604 28 4009
64605 29 3703
64606 30 3686
64607 31 4891
64608 32 2339
64609 33 4199
64610 34 4991
64611 35 4166
64612 36 2466
64613 37 5773
64614 38 2947
64615 39 5836
64616 40 6367
64617 41 2177
64618 42 1050
64619 43 2346
64620 44 5949
64621 45 4276
64622 46 5889
64623 47 4291
64624 48 5006
64625 49 6645
64626 50 5646
64627 51 0
64628 52 6736
64629 53 3291
64630 54 4058
64631 55 4777
64632 56 3891
64633 57 0
64634 58 1945
64635 59 2640
64636 60 4831
64637 61 4178
64638 62 6391
64639 63 0
64640 64 2822
64641 65 6103
64642 66 2477
64643 67 3791
64644 68 2748
64645 69 2675
64646 70 4425
64647 71 1574
64648 72 5846
64649 73 7383
64650 74 2003
64651 75 2606
64652 76 3669
64653 77 5566
64654 78 1979
64655 79 4474
64656 80 2285
64657 81 5706
64658 82 5422
64659 83 4074
64660 84 2900
64661 85 4749
64662 86 4651
64663 87 1980
64664 88 3535
64665 89 4505
64666 90 6785
64667 91 2218
64668 92 5023
64669 93 5410
64670 94 6033
64671 95 6798
64672 96 6469
64673 97 0
64674 98 3556
64675 99 8522
64676 100 5077
64677 101 2557
64678 102 4025
64679 103 4959
64680 104 1951
64681 105 3567
64682 106 0
64683 107 5608
64684 108 4411
64685 109 2983
64686 110 5127
64687 111 1489
64688 112 4736
64689 113 0
64690 114 5770
64691 115 4830
64692 116 4125
64693 117 10396
64694 118 5326
64695 119 6074
64696 120 2323
64697 121 2895
64698 122 0
64699 123 4249
64700 124 4734
64701 125 5974
64702 126 6625
64703 127 5665
64704 128 2511
64705 129 6379
64706 130 5495
64707 131 3750
64708 132 4742
64709 133 0
64710 134 3420
64711 135 2783
64712 136 4525
64713 137 6379
64714 138 6445
64715 139 2003
