2500
64577 1 2417
64578 2 2483
64579 3 1403
64580 4 5269
64581 5 1869
64582 6 4307
64583 7 2679
64584 8 11575
64585 9 2215
64586 10 4660
64587 11 5242
64588 12 5375
64589 13 3508
64590 14 4972
64591 15 3094
64592 16 4876
64593 17 2670
64594 18 3961
64595 19 5389
64596 20 4432
64597 21 3770
64598 22 4825
64599 23 1561
64600 24 2373
64601 25 3570
64602 26 2512
64603 27 4558
64604 28 1387
64605 29 2395
64606 30 3674
64607 31 4043
64608 32 2058
64609 33 3754
64610 34 4151
64611 35 5393
64612 36 1903
64613 37 4177
64614 38 2543
64615 39 0
64616 40 4075
64617 41 4267
64618 42 5029
64619 43 1582
64620 44 4558
64621 45 7036
64622 46 5356
64623 47 3895
64624 48 6164
64625 49 0
64626 50 1876
64627 51 3705
64628 52 6131
64629 53 2897
64630 54 5385
64631 55 2174
64632 56 1800
64633 57 1134
64634 58 2405
64635 59 3467
64636 60 3290
64637 61 2369
64638 62 4080
64639 63 5178
64640 64 5025
64641 65 5832
64642 66 4108
64643 67 4284
64644 68 2125
64645 69 4204
64646 70 4803
64647 71 4601
64648 72 2195
64649 73 3025
64650 74 3940
64651 75 5263
64652 76 3871
64653 77 6441
64654 78 2627
64655 79 1325
64656 80 2865
64657 81 5086
64658 82 0
64659 83 3742
64660 84 2450
64661 85 1050
64662 86 4225
64663 87 3439
64664 88 5162
64665 89 3291
64666 90 4542
64667 91 2629
64668 92 3162
64669 93 3625
64670 94 0
64671 95 2017
64672 96 3192
64673 97 4202
64674 98 3652
64675 99 6175
64676 100 3270
64677 101 3190
64678 102 3413
64679 103 2575
64680 104 5656
64681 105 4651
64682 106 2238
64683 107 3475
64684 108 4111
64685 109 5918
64686 110 4900
64687 111 1625
64688 112 3853
64689 113 1794
64690 114 4198
64691 115 5348
64692 116 0
64693 117 2658
64694 118 4233
64695 119 4635
64696 120 4285
64697 121 4256
64698 122 2269
64699 123 3095
64700 124 2641
64701 125 0
64702 126 2858
64703 127 5394
64704 128 4300
64705 129 4080
64706 130 3721
64707 131 2261
64708 132 4860
64709 133 0
64710 134 1434
64711 135 2488
64712 136 2135
64713 137 3037
64714 138 2602
64715 139 0
64716 140 3345
64717 141 4207
64718 142 3552
64719 143 1276
64720 144 4947
64721 145 5126
64722 146 4406
64723 147 2139
64724 148 1766
64725 149 4922
64726 150 1908
64727 151 5029
64728 152 2305
64729 153 2554
64730 154 0
64731 155 2625
64732 156 4802
64733 157 2262
64734 158 4639
64735 159 2763
64736 160 6730
64737 161 0
64738 162 6958
64739 163 4812
64740 164 4502
64741 165 0
64742 166 3475
64743 167 3374
64744 168 4526
64745 169 2003
