2500
64577 1 2227
64578 2 3242
64579 3 5677
64580 4 3341
64581 5 3961
64582 6 2941
64583 7 0
64584 8 3467
64585 9 4587
64586 10 2773
64587 11 6558
64588 12 4932
64589 13 5925
64590 14 2236
64591 15 6158
64592 16 4517
64593 17 2770
64594 18 4142
64595 19 2547
64596 20 5394
64597 21 3522
64598 22 5123
64599 23 4620
64600 24 2503
64601 25 4162
64602 26 3933
64603 27 0
64604 28 3425
64605 29 5282
64606 30 1198
64607 31 5090
64608 32 0
64609 33 5702
64610 34 4662
64611 35 7225
64612 36 2571
64613 37 2843
64614 38 0
64615 39 7042
64616 40 3711
64617 41 4983
64618 42 2130
64619 43 3013
64620 44 6951
64621 45 6441
64622 46 0
64623 47 2208
64624 48 5858
64625 49 2420
64626 50 4337
64627 51 3053
64628 52 2604
64629 53 5211
64630 54 3179
64631 55 5776
64632 56 6543
64633 57 2218
64634 58 2908
64635 59 4911
64636 60 2148
64637 61 2139
64638 62 3907
64639 63 1232
64640 64 6013
64641 65 4465
64642 66 2747
64643 67 0
64644 68 2442
64645 69 3362
64646 70 2730
64647 71 5756
64648 72 3142
64649 73 2805
64650 74 4355
64651 75 4624
64652 76 4801
64653 77 4053
64654 78 9897
64655 79 5252
64656 80 0
64657 81 3992
64658 82 3788
64659 83 2644
64660 84 8054
64661 85 7758
64662 86 6602
64663 87 7556
64664 88 2419
64665 89 4784
64666 90 2003
64667 91 4494
64668 92 1849
64669 93 4671
64670 94 2868
64671 95 1567
64672 96 4309
64673 97 2517
64674 98 4988
64675 99 0
64676 100 5108
64677 101 6358
64678 102 0
64679 103 3613
64680 104 2935
64681 105 1957
64682 106 4333
64683 107 3439
64684 108 4312
64685 109 6847
64686 110 0
64687 111 3542
64688 112 4200
64689 113 3436
64690 114 4658
64691 115 5553
64692 116 2381
64693 117 2266
64694 118 4917
64695 119 5739
64696 120 5715
64697 121 5743
64698 122 1981
64699 123 5252
64700 124 3584
64701 125 0
64702 126 3108
64703 127 4198
64704 128 5306
64705 129 4594
64706 130 3357
64707 131 1810
64708 132 4156
64709 133 3475
64710 134 0
64711 135 3358
64712 136 2697
64713 137 1957
64714 138 2772
64715 139 3864
64716 140 4237
64717 141 2169
64718 142 2658
64719 143 5223
64720 144 5565
64721 145 4626
64722 146 5840
64723 147 3558
64724 148 1480
64725 149 4244
64726 150 0
64727 151 2360
64728 152 2096
64729 153 3510
64730 154 2153
64731 155 2909
64732 156 3919
64733 157 5556
64734 158 2003
