2500
64577 1 2627
64578 2 1590
64579 3 2819
64580 4 2341
64581 5 2388
64582 6 0
64583 7 7863
64584 8 2515
64585 9 2708
64586 10 6591
64587 11 1471
64588 12 3031
64589 13 2927
64590 14 0
64591 15 3250
64592 16 5343
64593 17 2352
64594 18 2702
64595 19 4941
64596 20 2182
64597 21 1365
64598 22 2219
64599 23 4856
64600 24 1725
64601 25 8225
64602 26 4778
64603 27 3408
64604 28 6324
64605 29 2715
64606 30 8291
64607 31 0
64608 32 6008
64609 33 1878
64610 34 3724
64611 35 1875
64612 36 3487
64613 37 2526
64614 38 0
64615 39 3108
64616 40 4280
64617 41 2643
64618 42 2107
64619 43 2793
64620 44 2286
64621 45 4603
64622 46 2229
64623 47 3046
64624 48 1299
64625 49 4637
64626 50 2503
64627 51 4925
64628 52 6435
64629 53 3797
64630 54 0
64631 55 2540
64632 56 5781
64633 57 5071
64634 58 4818
64635 59 3308
64636 60 6584
64637 61 2092
64638 62 4998
64639 63 2838
64640 64 0
64641 65 2617
64642 66 3306
64643 67 6255
64644 68 6558
64645 69 3858
64646 70 7812
64647 71 0
64648 72 2642
64649 73 5861
64650 74 4317
64651 75 2709
64652 76 2392
64653 77 4473
64654 78 1777
64655 79 2698
64656 80 3870
64657 81 5499
64658 82 2649
64659 83 2775
64660 84 4529
64661 85 5108
64662 86 4018
64663 87 1224
64664 88 7670
64665 89 5584
64666 90 6922
64667 91 1743
64668 92 9798
64669 93 1470
64670 94 5179
64671 95 5065
64672 96 0
64673 97 2492
64674 98 3553
64675 99 2645
64676 100 6842
64677 101 5101
64678 102 7051
64679 103 0
64680 104 2613
64681 105 9338
64682 106 2033
64683 107 5870
64684 108 3992
64685 109 7173
64686 110 4946
64687 111 2452
64688 112 4270
64689 113 2701
64690 114 2380
64691 115 4436
64692 116 4988
64693 117 2003
64694 118 7285
64695 119 5195
64696 120 6189
64697 121 2022
64698 122 5764
64699 123 5892
64700 124 4004
64701 125 2492
64702 126 1524
64703 127 3092
64704 128 2520
64705 129 5447
64706 130 6890
64707 131 3535
64708 132 0
64709 133 2829
64710 134 1567
64711 135 6577
64712 136 4958
64713 137 7200
64714 138 4291
64715 139 5475
64716 140 5367
64717 141 6650
64718 142 6558
64719 143 3919
64720 144 7654
64721 145 0
64722 146 6875
64723 147 5210
64724 148 2695
64725 149 4908
64726 150 5442
64727 151 4306
64728 152 2003
