2500
64577 1 2533
64578 2 5451
64579 3 5476
64580 4 1980
64581 5 4643
64582 6 4899
64583 7 2344
64584 8 4566
64585 9 0
64586 10 3525
64587 11 3443
64588 12 4782
64589 13 4602
64590 14 5867
64591 15 4729
64592 16 6337
64593 17 5508
64594 18 6894
64595 19 4153
64596 20 4408
64597 21 3223
64598 22 2005
64599 23 6746
64600 24 0
64601 25 3237
64602 26 5557
64603 27 2567
64604 28 3050
64605 29 4214
64606 30 5984
64607 31 3242
64608 32 6538
64609 33 6127
64610 34 4718
64611 35 5798
64612 36 0
64613 37 2575
64614 38 3404
64615 39 2640
64616 40 3218
64617 41 7796
64618 42 6525
64619 43 4397
64620 44 4863
64621 45 7026
64622 46 2405
64623 47 5125
64624 48 6258
64625 49 5054
64626 50 6219
64627 51 0
64628 52 2811
64629 53 1626
64630 54 4031
64631 55 7461
64632 56 7013
64633 57 8471
64634 58 4883
64635 59 4586
64636 60 3064
64637 61 0
64638 62 7892
64639 63 2633
64640 64 5452
64641 65 8606
64642 66 2414
64643 67 3658
64644 68 5638
64645 69 5720
64646 70 6966
64647 71 8146
64648 72 6699
64649 73 5263
64650 74 4294
64651 75 7292
64652 76 3009
64653 77 4070
64654 78 6358
64655 79 5258
64656 80 2417
64657 81 5293
64658 82 6449
64659 83 2259
64660 84 4830
64661 85 5839
64662 86 5552
64663 87 2629
64664 88 7243
64665 89 1861
64666 90 5022
64667 91 2877
64668 92 6920
64669 93 2575
64670 94 4425
64671 95 3615
64672 96 3316
64673 97 7652
64674 98 5942
64675 99 4733
64676 100 5125
64677 101 8320
64678 102 6375
64679 103 6664
64680 104 5444
64681 105 4759
64682 106 3012
64683 107 5719
64684 108 6968
64685 109 0
64686 110 8429
64687 111 6620
64688 112 2555
64689 113 3944
64690 114 5499
64691 115 3022
64692 116 8640
64693 117 6645
64694 118 0
64695 119 4219
64696 120 3038
64697 121 5722
64698 122 3066
64699 123 8975
64700 124 5148
64701 125 2003
