2500
64577 1 1259
64578 2 4813
64579 3 6148
64580 4 2163
64581 5 6093
64582 6 2437
64583 7 2601
64584 8 4771
64585 9 8708
64586 10 1659
64587 11 3992
64588 12 2411
64589 13 6141
64590 14 6408
64591 15 0
64592 16 3651
64593 17 2225
64594 18 6973
64595 19 5713
64596 20 5842
64597 21 2260
64598 22 5960
64599 23 3789
64600 24 0
64601 25 3025
64602 26 3000
64603 27 2284
64604 28 5407
64605 29 0
64606 30 4825
64607 31 2415
64608 32 7340
64609 33 2273
64610 34 6077
64611 35 2752
64612 36 4867
64613 37 2155
64614 38 5117
64615 39 3052
64616 40 5525
64617 41 4642
64618 42 0
64619 43 3342
64620 44 2427
64621 45 4230
64622 46 4632
64623 47 1695
64624 48 2115
64625 49 3810
64626 50 5007
64627 51 7107
64628 52 4667
64629 53 5268
64630 54 2618
64631 55 2101
64632 56 3879
64633 57 0
64634 58 2571
64635 59 2433
64636 60 9028
64637 61 1501
64638 62 4875
64639 63 0
64640 64 3231
64641 65 1953
64642 66 3376
64643 67 3529
64644 68 2592
64645 69 5152
64646 70 5827
64647 71 3080
64648 72 0
64649 73 5202
64650 74 5118
64651 75 4313
64652 76 0
64653 77 5825
64654 78 5268
64655 79 1891
64656 80 2757
64657 81 11103
64658 82 2339
64659 83 5323
64660 84 5425
64661 85 5725
64662 86 1294
64663 87 8535
64664 88 3943
64665 89 2058
64666 90 5920
64667 91 4436
64668 92 2003
64669 93 5233
64670 94 3332
64671 95 2710
64672 96 1720
64673 97 3239
64674 98 3940
64675 99 0
64676 100 3075
64677 101 2285
64678 102 3037
64679 103 4117
64680 104 2151
64681 105 1251
64682 106 3108
64683 107 4611
64684 108 1655
64685 109 4213
64686 110 2384
64687 111 2928
64688 112 1652
64689 113 5249
64690 114 4033
64691 115 4082
64692 116 5308
64693 117 0
64694 118 2825
64695 119 3676
64696 120 2471
64697 121 4074
64698 122 5114
64699 123 2358
64700 124 2647
64701 125 6425
64702 126 1378
64703 127 3812
64704 128 4264
64705 129 2594
64706 130 2642
64707 131 4037
64708 132 2382
64709 133 2659
64710 134 0
64711 135 3308
64712 136 2589
64713 137 4319
64714 138 5450
64715 139 2189
64716 140 2892
64717 141 4575
64718 142 1676
64719 143 5867
64720 144 3450
64721 145 4386
64722 146 4340
64723 147 1928
64724 148 5476
64725 149 2263
64726 150 5401
64727 151 1930
64728 152 4248
64729 153 1666
64730 154 4977
64731 155 3060
64732 156 4620
64733 157 0
64734 158 2301
64735 159 6098
64736 160 3649
64737 161 2584
64738 162 3619
64739 163 4456
64740 164 2003
