2500
64577 1 2800
64578 2 5793
64579 3 3902
64580 4 5444
64581 5 2918
64582 6 6082
64583 7 5233
64584 8 6700
64585 9 4514
64586 10 4175
64587 11 7225
64588 12 7522
64589 13 0
64590 14 2780
64591 15 6710
64592 16 6190
64593 17 2470
64594 18 5379
64595 19 5192
64596 20 5996
64597 21 5408
64598 22 1999
64599 23 5793
64600 24 6895
64601 25 5529
64602 26 8108
64603 27 7240
64604 28 9242
64605 29 0
64606 30 1964
64607 31 6443
64608 32 7185
64609 33 1357
64610 34 5779
64611 35 2623
64612 36 7812
64613 37 7858
64614 38 6307
64615 39 7331
64616 40 3670
64617 41 4707
64618 42 0
64619 43 2208
64620 44 4649
64621 45 4686
64622 46 2344
64623 47 5665
64624 48 3495
64625 49 2928
64626 50 2537
64627 51 3950
64628 52 1283
64629 53 6368
64630 54 4612
64631 55 2058
64632 56 5524
64633 57 9349
64634 58 0
64635 59 4775
64636 60 7734
64637 61 0
64638 62 2134
64639 63 2855
64640 64 2606
64641 65 8807
64642 66 4028
64643 67 4246
64644 68 2003
64645 69 2622
64646 70 5453
64647 71 5621
64648 72 7895
64649 73 2497
64650 74 4498
64651 75 6408
64652 76 3658
64653 77 9690
64654 78 0
64655 79 2724
64656 80 7957
64657 81 5961
64658 82 5702
64659 83 0
64660 84 2091
64661 85 4857
64662 86 4214
64663 87 2466
64664 88 7581
64665 89 7192
64666 90 5713
64667 91 2157
64668 92 2758
64669 93 4536
64670 94 2413
64671 95 4934
64672 96 4476
64673 97 0
64674 98 2438
64675 99 5231
64676 100 6388
64677 101 4895
64678 102 5732
64679 103 4800
64680 104 6397
64681 105 0
64682 106 8258
64683 107 2284
64684 108 3115
64685 109 1840
64686 110 1454
64687 111 5995
64688 112 0
64689 113 7158
64690 114 2474
64691 115 4418
64692 116 5140
64693 117 1747
64694 118 2525
64695 119 3263
64696 120 4358
64697 121 8616
64698 122 4094
64699 123 4988
64700 124 2650
64701 125 5053
64702 126 3261
64703 127 4180
64704 128 2743
64705 129 0
64706 130 2758
64707 131 3544
64708 132 7018
64709 133 6176
64710 134 2003
