2500
64577 1 7867
64578 2 2518
64579 3 0
64580 4 2807
64581 5 2796
64582 6 5465
64583 7 4607
64584 8 4608
64585 9 2167
64586 10 2358
64587 11 4028
64588 12 2512
64589 13 4402
64590 14 8625
64591 15 6128
64592 16 0
64593 17 2375
64594 18 2941
64595 19 1536
64596 20 3909
64597 21 1783
64598 22 4637
64599 23 4881
64600 24 4086
64601 25 2094
64602 26 8548
64603 27 2602
64604 28 5468
64605 29 2525
64606 30 8659
64607 31 2316
64608 32 2802
64609 33 2975
64610 34 4862
64611 35 1920
64612 36 6811
64613 37 1746
64614 38 1602
64615 39 5018
64616 40 4285
64617 41 4329
64618 42 0
64619 43 6292
64620 44 2593
64621 45 2921
64622 46 8241
64623 47 6262
64624 48 2300
64625 49 5648
64626 50 4545
64627 51 5987
64628 52 4948
64629 53 1858
64630 54 6232
64631 55 4816
64632 56 2677
64633 57 4912
64634 58 2800
64635 59 4776
64636 60 2752
64637 61 6167
64638 62 1459
64639 63 2304
64640 64 4099
64641 65 4912
64642 66 7515
64643 67 2321
64644 68 3158
64645 69 4384
64646 70 4195
64647 71 1272
64648 72 4227
64649 73 5693
64650 74 1942
64651 75 6580
64652 76 2695
64653 77 3568
64654 78 2851
64655 79 5577
64656 80 5405
64657 81 2220
64658 82 3508
64659 83 5560
64660 84 3758
64661 85 4144
64662 86 6727
64663 87 2446
64664 88 5278
64665 89 0
64666 90 6508
64667 91 2706
64668 92 4876
64669 93 5862
64670 94 2151
64671 95 3475
64672 96 8187
64673 97 4989
64674 98 1415
64675 99 3663
64676 100 2469
64677 101 2768
64678 102 2761
64679 103 3930
64680 104 3284
64681 105 5705
64682 106 4299
64683 107 4292
64684 108 4069
64685 109 2192
64686 110 4208
64687 111 4549
64688 112 2918
64689 113 4711
64690 114 7325
64691 115 5081
64692 116 4309
64693 117 3990
64694 118 1688
64695 119 6700
64696 120 2558
64697 121 7522
64698 122 3332
64699 123 5905
64700 124 0
64701 125 2608
64702 126 8416
64703 127 2465
64704 128 3907
64705 129 0
64706 130 3992
64707 131 2799
64708 132 4643
64709 133 8283
64710 134 6675
64711 135 6408
64712 136 1775
64713 137 1377
64714 138 3538
64715 139 3734
64716 140 0
64717 141 6592
64718 142 4418
64719 143 3000
64720 144 6121
64721 145 6434
64722 146 2003
