2500
64577 1 1371
64578 2 1408
64579 3 3588
64580 4 1869
64581 5 5968
64582 6 2515
64583 7 6237
64584 8 2888
64585 9 2693
64586 10 2978
64587 11 6910
64588 12 1568
64589 13 6829
64590 14 1428
64591 15 5906
64592 16 4669
64593 17 5083
64594 18 0
64595 19 3500
64596 20 4858
64597 21 4809
64598 22 5432
64599 23 6501
64600 24 2840
64601 25 5370
64602 26 4867
64603 27 3505
64604 28 5923
64605 29 2042
64606 30 2742
64607 31 5247
64608 32 5765
64609 33 2477
64610 34 3551
64611 35 1757
64612 36 5369
64613 37 1671
64614 38 6028
64615 39 4142
64616 40 3053
64617 41 4953
64618 42 7742
64619 43 4253
64620 44 1675
64621 45 3288
64622 46 6775
64623 47 4905
64624 48 0
64625 49 5192
64626 50 5581
64627 51 1810
64628 52 4053
64629 53 2946
64630 54 1410
64631 55 4745
64632 56 1805
64633 57 4283
64634 58 2853
64635 59 4558
64636 60 1490
64637 61 2965
64638 62 4431
64639 63 3365
64640 64 4440
64641 65 0
64642 66 3492
64643 67 5443
64644 68 3881
64645 69 4238
64646 70 3980
64647 71 5250
64648 72 5137
64649 73 1784
64650 74 2589
64651 75 5734
64652 76 2712
64653 77 4866
64654 78 2629
64655 79 3802
64656 80 3092
64657 81 6640
64658 82 2848
64659 83 6626
64660 84 4931
64661 85 2360
64662 86 3678
64663 87 2845
64664 88 0
64665 89 4475
64666 90 8796
64667 91 2369
64668 92 5836
64669 93 5665
64670 94 8030
64671 95 2182
64672 96 9025
64673 97 8525
64674 98 8392
64675 99 9321
64676 100 6234
64677 101 6840
64678 102 8058
64679 103 8253
64680 104 5560
64681 105 2909
64682 106 0
64683 107 3458
64684 108 5179
64685 109 7294
64686 110 3826
64687 111 2315
64688 112 5148
64689 113 2932
64690 114 3210
64691 115 4598
64692 116 7275
64693 117 5626
64694 118 2157
64695 119 8071
64696 120 8658
64697 121 0
64698 122 2692
64699 123 5822
64700 124 7490
64701 125 2582
64702 126 4799
64703 127 2156
64704 128 4874
64705 129 6673
64706 130 6526
64707 131 2875
64708 132 8437
64709 133 4273
64710 134 8014
64711 135 2003
