2500
64577 1 4967
64578 2 5069
64579 3 5975
64580 4 7611
64581 5 10102
64582 6 5016
64583 7 4686
64584 8 2485
64585 9 4501
64586 10 6229
64587 11 7651
64588 12 3649
64589 13 4016
64590 14 0
64591 15 3384
64592 16 2635
64593 17 3654
64594 18 0
64595 19 3458
64596 20 5702
64597 21 4364
64598 22 2830
64599 23 4062
64600 24 2221
64601 25 3048
64602 26 9336
64603 27 3025
64604 28 4000
64605 29 4026
64606 30 8234
64607 31 0
64608 32 2420
64609 33 5930
64610 34 4213
64611 35 4529
64612 36 2418
64613 37 2525
64614 38 3758
64615 39 2193
64616 40 2734
64617 41 5161
64618 42 3002
64619 43 4099
64620 44 2775
64621 45 5922
64622 46 2254
64623 47 4525
64624 48 4942
64625 49 2346
64626 50 9307
64627 51 2795
64628 52 5851
64629 53 1645
64630 54 3487
64631 55 3458
64632 56 5227
64633 57 6346
64634 58 8224
64635 59 4793
64636 60 2592
64637 61 8675
64638 62 3490
64639 63 2184
64640 64 2792
64641 65 5308
64642 66 3227
64643 67 4312
64644 68 4477
64645 69 6087
64646 70 2644
64647 71 3058
64648 72 5962
64649 73 3742
64650 74 2743
64651 75 6908
64652 76 5578
64653 77 0
64654 78 5075
64655 79 2439
64656 80 6229
64657 81 5041
64658 82 2162
64659 83 2758
64660 84 1545
64661 85 2012
64662 86 7892
64663 87 2558
64664 88 1914
64665 89 6027
64666 90 0
64667 91 6642
64668 92 2724
64669 93 4229
64670 94 3378
64671 95 5975
64672 96 2204
64673 97 9558
64674 98 1815
64675 99 5955
64676 100 0
64677 101 2042
64678 102 2762
64679 103 8543
64680 104 4561
64681 105 2425
64682 106 3026
64683 107 7441
64684 108 1661
64685 109 7811
64686 110 1755
64687 111 4702
64688 112 5504
64689 113 3389
64690 114 1892
64691 115 6519
64692 116 1713
64693 117 6639
64694 118 3474
64695 119 6508
64696 120 1867
64697 121 7020
64698 122 12158
64699 123 2433
64700 124 5319
64701 125 2858
64702 126 4599
64703 127 5865
64704 128 5869
64705 129 0
64706 130 2742
64707 131 5721
64708 132 2435
64709 133 4230
64710 134 4674
64711 135 3035
64712 136 5553
64713 137 2976
64714 138 5490
64715 139 2003
