2500
64577 1 2750
64578 2 4072
64579 3 4555
64580 4 2417
64581 5 4531
64582 6 4893
64583 7 1505
64584 8 6515
64585 9 2229
64586 10 5355
64587 11 6312
64588 12 1961
64589 13 6410
64590 14 5919
64591 15 6334
64592 16 0
64593 17 7258
64594 18 4743
64595 19 0
64596 20 8175
64597 21 6592
64598 22 4975
64599 23 0
64600 24 3192
64601 25 6309
64602 26 5108
64603 27 2342
64604 28 2315
64605 29 5439
64606 30 3032
64607 31 8054
64608 32 4325
64609 33 2141
64610 34 3058
64611 35 7474
64612 36 1597
64613 37 4159
64614 38 2623
64615 39 5460
64616 40 2042
64617 41 6776
64618 42 0
64619 43 2438
64620 44 4510
64621 45 4963
64622 46 4137
64623 47 6041
64624 48 11272
64625 49 0
64626 50 3308
64627 51 6780
64628 52 5475
64629 53 2904
64630 54 2726
64631 55 6423
64632 56 4996
64633 57 5753
64634 58 2106
64635 59 2958
64636 60 5355
64637 61 3164
64638 62 2738
64639 63 5089
64640 64 2055
64641 65 4542
64642 66 0
64643 67 6308
64644 68 2897
64645 69 4936
64646 70 8106
64647 71 2196
64648 72 3458
64649 73 1481
64650 74 1874
64651 75 7427
64652 76 2475
64653 77 3419
64654 78 5946
64655 79 0
64656 80 4542
64657 81 5801
64658 82 4291
64659 83 3361
64660 84 7112
64661 85 1963
64662 86 7105
64663 87 7892
64664 88 1832
64665 89 3985
64666 90 2797
64667 91 0
64668 92 3092
64669 93 7639
64670 94 2363
64671 95 2246
64672 96 1382
64673 97 1828
64674 98 7840
64675 99 2625
64676 100 1745
64677 101 5908
64678 102 0
64679 103 3708
64680 104 3006
64681 105 4826
64682 106 5783
64683 107 2242
64684 108 3375
64685 109 1503
64686 110 1787
64687 111 7759
64688 112 2492
64689 113 1740
64690 114 5961
64691 115 0
64692 116 4175
64693 117 4242
64694 118 3762
64695 119 1796
64696 120 2502
64697 121 2868
64698 122 7359
64699 123 3049
64700 124 4997
64701 125 4592
64702 126 6641
64703 127 0
64704 128 4992
64705 129 2653
64706 130 2685
64707 131 4764
64708 132 4086
64709 133 2220
64710 134 1560
64711 135 3232
64712 136 3896
64713 137 3645
64714 138 4289
64715 139 3786
64716 140 2309
64717 141 4013
64718 142 5168
64719 143 6858
64720 144 0
64721 145 6108
64722 146 2958
64723 147 6174
64724 148 5474
64725 149 2003
