1024
0 1 0
1 3 0
32 4 0
48 5 0
49 6 0
50 7 0
51 8 0
52 9 0
53 10 0
54 11 0
55 12 0
56 13 0
57 14 0
97 15 0
104 16 0
114 17 0
115 18 0
117 19 0
57344 20 1209
57345 21 1943
57346 22 1343
57347 23 2314
57348 24 1763
57349 25 1856
57350 26 2104
57351 27 2030
57352 28 2380
57353 29 1692
57360 30 1518
57361 31 1103
57362 32 1779
57363 33 1774
57364 34 2243
57365 35 1630
57366 36 1618
57367 37 1639
57368 38 2258
57369 39 1806
57376 40 1329
57377 41 2341
57378 42 1577
57379 43 2243
57380 44 2144
57381 45 2353
57382 46 1865
57383 47 2018
57384 48 2155
57385 49 2738
57392 50 1669
57393 51 2155
57394 52 2163
57395 53 2497
57396 54 1487
57397 55 1240
57398 56 1064
57399 57 2435
57400 58 1141
57401 59 1723
57408 60 1497
57409 61 2128
57410 62 2066
57411 63 1716
57412 64 2405
57413 65 2046
57414 66 2262
57415 67 1932
57416 68 1998
57417 69 2165
57424 70 1074
57425 71 2427
57426 72 1790
57427 73 1857
57428 74 2038
57429 75 1907
57430 76 2252
57431 77 2145
57432 78 2355
57433 79 1524
57440 80 2298
57441 81 1904
57442 82 1861
57443 83 2292
57444 84 2211
57445 85 2275
57446 86 2654
57447 87 1525
57448 88 2098
57449 89 1789
57456 90 2109
57457 91 1139
57458 92 1230
57459 93 1850
57460 94 1857
57461 95 2238
57462 96 1862
57463 97 2379
57464 98 1551
57465 99 2284
57472 100 1537
57473 101 2185
57474 102 2360
57475 103 2352
57476 104 2316
57477 105 1723
57478 106 2023
57479 107 1637
57480 108 2265
57481 109 1961
57488 110 1745
57489 111 1911
57490 112 1508
57491 113 1861
57492 114 1692
57493 115 1407
57494 116 1955
57495 117 2025
57496 118 1740
57497 119 1594
57600 120 2479
57601 121 2057
57602 122 1947
57603 123 1776
57604 124 1873
57605 125 2113
57606 126 1468
57607 127 2203
57608 128 1893
57609 129 2369
57616 130 1515
57617 131 1464
57618 132 2387
57619 133 1891
57620 134 1886
57621 135 0
